

===VERSION 1.26===
---GAME START @ 2015-6-8-22-30-16---

-0>
game start(id=replay)
wait registration for 30 seconds
reg: 2222 DSB  reg: 3333 Zi need_notify 
reg: 8888 yjk need_notify 
reg: 5555 JunLinTianXia 
reg: 7777 CQchappie need_notify 
reg: 4444 DSNJU 
reg: 6666 DSNJU 
reg: 1111 ShuQi need_notify  
close registration

-1>
reg: player id=1111 name=ShuQi money=4000
-2>
reg: player id=2222 name=DSB money=4000
-3>
reg: player id=3333 name=Zi money=4000
-4>
reg: player id=4444 name=DSNJU money=4000
-5>
reg: player id=5555 name=JunLinTianXia money=4000
-6>
reg: player id=6666 name=DSNJU money=4000
-7>
reg: player id=7777 name=CQchappie money=4000
-8>
reg: player id=8888 name=yjk money=4000
-----1 Hand-----

----- clean player data in socket -----

-9>
game(id=replay) new hand 1 start...seat/ 
button: 4444 2000 2000 
small blind: 6666 2000 2000 
big blind: 8888 2000 2000 
5555 2000 2000 
1111 2000 2000 
3333 2000 2000 
7777 2000 2000 
2222 2000 2000 
/seat 

-10>
seat/ 
button: 4444 2000 2000 
small blind: 6666 2000 2000 
big blind: 8888 2000 2000 
5555 2000 2000 
1111 2000 2000 
3333 2000 2000 
7777 2000 2000 
2222 2000 2000 
/seat 

-11>
score of 6666: 1 2000 2000 0
-12>
score of 8888: 1 2000 2000 0
-13>
score of 5555: 1 2000 2000 0
-14>
score of 1111: 1 2000 2000 0
-15>
score of 3333: 1 2000 2000 0
-16>
score of 7777: 1 2000 2000 0
-17>
score of 2222: 1 2000 2000 0
-18>
score of 4444: 1 2000 2000 0
-19>
player 6666 action blind
-20>
player 6666 bet 20 rest 1980
-21>
pot num 20 current bet 20 least raise 40
-22>
player 8888 action blind
-23>
player 8888 bet 40 rest 1960
-24>
pot num 60 current bet 40 least raise 40blind/ 
6666: 20 
8888: 40 
/blind 

-25>
player 6666:hold/ 
CLUBS 9 
SPADES 7 
/hold 
player 6666:hold/ 
CLUBS 9 
SPADES 7 
/hold 

-26>
player 8888:hold/ 
SPADES 9 
SPADES 8 
/hold 
player 8888:hold/ 
SPADES 9 
SPADES 8 
/hold 

-27>
player 5555:hold/ 
CLUBS 5 
DIAMONDS 9 
/hold 
player 5555:hold/ 
CLUBS 5 
DIAMONDS 9 
/hold 

-28>
player 1111:hold/ 
SPADES 10 
CLUBS Q 
/hold 
player 1111:hold/ 
SPADES 10 
CLUBS Q 
/hold 

-29>
player 3333:hold/ 
DIAMONDS 3 
HEARTS Q 
/hold 
player 3333:hold/ 
DIAMONDS 3 
HEARTS Q 
/hold 

-30>
player 7777:hold/ 
DIAMONDS Q 
CLUBS A 
/hold 
player 7777:hold/ 
DIAMONDS Q 
CLUBS A 
/hold 

-31>
player 2222:hold/ 
SPADES Q 
CLUBS K 
/hold 
player 2222:hold/ 
SPADES Q 
CLUBS K 
/hold 

-32>
player 4444:hold/ 
DIAMONDS A 
SPADES J 
/hold 
player 4444:hold/ 
DIAMONDS A 
SPADES J 
/hold 

---pre flop round bet---
valid player: 8, all in player: 0, fold player: 0

send inquire msg to player 5555(seat:2) 
inquire/ 
8888 1960 2000 40 blind 
6666 1980 2000 20 blind 
total pot: 60 
/inquire 
recv from player 5555: fold 


-33>
player 5555 action fold
-34>
player 5555 bet 0 rest 2000
-35>
pot num 60 current bet 40 least raise 40
send inquire msg to player 1111(seat:3) 
inquire/ 
5555 2000 2000 0 fold 
8888 1960 2000 40 blind 
6666 1980 2000 20 blind 
total pot: 60 
/inquire 
recv from player 1111: fold 


-36>
player 1111 action fold
-37>
player 1111 bet 0 rest 2000
-38>
pot num 60 current bet 40 least raise 40
send inquire msg to player 3333(seat:4) 
inquire/ 
1111 2000 2000 0 fold 
5555 2000 2000 0 fold 
8888 1960 2000 40 blind 
6666 1980 2000 20 blind 
total pot: 60 
/inquire 
recv from player 3333: fold 


-39>
player 3333 action fold
-40>
player 3333 bet 0 rest 2000
-41>
pot num 60 current bet 40 least raise 40
send inquire msg to player 7777(seat:5) 
inquire/ 
3333 2000 2000 0 fold 
1111 2000 2000 0 fold 
5555 2000 2000 0 fold 
8888 1960 2000 40 blind 
6666 1980 2000 20 blind 
total pot: 60 
/inquire 
recv from player 7777: raise 40 


-42>
player 7777 action raise
-43>
player 7777 bet 80 rest 1920
-44>
pot num 140 current bet 80 least raise 40
send inquire msg to player 2222(seat:6) 
inquire/ 
7777 1920 2000 80 raise 
3333 2000 2000 0 fold 
1111 2000 2000 0 fold 
5555 2000 2000 0 fold 
8888 1960 2000 40 blind 
6666 1980 2000 20 blind 
total pot: 140 
/inquire 
recv from player 2222: call 

-45>
player 2222 action call
-46>
player 2222 bet 80 rest 1920
-47>
pot num 220 current bet 80 least raise 40
send inquire msg to player 4444(seat:7) 
inquire/ 
2222 1920 2000 80 call 
7777 1920 2000 80 raise 
3333 2000 2000 0 fold 
1111 2000 2000 0 fold 
5555 2000 2000 0 fold 
8888 1960 2000 40 blind 
6666 1980 2000 20 blind 
total pot: 220 
/inquire 
recv from player 4444: fold


-48>
player 4444 action fold
-49>
player 4444 bet 0 rest 2000
-50>
pot num 220 current bet 80 least raise 40
send inquire msg to player 6666(seat:0) 
inquire/ 
4444 2000 2000 0 fold 
2222 1920 2000 80 call 
7777 1920 2000 80 raise 
3333 2000 2000 0 fold 
1111 2000 2000 0 fold 
5555 2000 2000 0 fold 
8888 1960 2000 40 blind 
6666 1980 2000 20 blind 
total pot: 220 
/inquire 
recv from player 6666: fold


-51>
player 6666 action fold
-52>
player 6666 bet 20 rest 1980
-53>
pot num 220 current bet 80 least raise 40
send inquire msg to player 8888(seat:1) 
inquire/ 
6666 1980 2000 20 fold 
4444 2000 2000 0 fold 
2222 1920 2000 80 call 
7777 1920 2000 80 raise 
3333 2000 2000 0 fold 
1111 2000 2000 0 fold 
5555 2000 2000 0 fold 
8888 1960 2000 40 blind 
total pot: 220 
/inquire 
recv from player 8888: call 


-54>
player 8888 action call
-55>
player 8888 bet 80 rest 1920
-56>
pot num 260 current bet 80 least raise 40valid player: 8, all in player: 0, fold player: 5

----- send notify msg from 2 to 0(exclude) -----

player 5555(seat:2) doesn't need notify-msg

send notify msg to player 1111(seat:3) 
notify/ 
5555 2000 2000 0 fold 
8888 1920 2000 80 call 
6666 1980 2000 20 fold 
4444 2000 2000 0 fold 
2222 1920 2000 80 call 
7777 1920 2000 80 raise 
3333 2000 2000 0 fold 
1111 2000 2000 0 fold 
total pot: 260 
/notify 

send notify msg to player 3333(seat:4) 
notify/ 
1111 2000 2000 0 fold 
5555 2000 2000 0 fold 
8888 1920 2000 80 call 
6666 1980 2000 20 fold 
4444 2000 2000 0 fold 
2222 1920 2000 80 call 
7777 1920 2000 80 raise 
3333 2000 2000 0 fold 
total pot: 260 
/notify 

send notify msg to player 7777(seat:5) 
notify/ 
3333 2000 2000 0 fold 
1111 2000 2000 0 fold 
5555 2000 2000 0 fold 
8888 1920 2000 80 call 
6666 1980 2000 20 fold 
4444 2000 2000 0 fold 
2222 1920 2000 80 call 
7777 1920 2000 80 raise 
total pot: 260 
/notify 

player 2222(seat:6) doesn't need notify-msg

player 4444(seat:7) doesn't need notify-msg
flop/ 
HEARTS 2 
SPADES A 
HEARTS 6 
/flop 

-57>
flop/ 
HEARTS 2 
SPADES A 
HEARTS 6 
/flop 

---flop round bet---
valid player: 8, all in player: 0, fold player: 5

player 6666(seat:0) doesn't need notify-msg

send inquire msg to player 8888(seat:1) 
inquire/ 
6666 1980 2000 20 fold 
4444 2000 2000 0 fold 
2222 1920 2000 80 call 
7777 1920 2000 80 raise 
3333 2000 2000 0 fold 
1111 2000 2000 0 fold 
5555 2000 2000 0 fold 
8888 1920 2000 80 call 
total pot: 260 
/inquire 
recv from player 8888: fold 


-58>
player 8888 action fold
-59>
player 8888 bet 80 rest 1920
-60>
pot num 260 current bet 80 least raise 40
player 5555(seat:2) doesn't need notify-msg

send notify msg to player 1111(seat:3) 
notify/ 
5555 2000 2000 0 fold 
8888 1920 2000 80 fold 
6666 1980 2000 20 fold 
4444 2000 2000 0 fold 
2222 1920 2000 80 call 
7777 1920 2000 80 raise 
3333 2000 2000 0 fold 
1111 2000 2000 0 fold 
total pot: 260 
/notify 

send notify msg to player 3333(seat:4) 
notify/ 
1111 2000 2000 0 fold 
5555 2000 2000 0 fold 
8888 1920 2000 80 fold 
6666 1980 2000 20 fold 
4444 2000 2000 0 fold 
2222 1920 2000 80 call 
7777 1920 2000 80 raise 
3333 2000 2000 0 fold 
total pot: 260 
/notify 

send inquire msg to player 7777(seat:5) 
inquire/ 
3333 2000 2000 0 fold 
1111 2000 2000 0 fold 
5555 2000 2000 0 fold 
8888 1920 2000 80 fold 
6666 1980 2000 20 fold 
4444 2000 2000 0 fold 
2222 1920 2000 80 call 
7777 1920 2000 80 raise 
total pot: 260 
/inquire 
recv from player 7777: check 


-61>
player 7777 action check
-62>
player 7777 bet 80 rest 1920
-63>
pot num 260 current bet 80 least raise 40
send inquire msg to player 2222(seat:6) 
inquire/ 
7777 1920 2000 80 check 
3333 2000 2000 0 fold 
1111 2000 2000 0 fold 
5555 2000 2000 0 fold 
8888 1920 2000 80 fold 
6666 1980 2000 20 fold 
4444 2000 2000 0 fold 
2222 1920 2000 80 call 
total pot: 260 
/inquire 
recv from player 2222: raise 100 

-64>
player 2222 action raise
-65>
player 2222 bet 180 rest 1820
-66>
pot num 360 current bet 180 least raise 100
player 4444(seat:7) doesn't need notify-msg

player 6666(seat:0) doesn't need notify-msg

send notify msg to player 8888(seat:1) 
notify/ 
6666 1980 2000 20 fold 
4444 2000 2000 0 fold 
2222 1820 2000 180 raise 
7777 1920 2000 80 check 
3333 2000 2000 0 fold 
1111 2000 2000 0 fold 
5555 2000 2000 0 fold 
8888 1920 2000 80 fold 
total pot: 360 
/notify 

player 5555(seat:2) doesn't need notify-msg

send notify msg to player 1111(seat:3) 
notify/ 
5555 2000 2000 0 fold 
8888 1920 2000 80 fold 
6666 1980 2000 20 fold 
4444 2000 2000 0 fold 
2222 1820 2000 180 raise 
7777 1920 2000 80 check 
3333 2000 2000 0 fold 
1111 2000 2000 0 fold 
total pot: 360 
/notify 

send notify msg to player 3333(seat:4) 
notify/ 
1111 2000 2000 0 fold 
5555 2000 2000 0 fold 
8888 1920 2000 80 fold 
6666 1980 2000 20 fold 
4444 2000 2000 0 fold 
2222 1820 2000 180 raise 
7777 1920 2000 80 check 
3333 2000 2000 0 fold 
total pot: 360 
/notify 

send inquire msg to player 7777(seat:5) 
inquire/ 
3333 2000 2000 0 fold 
1111 2000 2000 0 fold 
5555 2000 2000 0 fold 
8888 1920 2000 80 fold 
6666 1980 2000 20 fold 
4444 2000 2000 0 fold 
2222 1820 2000 180 raise 
7777 1920 2000 80 check 
total pot: 360 
/inquire 
recv from player 7777: call 


-67>
player 7777 action call
-68>
player 7777 bet 180 rest 1820
-69>
pot num 460 current bet 180 least raise 100valid player: 8, all in player: 0, fold player: 6

----- send notify msg from 6 to 0(exclude) -----

player 2222(seat:6) doesn't need notify-msg

player 4444(seat:7) doesn't need notify-msg
turn/ 
CLUBS 3 
/turn 

-70>
turn/ 
CLUBS 3 
/turn 

---turn round bet---
valid player: 8, all in player: 0, fold player: 6

player 6666(seat:0) doesn't need notify-msg

send notify msg to player 8888(seat:1) 
notify/ 
6666 1980 2000 20 fold 
4444 2000 2000 0 fold 
2222 1820 2000 180 raise 
7777 1820 2000 180 call 
3333 2000 2000 0 fold 
1111 2000 2000 0 fold 
5555 2000 2000 0 fold 
8888 1920 2000 80 fold 
total pot: 460 
/notify 

player 5555(seat:2) doesn't need notify-msg

send notify msg to player 1111(seat:3) 
notify/ 
5555 2000 2000 0 fold 
8888 1920 2000 80 fold 
6666 1980 2000 20 fold 
4444 2000 2000 0 fold 
2222 1820 2000 180 raise 
7777 1820 2000 180 call 
3333 2000 2000 0 fold 
1111 2000 2000 0 fold 
total pot: 460 
/notify 

send notify msg to player 3333(seat:4) 
notify/ 
1111 2000 2000 0 fold 
5555 2000 2000 0 fold 
8888 1920 2000 80 fold 
6666 1980 2000 20 fold 
4444 2000 2000 0 fold 
2222 1820 2000 180 raise 
7777 1820 2000 180 call 
3333 2000 2000 0 fold 
total pot: 460 
/notify 

send inquire msg to player 7777(seat:5) 
inquire/ 
3333 2000 2000 0 fold 
1111 2000 2000 0 fold 
5555 2000 2000 0 fold 
8888 1920 2000 80 fold 
6666 1980 2000 20 fold 
4444 2000 2000 0 fold 
2222 1820 2000 180 raise 
7777 1820 2000 180 call 
total pot: 460 
/inquire 
recv from player 7777: raise 116 


-71>
player 7777 action raise
-72>
player 7777 bet 296 rest 1704
-73>
pot num 576 current bet 296 least raise 116
send inquire msg to player 2222(seat:6) 
inquire/ 
7777 1704 2000 296 raise 
3333 2000 2000 0 fold 
1111 2000 2000 0 fold 
5555 2000 2000 0 fold 
8888 1920 2000 80 fold 
6666 1980 2000 20 fold 
4444 2000 2000 0 fold 
2222 1820 2000 180 raise 
total pot: 576 
/inquire 
recv from player 2222: fold 

-74>
player 2222 action fold
-75>
player 2222 bet 180 rest 1820
-76>
pot num 576 current bet 296 least raise 116valid player: 8, all in player: 0, fold player: 7

----- send notify msg from 7 to 6(exclude) -----

player 4444(seat:7) doesn't need notify-msg

player 6666(seat:0) doesn't need notify-msg

send notify msg to player 8888(seat:1) 
notify/ 
6666 1980 2000 20 fold 
4444 2000 2000 0 fold 
2222 1820 2000 180 fold 
7777 1704 2000 296 raise 
3333 2000 2000 0 fold 
1111 2000 2000 0 fold 
5555 2000 2000 0 fold 
8888 1920 2000 80 fold 
total pot: 576 
/notify 

player 5555(seat:2) doesn't need notify-msg

send notify msg to player 1111(seat:3) 
notify/ 
5555 2000 2000 0 fold 
8888 1920 2000 80 fold 
6666 1980 2000 20 fold 
4444 2000 2000 0 fold 
2222 1820 2000 180 fold 
7777 1704 2000 296 raise 
3333 2000 2000 0 fold 
1111 2000 2000 0 fold 
total pot: 576 
/notify 

send notify msg to player 3333(seat:4) 
notify/ 
1111 2000 2000 0 fold 
5555 2000 2000 0 fold 
8888 1920 2000 80 fold 
6666 1980 2000 20 fold 
4444 2000 2000 0 fold 
2222 1820 2000 180 fold 
7777 1704 2000 296 raise 
3333 2000 2000 0 fold 
total pot: 576 
/notify 

send notify msg to player 7777(seat:5) 
notify/ 
3333 2000 2000 0 fold 
1111 2000 2000 0 fold 
5555 2000 2000 0 fold 
8888 1920 2000 80 fold 
6666 1980 2000 20 fold 
4444 2000 2000 0 fold 
2222 1820 2000 180 fold 
7777 1704 2000 296 raise 
total pot: 576 
/notify 

---river round bet---
valid player: 8, all in player: 0, fold player: 7

--- 1 players not fold, don't need show down---

---Allocate pot---
Only player at seat 5 not fold, win all the pot 576

-77>
player 7777 win pot: 576pot-win/ 
7777: 576 
/pot-win 

-78>
score of 6666: 1 2000 1980 0
-79>
score of 8888: 1 2000 1920 0
-80>
score of 5555: 1 2000 2000 0
-81>
score of 1111: 1 2000 2000 0
-82>
score of 3333: 1 2000 2000 0
-83>
score of 7777: 1 2000 2280 0
-84>
score of 2222: 1 2000 1820 0
-85>
score of 4444: 1 2000 2000 0it is player 6666's turn to be button

-----2 Hand-----

----- clean player data in socket -----

-86>
game(id=replay) new hand 2 start...seat/ 
button: 6666 1980 2000 
small blind: 8888 1920 2000 
big blind: 5555 2000 2000 
1111 2000 2000 
3333 2000 2000 
7777 2280 2000 
2222 1820 2000 
4444 2000 2000 
/seat 

-87>
seat/ 
button: 6666 1980 2000 
small blind: 8888 1920 2000 
big blind: 5555 2000 2000 
1111 2000 2000 
3333 2000 2000 
7777 2280 2000 
2222 1820 2000 
4444 2000 2000 
/seat 

-88>
score of 8888: 2 2000 1920 0
-89>
score of 5555: 2 2000 2000 0
-90>
score of 1111: 2 2000 2000 0
-91>
score of 3333: 2 2000 2000 0
-92>
score of 7777: 2 2000 2280 0
-93>
score of 2222: 2 2000 1820 0
-94>
score of 4444: 2 2000 2000 0
-95>
score of 6666: 2 2000 1980 0
-96>
player 8888 action blind
-97>
player 8888 bet 20 rest 1900
-98>
pot num 20 current bet 20 least raise 40
-99>
player 5555 action blind
-100>
player 5555 bet 40 rest 1960
-101>
pot num 60 current bet 40 least raise 40blind/ 
8888: 20 
5555: 40 
/blind 

-102>
player 8888:hold/ 
DIAMONDS 7 
CLUBS 2 
/hold 
player 8888:hold/ 
DIAMONDS 7 
CLUBS 2 
/hold 

-103>
player 5555:hold/ 
HEARTS 7 
HEARTS 8 
/hold 
player 5555:hold/ 
HEARTS 7 
HEARTS 8 
/hold 

-104>
player 1111:hold/ 
DIAMONDS 9 
HEARTS 3 
/hold 
player 1111:hold/ 
DIAMONDS 9 
HEARTS 3 
/hold 

-105>
player 3333:hold/ 
SPADES Q 
DIAMONDS 8 
/hold 
player 3333:hold/ 
SPADES Q 
DIAMONDS 8 
/hold 

-106>
player 7777:hold/ 
CLUBS 8 
SPADES 5 
/hold 
player 7777:hold/ 
CLUBS 8 
SPADES 5 
/hold 

-107>
player 2222:hold/ 
DIAMONDS 5 
CLUBS J 
/hold 
player 2222:hold/ 
DIAMONDS 5 
CLUBS J 
/hold 

-108>
player 4444:hold/ 
SPADES A 
DIAMONDS Q 
/hold 
player 4444:hold/ 
SPADES A 
DIAMONDS Q 
/hold 

-109>
player 6666:hold/ 
SPADES 2 
DIAMONDS K 
/hold 
player 6666:hold/ 
SPADES 2 
DIAMONDS K 
/hold 

---pre flop round bet---
valid player: 8, all in player: 0, fold player: 0

send inquire msg to player 1111(seat:2) 
inquire/ 
5555 1960 2000 40 blind 
8888 1900 2000 20 blind 
total pot: 60 
/inquire 
recv from player 1111: fold 


-110>
player 1111 action fold
-111>
player 1111 bet 0 rest 2000
-112>
pot num 60 current bet 40 least raise 40
send inquire msg to player 3333(seat:3) 
inquire/ 
1111 2000 2000 0 fold 
5555 1960 2000 40 blind 
8888 1900 2000 20 blind 
total pot: 60 
/inquire 
recv from player 3333: check 


-113>
player 3333 action call
-114>
player 3333 bet 40 rest 1960
-115>
pot num 100 current bet 40 least raise 40
send inquire msg to player 7777(seat:4) 
inquire/ 
3333 1960 2000 40 call 
1111 2000 2000 0 fold 
5555 1960 2000 40 blind 
8888 1900 2000 20 blind 
total pot: 100 
/inquire 
recv from player 7777: fold 


-116>
player 7777 action fold
-117>
player 7777 bet 0 rest 2280
-118>
pot num 100 current bet 40 least raise 40
send inquire msg to player 2222(seat:5) 
inquire/ 
7777 2280 2000 0 fold 
3333 1960 2000 40 call 
1111 2000 2000 0 fold 
5555 1960 2000 40 blind 
8888 1900 2000 20 blind 
total pot: 100 
/inquire 
recv from player 2222: fold 

-119>
player 2222 action fold
-120>
player 2222 bet 0 rest 1820
-121>
pot num 100 current bet 40 least raise 40
send inquire msg to player 4444(seat:6) 
inquire/ 
2222 1820 2000 0 fold 
7777 2280 2000 0 fold 
3333 1960 2000 40 call 
1111 2000 2000 0 fold 
5555 1960 2000 40 blind 
8888 1900 2000 20 blind 
total pot: 100 
/inquire 
recv from player 4444: call


-122>
player 4444 action call
-123>
player 4444 bet 40 rest 1960
-124>
pot num 140 current bet 40 least raise 40
send inquire msg to player 6666(seat:7) 
inquire/ 
4444 1960 2000 40 call 
2222 1820 2000 0 fold 
7777 2280 2000 0 fold 
3333 1960 2000 40 call 
1111 2000 2000 0 fold 
5555 1960 2000 40 blind 
8888 1900 2000 20 blind 
total pot: 140 
/inquire 
recv from player 6666: fold


-125>
player 6666 action fold
-126>
player 6666 bet 0 rest 1980
-127>
pot num 140 current bet 40 least raise 40
send inquire msg to player 8888(seat:0) 
inquire/ 
6666 1980 2000 0 fold 
4444 1960 2000 40 call 
2222 1820 2000 0 fold 
7777 2280 2000 0 fold 
3333 1960 2000 40 call 
1111 2000 2000 0 fold 
5555 1960 2000 40 blind 
8888 1900 2000 20 blind 
total pot: 140 
/inquire 
recv from player 8888: fold 


-128>
player 8888 action fold
-129>
player 8888 bet 20 rest 1900
-130>
pot num 140 current bet 40 least raise 40
send inquire msg to player 5555(seat:1) 
inquire/ 
8888 1900 2000 20 fold 
6666 1980 2000 0 fold 
4444 1960 2000 40 call 
2222 1820 2000 0 fold 
7777 2280 2000 0 fold 
3333 1960 2000 40 call 
1111 2000 2000 0 fold 
5555 1960 2000 40 blind 
total pot: 140 
/inquire 
recv from player 5555: raise 100 


-131>
player 5555 action raise
-132>
player 5555 bet 140 rest 1860
-133>
pot num 240 current bet 140 least raise 100
send notify msg to player 1111(seat:2) 
notify/ 
5555 1860 2000 140 raise 
8888 1900 2000 20 fold 
6666 1980 2000 0 fold 
4444 1960 2000 40 call 
2222 1820 2000 0 fold 
7777 2280 2000 0 fold 
3333 1960 2000 40 call 
1111 2000 2000 0 fold 
total pot: 240 
/notify 

send inquire msg to player 3333(seat:3) 
inquire/ 
1111 2000 2000 0 fold 
5555 1860 2000 140 raise 
8888 1900 2000 20 fold 
6666 1980 2000 0 fold 
4444 1960 2000 40 call 
2222 1820 2000 0 fold 
7777 2280 2000 0 fold 
3333 1960 2000 40 call 
total pot: 240 
/inquire 
recv from player 3333: check 


-134>
player 3333 action call
-135>
player 3333 bet 140 rest 1860
-136>
pot num 340 current bet 140 least raise 100
send notify msg to player 7777(seat:4) 
notify/ 
3333 1860 2000 140 call 
1111 2000 2000 0 fold 
5555 1860 2000 140 raise 
8888 1900 2000 20 fold 
6666 1980 2000 0 fold 
4444 1960 2000 40 call 
2222 1820 2000 0 fold 
7777 2280 2000 0 fold 
total pot: 340 
/notify 

player 2222(seat:5) doesn't need notify-msg

send inquire msg to player 4444(seat:6) 
inquire/ 
2222 1820 2000 0 fold 
7777 2280 2000 0 fold 
3333 1860 2000 140 call 
1111 2000 2000 0 fold 
5555 1860 2000 140 raise 
8888 1900 2000 20 fold 
6666 1980 2000 0 fold 
4444 1960 2000 40 call 
total pot: 340 
/inquire 
recv from player 4444: fold


-137>
player 4444 action fold
-138>
player 4444 bet 40 rest 1960
-139>
pot num 340 current bet 140 least raise 100valid player: 8, all in player: 0, fold player: 6

----- send notify msg from 7 to 0(exclude) -----

player 6666(seat:7) doesn't need notify-msg
flop/ 
SPADES 4 
DIAMONDS 2 
CLUBS 4 
/flop 

-140>
flop/ 
SPADES 4 
DIAMONDS 2 
CLUBS 4 
/flop 

---flop round bet---
valid player: 8, all in player: 0, fold player: 6

send notify msg to player 8888(seat:0) 
notify/ 
6666 1980 2000 0 fold 
4444 1960 2000 40 fold 
2222 1820 2000 0 fold 
7777 2280 2000 0 fold 
3333 1860 2000 140 call 
1111 2000 2000 0 fold 
5555 1860 2000 140 raise 
8888 1900 2000 20 fold 
total pot: 340 
/notify 

send inquire msg to player 5555(seat:1) 
inquire/ 
8888 1900 2000 20 fold 
6666 1980 2000 0 fold 
4444 1960 2000 40 fold 
2222 1820 2000 0 fold 
7777 2280 2000 0 fold 
3333 1860 2000 140 call 
1111 2000 2000 0 fold 
5555 1860 2000 140 raise 
total pot: 340 
/inquire 
recv from player 5555: check 


-141>
player 5555 action check
-142>
player 5555 bet 140 rest 1860
-143>
pot num 340 current bet 140 least raise 40
send notify msg to player 1111(seat:2) 
notify/ 
5555 1860 2000 140 check 
8888 1900 2000 20 fold 
6666 1980 2000 0 fold 
4444 1960 2000 40 fold 
2222 1820 2000 0 fold 
7777 2280 2000 0 fold 
3333 1860 2000 140 call 
1111 2000 2000 0 fold 
total pot: 340 
/notify 

send inquire msg to player 3333(seat:3) 
inquire/ 
1111 2000 2000 0 fold 
5555 1860 2000 140 check 
8888 1900 2000 20 fold 
6666 1980 2000 0 fold 
4444 1960 2000 40 fold 
2222 1820 2000 0 fold 
7777 2280 2000 0 fold 
3333 1860 2000 140 call 
total pot: 340 
/inquire 
recv from player 3333: check 


-144>
player 3333 action check
-145>
player 3333 bet 140 rest 1860
-146>
pot num 340 current bet 140 least raise 40valid player: 8, all in player: 0, fold player: 6

----- send notify msg from 4 to 0(exclude) -----

send notify msg to player 7777(seat:4) 
notify/ 
3333 1860 2000 140 check 
1111 2000 2000 0 fold 
5555 1860 2000 140 check 
8888 1900 2000 20 fold 
6666 1980 2000 0 fold 
4444 1960 2000 40 fold 
2222 1820 2000 0 fold 
7777 2280 2000 0 fold 
total pot: 340 
/notify 

player 2222(seat:5) doesn't need notify-msg

player 4444(seat:6) doesn't need notify-msg

player 6666(seat:7) doesn't need notify-msg
turn/ 
CLUBS A 
/turn 

-147>
turn/ 
CLUBS A 
/turn 

---turn round bet---
valid player: 8, all in player: 0, fold player: 6

send notify msg to player 8888(seat:0) 
notify/ 
6666 1980 2000 0 fold 
4444 1960 2000 40 fold 
2222 1820 2000 0 fold 
7777 2280 2000 0 fold 
3333 1860 2000 140 check 
1111 2000 2000 0 fold 
5555 1860 2000 140 check 
8888 1900 2000 20 fold 
total pot: 340 
/notify 

send inquire msg to player 5555(seat:1) 
inquire/ 
8888 1900 2000 20 fold 
6666 1980 2000 0 fold 
4444 1960 2000 40 fold 
2222 1820 2000 0 fold 
7777 2280 2000 0 fold 
3333 1860 2000 140 check 
1111 2000 2000 0 fold 
5555 1860 2000 140 check 
total pot: 340 
/inquire 
recv from player 5555: check 


-148>
player 5555 action check
-149>
player 5555 bet 140 rest 1860
-150>
pot num 340 current bet 140 least raise 40
send notify msg to player 1111(seat:2) 
notify/ 
5555 1860 2000 140 check 
8888 1900 2000 20 fold 
6666 1980 2000 0 fold 
4444 1960 2000 40 fold 
2222 1820 2000 0 fold 
7777 2280 2000 0 fold 
3333 1860 2000 140 check 
1111 2000 2000 0 fold 
total pot: 340 
/notify 

send inquire msg to player 3333(seat:3) 
inquire/ 
1111 2000 2000 0 fold 
5555 1860 2000 140 check 
8888 1900 2000 20 fold 
6666 1980 2000 0 fold 
4444 1960 2000 40 fold 
2222 1820 2000 0 fold 
7777 2280 2000 0 fold 
3333 1860 2000 140 check 
total pot: 340 
/inquire 
recv from player 3333: check 


-151>
player 3333 action check
-152>
player 3333 bet 140 rest 1860
-153>
pot num 340 current bet 140 least raise 40valid player: 8, all in player: 0, fold player: 6

----- send notify msg from 4 to 0(exclude) -----

send notify msg to player 7777(seat:4) 
notify/ 
3333 1860 2000 140 check 
1111 2000 2000 0 fold 
5555 1860 2000 140 check 
8888 1900 2000 20 fold 
6666 1980 2000 0 fold 
4444 1960 2000 40 fold 
2222 1820 2000 0 fold 
7777 2280 2000 0 fold 
total pot: 340 
/notify 

player 2222(seat:5) doesn't need notify-msg

player 4444(seat:6) doesn't need notify-msg

player 6666(seat:7) doesn't need notify-msg
river/ 
CLUBS 5 
/river 

-154>
river/ 
CLUBS 5 
/river 

---river round bet---
valid player: 8, all in player: 0, fold player: 6

send notify msg to player 8888(seat:0) 
notify/ 
6666 1980 2000 0 fold 
4444 1960 2000 40 fold 
2222 1820 2000 0 fold 
7777 2280 2000 0 fold 
3333 1860 2000 140 check 
1111 2000 2000 0 fold 
5555 1860 2000 140 check 
8888 1900 2000 20 fold 
total pot: 340 
/notify 

send inquire msg to player 5555(seat:1) 
inquire/ 
8888 1900 2000 20 fold 
6666 1980 2000 0 fold 
4444 1960 2000 40 fold 
2222 1820 2000 0 fold 
7777 2280 2000 0 fold 
3333 1860 2000 140 check 
1111 2000 2000 0 fold 
5555 1860 2000 140 check 
total pot: 340 
/inquire 
recv from player 5555: check 


-155>
player 5555 action check
-156>
player 5555 bet 140 rest 1860
-157>
pot num 340 current bet 140 least raise 40
send notify msg to player 1111(seat:2) 
notify/ 
5555 1860 2000 140 check 
8888 1900 2000 20 fold 
6666 1980 2000 0 fold 
4444 1960 2000 40 fold 
2222 1820 2000 0 fold 
7777 2280 2000 0 fold 
3333 1860 2000 140 check 
1111 2000 2000 0 fold 
total pot: 340 
/notify 

send inquire msg to player 3333(seat:3) 
inquire/ 
1111 2000 2000 0 fold 
5555 1860 2000 140 check 
8888 1900 2000 20 fold 
6666 1980 2000 0 fold 
4444 1960 2000 40 fold 
2222 1820 2000 0 fold 
7777 2280 2000 0 fold 
3333 1860 2000 140 check 
total pot: 340 
/inquire 
recv from player 3333: raise 0 


-158>
player 3333 action raise
-159>
player 3333 bet 180 rest 1820
-160>
pot num 380 current bet 180 least raise 40
send notify msg to player 7777(seat:4) 
notify/ 
3333 1820 2000 180 raise 
1111 2000 2000 0 fold 
5555 1860 2000 140 check 
8888 1900 2000 20 fold 
6666 1980 2000 0 fold 
4444 1960 2000 40 fold 
2222 1820 2000 0 fold 
7777 2280 2000 0 fold 
total pot: 380 
/notify 

player 2222(seat:5) doesn't need notify-msg

player 4444(seat:6) doesn't need notify-msg

player 6666(seat:7) doesn't need notify-msg

send notify msg to player 8888(seat:0) 
notify/ 
6666 1980 2000 0 fold 
4444 1960 2000 40 fold 
2222 1820 2000 0 fold 
7777 2280 2000 0 fold 
3333 1820 2000 180 raise 
1111 2000 2000 0 fold 
5555 1860 2000 140 check 
8888 1900 2000 20 fold 
total pot: 380 
/notify 

send inquire msg to player 5555(seat:1) 
inquire/ 
8888 1900 2000 20 fold 
6666 1980 2000 0 fold 
4444 1960 2000 40 fold 
2222 1820 2000 0 fold 
7777 2280 2000 0 fold 
3333 1820 2000 180 raise 
1111 2000 2000 0 fold 
5555 1860 2000 140 check 
total pot: 380 
/inquire 
recv from player 5555: check 


-161>
player 5555 action call
-162>
player 5555 bet 180 rest 1820
-163>
pot num 420 current bet 180 least raise 40valid player: 8, all in player: 0, fold player: 6

----- send notify msg from 2 to 0(exclude) -----

send notify msg to player 1111(seat:2) 
notify/ 
5555 1820 2000 180 call 
8888 1900 2000 20 fold 
6666 1980 2000 0 fold 
4444 1960 2000 40 fold 
2222 1820 2000 0 fold 
7777 2280 2000 0 fold 
3333 1820 2000 180 raise 
1111 2000 2000 0 fold 
total pot: 420 
/notify 

send notify msg to player 3333(seat:3) 
notify/ 
1111 2000 2000 0 fold 
5555 1820 2000 180 call 
8888 1900 2000 20 fold 
6666 1980 2000 0 fold 
4444 1960 2000 40 fold 
2222 1820 2000 0 fold 
7777 2280 2000 0 fold 
3333 1820 2000 180 raise 
total pot: 420 
/notify 

send notify msg to player 7777(seat:4) 
notify/ 
3333 1820 2000 180 raise 
1111 2000 2000 0 fold 
5555 1820 2000 180 call 
8888 1900 2000 20 fold 
6666 1980 2000 0 fold 
4444 1960 2000 40 fold 
2222 1820 2000 0 fold 
7777 2280 2000 0 fold 
total pot: 420 
/notify 

player 2222(seat:5) doesn't need notify-msg

player 4444(seat:6) doesn't need notify-msg

player 6666(seat:7) doesn't need notify-msg

---show down---

-164>
player 5555 show down: ONE_PAIR [HEARTS 7] [HEARTS 8]
-165>
player 3333 show down: ONE_PAIR [SPADES Q] [DIAMONDS 8]showdown/ 
common/ 
SPADES 4 
DIAMONDS 2 
CLUBS 4 
CLUBS A 
CLUBS 5 
/common 
2: 5555 HEARTS 7 HEARTS 8 ONE_PAIR 
1: 3333 SPADES Q DIAMONDS 8 ONE_PAIR 
/showdown 

---Allocate pot---

-166>
player 3333 win pot: 420pot-win/ 
3333: 420 
/pot-win 

-167>
score of 8888: 2 2000 1900 0
-168>
score of 5555: 2 2000 1820 0
-169>
score of 1111: 2 2000 2000 0
-170>
score of 3333: 2 2000 2240 0
-171>
score of 7777: 2 2000 2280 0
-172>
score of 2222: 2 2000 1820 0
-173>
score of 4444: 2 2000 1960 0
-174>
score of 6666: 2 2000 1980 0it is player 8888's turn to be button

-----3 Hand-----

----- clean player data in socket -----

-175>
game(id=replay) new hand 3 start...seat/ 
button: 8888 1900 2000 
small blind: 5555 1820 2000 
big blind: 1111 2000 2000 
3333 2240 2000 
7777 2280 2000 
2222 1820 2000 
4444 1960 2000 
6666 1980 2000 
/seat 

-176>
seat/ 
button: 8888 1900 2000 
small blind: 5555 1820 2000 
big blind: 1111 2000 2000 
3333 2240 2000 
7777 2280 2000 
2222 1820 2000 
4444 1960 2000 
6666 1980 2000 
/seat 

-177>
score of 5555: 3 2000 1820 0
-178>
score of 1111: 3 2000 2000 0
-179>
score of 3333: 3 2000 2240 0
-180>
score of 7777: 3 2000 2280 0
-181>
score of 2222: 3 2000 1820 0
-182>
score of 4444: 3 2000 1960 0
-183>
score of 6666: 3 2000 1980 0
-184>
score of 8888: 3 2000 1900 0
-185>
player 5555 action blind
-186>
player 5555 bet 20 rest 1800
-187>
pot num 20 current bet 20 least raise 40
-188>
player 1111 action blind
-189>
player 1111 bet 40 rest 1960
-190>
pot num 60 current bet 40 least raise 40blind/ 
5555: 20 
1111: 40 
/blind 

-191>
player 5555:hold/ 
CLUBS 10 
DIAMONDS Q 
/hold 
player 5555:hold/ 
CLUBS 10 
DIAMONDS Q 
/hold 

-192>
player 1111:hold/ 
DIAMONDS 6 
HEARTS J 
/hold 
player 1111:hold/ 
DIAMONDS 6 
HEARTS J 
/hold 

-193>
player 3333:hold/ 
DIAMONDS J 
CLUBS K 
/hold 
player 3333:hold/ 
DIAMONDS J 
CLUBS K 
/hold 

-194>
player 7777:hold/ 
CLUBS Q 
DIAMONDS 2 
/hold 
player 7777:hold/ 
CLUBS Q 
DIAMONDS 2 
/hold 

-195>
player 2222:hold/ 
SPADES 8 
DIAMONDS 9 
/hold 
player 2222:hold/ 
SPADES 8 
DIAMONDS 9 
/hold 

-196>
player 4444:hold/ 
SPADES Q 
HEARTS 2 
/hold 
player 4444:hold/ 
SPADES Q 
HEARTS 2 
/hold 

-197>
player 6666:hold/ 
HEARTS 7 
SPADES A 
/hold 
player 6666:hold/ 
HEARTS 7 
SPADES A 
/hold 

-198>
player 8888:hold/ 
HEARTS 10 
SPADES 2 
/hold 
player 8888:hold/ 
HEARTS 10 
SPADES 2 
/hold 

---pre flop round bet---
valid player: 8, all in player: 0, fold player: 0

send inquire msg to player 3333(seat:2) 
inquire/ 
1111 1960 2000 40 blind 
5555 1800 2000 20 blind 
total pot: 60 
/inquire 
recv from player 3333: raise 40 


-199>
player 3333 action raise
-200>
player 3333 bet 80 rest 2160
-201>
pot num 140 current bet 80 least raise 40
send inquire msg to player 7777(seat:3) 
inquire/ 
3333 2160 2000 80 raise 
1111 1960 2000 40 blind 
5555 1800 2000 20 blind 
total pot: 140 
/inquire 
recv from player 7777: fold 


-202>
player 7777 action fold
-203>
player 7777 bet 0 rest 2280
-204>
pot num 140 current bet 80 least raise 40
send inquire msg to player 2222(seat:4) 
inquire/ 
7777 2280 2000 0 fold 
3333 2160 2000 80 raise 
1111 1960 2000 40 blind 
5555 1800 2000 20 blind 
total pot: 140 
/inquire 
recv from player 2222: call 

-205>
player 2222 action call
-206>
player 2222 bet 80 rest 1740
-207>
pot num 220 current bet 80 least raise 40
send inquire msg to player 4444(seat:5) 
inquire/ 
2222 1740 2000 80 call 
7777 2280 2000 0 fold 
3333 2160 2000 80 raise 
1111 1960 2000 40 blind 
5555 1800 2000 20 blind 
total pot: 220 
/inquire 
recv from player 4444: fold


-208>
player 4444 action fold
-209>
player 4444 bet 0 rest 1960
-210>
pot num 220 current bet 80 least raise 40
send inquire msg to player 6666(seat:6) 
inquire/ 
4444 1960 2000 0 fold 
2222 1740 2000 80 call 
7777 2280 2000 0 fold 
3333 2160 2000 80 raise 
1111 1960 2000 40 blind 
5555 1800 2000 20 blind 
total pot: 220 
/inquire 
recv from player 6666: fold


-211>
player 6666 action fold
-212>
player 6666 bet 0 rest 1980
-213>
pot num 220 current bet 80 least raise 40
send inquire msg to player 8888(seat:7) 
inquire/ 
6666 1980 2000 0 fold 
4444 1960 2000 0 fold 
2222 1740 2000 80 call 
7777 2280 2000 0 fold 
3333 2160 2000 80 raise 
1111 1960 2000 40 blind 
5555 1800 2000 20 blind 
total pot: 220 
/inquire 
recv from player 8888: fold 


-214>
player 8888 action fold
-215>
player 8888 bet 0 rest 1900
-216>
pot num 220 current bet 80 least raise 40
send inquire msg to player 5555(seat:0) 
inquire/ 
8888 1900 2000 0 fold 
6666 1980 2000 0 fold 
4444 1960 2000 0 fold 
2222 1740 2000 80 call 
7777 2280 2000 0 fold 
3333 2160 2000 80 raise 
1111 1960 2000 40 blind 
5555 1800 2000 20 blind 
total pot: 220 
/inquire 
recv from player 5555: fold 


-217>
player 5555 action fold
-218>
player 5555 bet 20 rest 1800
-219>
pot num 220 current bet 80 least raise 40
send inquire msg to player 1111(seat:1) 
inquire/ 
5555 1800 2000 20 fold 
8888 1900 2000 0 fold 
6666 1980 2000 0 fold 
4444 1960 2000 0 fold 
2222 1740 2000 80 call 
7777 2280 2000 0 fold 
3333 2160 2000 80 raise 
1111 1960 2000 40 blind 
total pot: 220 
/inquire 
recv from player 1111: fold 


-220>
player 1111 action fold
-221>
player 1111 bet 40 rest 1960
-222>
pot num 220 current bet 80 least raise 40valid player: 8, all in player: 0, fold player: 6

----- send notify msg from 2 to 0(exclude) -----

send notify msg to player 3333(seat:2) 
notify/ 
1111 1960 2000 40 fold 
5555 1800 2000 20 fold 
8888 1900 2000 0 fold 
6666 1980 2000 0 fold 
4444 1960 2000 0 fold 
2222 1740 2000 80 call 
7777 2280 2000 0 fold 
3333 2160 2000 80 raise 
total pot: 220 
/notify 

send notify msg to player 7777(seat:3) 
notify/ 
3333 2160 2000 80 raise 
1111 1960 2000 40 fold 
5555 1800 2000 20 fold 
8888 1900 2000 0 fold 
6666 1980 2000 0 fold 
4444 1960 2000 0 fold 
2222 1740 2000 80 call 
7777 2280 2000 0 fold 
total pot: 220 
/notify 

player 2222(seat:4) doesn't need notify-msg

player 4444(seat:5) doesn't need notify-msg

player 6666(seat:6) doesn't need notify-msg

send notify msg to player 8888(seat:7) 
notify/ 
6666 1980 2000 0 fold 
4444 1960 2000 0 fold 
2222 1740 2000 80 call 
7777 2280 2000 0 fold 
3333 2160 2000 80 raise 
1111 1960 2000 40 fold 
5555 1800 2000 20 fold 
8888 1900 2000 0 fold 
total pot: 220 
/notify 
flop/ 
CLUBS 7 
DIAMONDS 8 
DIAMONDS 10 
/flop 

-223>
flop/ 
CLUBS 7 
DIAMONDS 8 
DIAMONDS 10 
/flop 

---flop round bet---
valid player: 8, all in player: 0, fold player: 6

player 5555(seat:0) doesn't need notify-msg

send notify msg to player 1111(seat:1) 
notify/ 
5555 1800 2000 20 fold 
8888 1900 2000 0 fold 
6666 1980 2000 0 fold 
4444 1960 2000 0 fold 
2222 1740 2000 80 call 
7777 2280 2000 0 fold 
3333 2160 2000 80 raise 
1111 1960 2000 40 fold 
total pot: 220 
/notify 

send inquire msg to player 3333(seat:2) 
inquire/ 
1111 1960 2000 40 fold 
5555 1800 2000 20 fold 
8888 1900 2000 0 fold 
6666 1980 2000 0 fold 
4444 1960 2000 0 fold 
2222 1740 2000 80 call 
7777 2280 2000 0 fold 
3333 2160 2000 80 raise 
total pot: 220 
/inquire 
recv from player 3333: check 


-224>
player 3333 action check
-225>
player 3333 bet 80 rest 2160
-226>
pot num 220 current bet 80 least raise 40
send notify msg to player 7777(seat:3) 
notify/ 
3333 2160 2000 80 check 
1111 1960 2000 40 fold 
5555 1800 2000 20 fold 
8888 1900 2000 0 fold 
6666 1980 2000 0 fold 
4444 1960 2000 0 fold 
2222 1740 2000 80 call 
7777 2280 2000 0 fold 
total pot: 220 
/notify 

send inquire msg to player 2222(seat:4) 
inquire/ 
7777 2280 2000 0 fold 
3333 2160 2000 80 check 
1111 1960 2000 40 fold 
5555 1800 2000 20 fold 
8888 1900 2000 0 fold 
6666 1980 2000 0 fold 
4444 1960 2000 0 fold 
2222 1740 2000 80 call 
total pot: 220 
/inquire 
recv from player 2222: raise 100 

-227>
player 2222 action raise
-228>
player 2222 bet 180 rest 1640
-229>
pot num 320 current bet 180 least raise 100
player 4444(seat:5) doesn't need notify-msg

player 6666(seat:6) doesn't need notify-msg

send notify msg to player 8888(seat:7) 
notify/ 
6666 1980 2000 0 fold 
4444 1960 2000 0 fold 
2222 1640 2000 180 raise 
7777 2280 2000 0 fold 
3333 2160 2000 80 check 
1111 1960 2000 40 fold 
5555 1800 2000 20 fold 
8888 1900 2000 0 fold 
total pot: 320 
/notify 

player 5555(seat:0) doesn't need notify-msg

send notify msg to player 1111(seat:1) 
notify/ 
5555 1800 2000 20 fold 
8888 1900 2000 0 fold 
6666 1980 2000 0 fold 
4444 1960 2000 0 fold 
2222 1640 2000 180 raise 
7777 2280 2000 0 fold 
3333 2160 2000 80 check 
1111 1960 2000 40 fold 
total pot: 320 
/notify 

send inquire msg to player 3333(seat:2) 
inquire/ 
1111 1960 2000 40 fold 
5555 1800 2000 20 fold 
8888 1900 2000 0 fold 
6666 1980 2000 0 fold 
4444 1960 2000 0 fold 
2222 1640 2000 180 raise 
7777 2280 2000 0 fold 
3333 2160 2000 80 check 
total pot: 320 
/inquire 
recv from player 3333: check 


-230>
player 3333 action call
-231>
player 3333 bet 180 rest 2060
-232>
pot num 420 current bet 180 least raise 100valid player: 8, all in player: 0, fold player: 6

----- send notify msg from 3 to 0(exclude) -----

send notify msg to player 7777(seat:3) 
notify/ 
3333 2060 2000 180 call 
1111 1960 2000 40 fold 
5555 1800 2000 20 fold 
8888 1900 2000 0 fold 
6666 1980 2000 0 fold 
4444 1960 2000 0 fold 
2222 1640 2000 180 raise 
7777 2280 2000 0 fold 
total pot: 420 
/notify 

player 2222(seat:4) doesn't need notify-msg

player 4444(seat:5) doesn't need notify-msg

player 6666(seat:6) doesn't need notify-msg

send notify msg to player 8888(seat:7) 
notify/ 
6666 1980 2000 0 fold 
4444 1960 2000 0 fold 
2222 1640 2000 180 raise 
7777 2280 2000 0 fold 
3333 2060 2000 180 call 
1111 1960 2000 40 fold 
5555 1800 2000 20 fold 
8888 1900 2000 0 fold 
total pot: 420 
/notify 
turn/ 
HEARTS Q 
/turn 

-233>
turn/ 
HEARTS Q 
/turn 

---turn round bet---
valid player: 8, all in player: 0, fold player: 6

player 5555(seat:0) doesn't need notify-msg

send notify msg to player 1111(seat:1) 
notify/ 
5555 1800 2000 20 fold 
8888 1900 2000 0 fold 
6666 1980 2000 0 fold 
4444 1960 2000 0 fold 
2222 1640 2000 180 raise 
7777 2280 2000 0 fold 
3333 2060 2000 180 call 
1111 1960 2000 40 fold 
total pot: 420 
/notify 

send inquire msg to player 3333(seat:2) 
inquire/ 
1111 1960 2000 40 fold 
5555 1800 2000 20 fold 
8888 1900 2000 0 fold 
6666 1980 2000 0 fold 
4444 1960 2000 0 fold 
2222 1640 2000 180 raise 
7777 2280 2000 0 fold 
3333 2060 2000 180 call 
total pot: 420 
/inquire 
recv from player 3333: check 


-234>
player 3333 action check
-235>
player 3333 bet 180 rest 2060
-236>
pot num 420 current bet 180 least raise 40
send notify msg to player 7777(seat:3) 
notify/ 
3333 2060 2000 180 check 
1111 1960 2000 40 fold 
5555 1800 2000 20 fold 
8888 1900 2000 0 fold 
6666 1980 2000 0 fold 
4444 1960 2000 0 fold 
2222 1640 2000 180 raise 
7777 2280 2000 0 fold 
total pot: 420 
/notify 

send inquire msg to player 2222(seat:4) 
inquire/ 
7777 2280 2000 0 fold 
3333 2060 2000 180 check 
1111 1960 2000 40 fold 
5555 1800 2000 20 fold 
8888 1900 2000 0 fold 
6666 1980 2000 0 fold 
4444 1960 2000 0 fold 
2222 1640 2000 180 raise 
total pot: 420 
/inquire 
recv from player 2222: call 

-237>
player 2222 action check
-238>
player 2222 bet 180 rest 1640
-239>
pot num 420 current bet 180 least raise 40valid player: 8, all in player: 0, fold player: 6

----- send notify msg from 5 to 0(exclude) -----

player 4444(seat:5) doesn't need notify-msg

player 6666(seat:6) doesn't need notify-msg

send notify msg to player 8888(seat:7) 
notify/ 
6666 1980 2000 0 fold 
4444 1960 2000 0 fold 
2222 1640 2000 180 check 
7777 2280 2000 0 fold 
3333 2060 2000 180 check 
1111 1960 2000 40 fold 
5555 1800 2000 20 fold 
8888 1900 2000 0 fold 
total pot: 420 
/notify 
river/ 
HEARTS 4 
/river 

-240>
river/ 
HEARTS 4 
/river 

---river round bet---
valid player: 8, all in player: 0, fold player: 6

player 5555(seat:0) doesn't need notify-msg

send notify msg to player 1111(seat:1) 
notify/ 
5555 1800 2000 20 fold 
8888 1900 2000 0 fold 
6666 1980 2000 0 fold 
4444 1960 2000 0 fold 
2222 1640 2000 180 check 
7777 2280 2000 0 fold 
3333 2060 2000 180 check 
1111 1960 2000 40 fold 
total pot: 420 
/notify 

send inquire msg to player 3333(seat:2) 
inquire/ 
1111 1960 2000 40 fold 
5555 1800 2000 20 fold 
8888 1900 2000 0 fold 
6666 1980 2000 0 fold 
4444 1960 2000 0 fold 
2222 1640 2000 180 check 
7777 2280 2000 0 fold 
3333 2060 2000 180 check 
