

---GAME START @ 2015-5-17-15-54-25---
reg: 3333 Ty_lxx 
reg: 2222 simplebot 
reg: 4444 simplebot 
reg: 8888 simplebot 
reg: 5555 simplebot 
reg: 7777 cleverbot 
reg: 6666 simplebot 
reg: 1111 simplebot 

-----1 Hand-----

----- clean player data in socket -----
seat/ 
button: 4444 2000 8000 
small blind: 3333 2000 8000 
big blind: 2222 2000 8000 
8888 2000 8000 
6666 2000 8000 
1111 2000 8000 
5555 2000 8000 
7777 2000 8000 
/seat 
blind/ 
3333: 50 
2222: 100 
/blind 
player 3333:hold/ 
HEARTS 5 
CLUBS Q 
/hold 
player 2222:hold/ 
HEARTS 2 
SPADES 6 
/hold 
player 8888:hold/ 
CLUBS 6 
CLUBS 8 
/hold 
player 6666:hold/ 
CLUBS J 
CLUBS 2 
/hold 
player 1111:hold/ 
SPADES 8 
DIAMONDS 2 
/hold 
player 5555:hold/ 
SPADES Q 
CLUBS 9 
/hold 
player 7777:hold/ 
HEARTS 9 
CLUBS 10 
/hold 
player 4444:hold/ 
SPADES A 
CLUBS K 
/hold 

---pre flop round bet---
valid player: 8, all in player: 0, fold player: 0
send inquire msg to player 8888 
inquire/ 
2222 1900 8000 100 blind 
3333 1950 8000 50 blind 
total pot: 150 
/inquire 
recv from player 8888: raise 159 

send inquire msg to player 6666 
inquire/ 
8888 1741 8000 259 raise 
2222 1900 8000 100 blind 
3333 1950 8000 50 blind 
total pot: 409 
/inquire 
recv from player 6666: call 

send inquire msg to player 1111 
inquire/ 
6666 1741 8000 259 call 
8888 1741 8000 259 raise 
2222 1900 8000 100 blind 
3333 1950 8000 50 blind 
total pot: 668 
/inquire 
recv from player 1111: fold 

send inquire msg to player 5555 
inquire/ 
1111 2000 8000 0 fold 
6666 1741 8000 259 call 
8888 1741 8000 259 raise 
2222 1900 8000 100 blind 
3333 1950 8000 50 blind 
total pot: 668 
/inquire 
recv from player 5555: call 

send inquire msg to player 7777 
inquire/ 
5555 1741 8000 259 call 
1111 2000 8000 0 fold 
6666 1741 8000 259 call 
8888 1741 8000 259 raise 
2222 1900 8000 100 blind 
3333 1950 8000 50 blind 
total pot: 927 
/inquire 
recv from player 7777: fold 

send inquire msg to player 4444 
inquire/ 
7777 2000 8000 0 fold 
5555 1741 8000 259 call 
1111 2000 8000 0 fold 
6666 1741 8000 259 call 
8888 1741 8000 259 raise 
2222 1900 8000 100 blind 
3333 1950 8000 50 blind 
total pot: 927 
/inquire 
recv from player 4444: raise 287 

send inquire msg to player 3333 
inquire/ 
4444 1454 8000 546 raise 
7777 2000 8000 0 fold 
5555 1741 8000 259 call 
1111 2000 8000 0 fold 
6666 1741 8000 259 call 
8888 1741 8000 259 raise 
2222 1900 8000 100 blind 
3333 1950 8000 50 blind 
total pot: 1473 
/inquire 
recv from player 3333: fold 

send inquire msg to player 2222 
inquire/ 
3333 1950 8000 50 fold 
4444 1454 8000 546 raise 
7777 2000 8000 0 fold 
5555 1741 8000 259 call 
1111 2000 8000 0 fold 
6666 1741 8000 259 call 
8888 1741 8000 259 raise 
2222 1900 8000 100 blind 
total pot: 1473 
/inquire 
recv from player 2222: fold 

send inquire msg to player 8888 
inquire/ 
2222 1900 8000 100 fold 
3333 1950 8000 50 fold 
4444 1454 8000 546 raise 
7777 2000 8000 0 fold 
5555 1741 8000 259 call 
1111 2000 8000 0 fold 
6666 1741 8000 259 call 
8888 1741 8000 259 raise 
total pot: 1473 
/inquire 
recv from player 8888: call 

send inquire msg to player 6666 
inquire/ 
8888 1454 8000 546 call 
2222 1900 8000 100 fold 
3333 1950 8000 50 fold 
4444 1454 8000 546 raise 
7777 2000 8000 0 fold 
5555 1741 8000 259 call 
1111 2000 8000 0 fold 
6666 1741 8000 259 call 
total pot: 1760 
/inquire 
recv from player 6666: call 

send inquire msg to player 1111 
inquire/ 
6666 1454 8000 546 call 
8888 1454 8000 546 call 
2222 1900 8000 100 fold 
3333 1950 8000 50 fold 
4444 1454 8000 546 raise 
7777 2000 8000 0 fold 
5555 1741 8000 259 call 
1111 2000 8000 0 fold 
total pot: 2047 
/inquire 
send inquire msg to player 5555 
inquire/ 
1111 2000 8000 0 fold 
6666 1454 8000 546 call 
8888 1454 8000 546 call 
2222 1900 8000 100 fold 
3333 1950 8000 50 fold 
4444 1454 8000 546 raise 
7777 2000 8000 0 fold 
5555 1741 8000 259 call 
total pot: 2047 
/inquire 
recv from player 5555: call 

flop/ 
SPADES 4 
DIAMONDS 5 
DIAMONDS 3 
/flop 

---flop round bet---
valid player: 8, all in player: 0, fold player: 4
send inquire msg to player 3333 
inquire/ 
4444 1454 8000 546 raise 
7777 2000 8000 0 fold 
5555 1454 8000 546 call 
1111 2000 8000 0 fold 
6666 1454 8000 546 call 
8888 1454 8000 546 call 
2222 1900 8000 100 fold 
3333 1950 8000 50 fold 
total pot: 2334 
/inquire 
send inquire msg to player 2222 
inquire/ 
3333 1950 8000 50 fold 
4444 1454 8000 546 raise 
7777 2000 8000 0 fold 
5555 1454 8000 546 call 
1111 2000 8000 0 fold 
6666 1454 8000 546 call 
8888 1454 8000 546 call 
2222 1900 8000 100 fold 
total pot: 2334 
/inquire 
send inquire msg to player 8888 
inquire/ 
2222 1900 8000 100 fold 
3333 1950 8000 50 fold 
4444 1454 8000 546 raise 
7777 2000 8000 0 fold 
5555 1454 8000 546 call 
1111 2000 8000 0 fold 
6666 1454 8000 546 call 
8888 1454 8000 546 call 
total pot: 2334 
/inquire 
recv from player 8888: call 

send inquire msg to player 6666 
inquire/ 
8888 1454 8000 546 check 
2222 1900 8000 100 fold 
3333 1950 8000 50 fold 
4444 1454 8000 546 raise 
7777 2000 8000 0 fold 
5555 1454 8000 546 call 
1111 2000 8000 0 fold 
6666 1454 8000 546 call 
total pot: 2334 
/inquire 
recv from player 6666: call 

send inquire msg to player 1111 
inquire/ 
6666 1454 8000 546 check 
8888 1454 8000 546 check 
2222 1900 8000 100 fold 
3333 1950 8000 50 fold 
4444 1454 8000 546 raise 
7777 2000 8000 0 fold 
5555 1454 8000 546 call 
1111 2000 8000 0 fold 
total pot: 2334 
/inquire 
send inquire msg to player 5555 
inquire/ 
1111 2000 8000 0 fold 
6666 1454 8000 546 check 
8888 1454 8000 546 check 
2222 1900 8000 100 fold 
3333 1950 8000 50 fold 
4444 1454 8000 546 raise 
7777 2000 8000 0 fold 
5555 1454 8000 546 call 
total pot: 2334 
/inquire 
recv from player 5555: call 

send inquire msg to player 7777 
inquire/ 
5555 1454 8000 546 check 
1111 2000 8000 0 fold 
6666 1454 8000 546 check 
8888 1454 8000 546 check 
2222 1900 8000 100 fold 
3333 1950 8000 50 fold 
4444 1454 8000 546 raise 
7777 2000 8000 0 fold 
total pot: 2334 
/inquire 
send inquire msg to player 4444 
inquire/ 
7777 2000 8000 0 fold 
5555 1454 8000 546 check 
1111 2000 8000 0 fold 
6666 1454 8000 546 check 
8888 1454 8000 546 check 
2222 1900 8000 100 fold 
3333 1950 8000 50 fold 
4444 1454 8000 546 raise 
total pot: 2334 
/inquire 
recv from player 4444: call 

turn/ 
CLUBS 3 
/turn 

---turn round bet---
valid player: 8, all in player: 0, fold player: 4
send inquire msg to player 3333 
inquire/ 
4444 1454 8000 546 check 
7777 2000 8000 0 fold 
5555 1454 8000 546 check 
1111 2000 8000 0 fold 
6666 1454 8000 546 check 
8888 1454 8000 546 check 
2222 1900 8000 100 fold 
3333 1950 8000 50 fold 
total pot: 2334 
/inquire 
send inquire msg to player 2222 
inquire/ 
3333 1950 8000 50 fold 
4444 1454 8000 546 check 
7777 2000 8000 0 fold 
5555 1454 8000 546 check 
1111 2000 8000 0 fold 
6666 1454 8000 546 check 
8888 1454 8000 546 check 
2222 1900 8000 100 fold 
total pot: 2334 
/inquire 
send inquire msg to player 8888 
inquire/ 
2222 1900 8000 100 fold 
3333 1950 8000 50 fold 
4444 1454 8000 546 check 
7777 2000 8000 0 fold 
5555 1454 8000 546 check 
1111 2000 8000 0 fold 
6666 1454 8000 546 check 
8888 1454 8000 546 check 
total pot: 2334 
/inquire 
recv from player 8888: call 

send inquire msg to player 6666 
inquire/ 
8888 1454 8000 546 check 
2222 1900 8000 100 fold 
3333 1950 8000 50 fold 
4444 1454 8000 546 check 
7777 2000 8000 0 fold 
5555 1454 8000 546 check 
1111 2000 8000 0 fold 
6666 1454 8000 546 check 
total pot: 2334 
/inquire 
recv from player 6666: call 

send inquire msg to player 1111 
inquire/ 
6666 1454 8000 546 check 
8888 1454 8000 546 check 
2222 1900 8000 100 fold 
3333 1950 8000 50 fold 
4444 1454 8000 546 check 
7777 2000 8000 0 fold 
5555 1454 8000 546 check 
1111 2000 8000 0 fold 
total pot: 2334 
/inquire 
send inquire msg to player 5555 
inquire/ 
1111 2000 8000 0 fold 
6666 1454 8000 546 check 
8888 1454 8000 546 check 
2222 1900 8000 100 fold 
3333 1950 8000 50 fold 
4444 1454 8000 546 check 
7777 2000 8000 0 fold 
5555 1454 8000 546 check 
total pot: 2334 
/inquire 
recv from player 5555: call 

send inquire msg to player 7777 
inquire/ 
5555 1454 8000 546 check 
1111 2000 8000 0 fold 
6666 1454 8000 546 check 
8888 1454 8000 546 check 
2222 1900 8000 100 fold 
3333 1950 8000 50 fold 
4444 1454 8000 546 check 
7777 2000 8000 0 fold 
total pot: 2334 
/inquire 
send inquire msg to player 4444 
inquire/ 
7777 2000 8000 0 fold 
5555 1454 8000 546 check 
1111 2000 8000 0 fold 
6666 1454 8000 546 check 
8888 1454 8000 546 check 
2222 1900 8000 100 fold 
3333 1950 8000 50 fold 
4444 1454 8000 546 check 
total pot: 2334 
/inquire 
recv from player 4444: call 

river/ 
DIAMONDS 7 
/river 

---river round bet---
valid player: 8, all in player: 0, fold player: 4
send inquire msg to player 3333 
inquire/ 
4444 1454 8000 546 check 
7777 2000 8000 0 fold 
5555 1454 8000 546 check 
1111 2000 8000 0 fold 
6666 1454 8000 546 check 
8888 1454 8000 546 check 
2222 1900 8000 100 fold 
3333 1950 8000 50 fold 
total pot: 2334 
/inquire 
send inquire msg to player 2222 
inquire/ 
3333 1950 8000 50 fold 
4444 1454 8000 546 check 
7777 2000 8000 0 fold 
5555 1454 8000 546 check 
1111 2000 8000 0 fold 
6666 1454 8000 546 check 
8888 1454 8000 546 check 
2222 1900 8000 100 fold 
total pot: 2334 
/inquire 
send inquire msg to player 8888 
inquire/ 
2222 1900 8000 100 fold 
3333 1950 8000 50 fold 
4444 1454 8000 546 check 
7777 2000 8000 0 fold 
5555 1454 8000 546 check 
1111 2000 8000 0 fold 
6666 1454 8000 546 check 
8888 1454 8000 546 check 
total pot: 2334 
/inquire 
recv from player 8888: call 

send inquire msg to player 6666 
inquire/ 
8888 1454 8000 546 check 
2222 1900 8000 100 fold 
3333 1950 8000 50 fold 
4444 1454 8000 546 check 
7777 2000 8000 0 fold 
5555 1454 8000 546 check 
1111 2000 8000 0 fold 
6666 1454 8000 546 check 
total pot: 2334 
/inquire 
recv from player 6666: call 

send inquire msg to player 1111 
inquire/ 
6666 1454 8000 546 check 
8888 1454 8000 546 check 
2222 1900 8000 100 fold 
3333 1950 8000 50 fold 
4444 1454 8000 546 check 
7777 2000 8000 0 fold 
5555 1454 8000 546 check 
1111 2000 8000 0 fold 
total pot: 2334 
/inquire 
send inquire msg to player 5555 
inquire/ 
1111 2000 8000 0 fold 
6666 1454 8000 546 check 
8888 1454 8000 546 check 
2222 1900 8000 100 fold 
3333 1950 8000 50 fold 
4444 1454 8000 546 check 
7777 2000 8000 0 fold 
5555 1454 8000 546 check 
total pot: 2334 
/inquire 
recv from player 5555: call 

send inquire msg to player 7777 
inquire/ 
5555 1454 8000 546 check 
1111 2000 8000 0 fold 
6666 1454 8000 546 check 
8888 1454 8000 546 check 
2222 1900 8000 100 fold 
3333 1950 8000 50 fold 
4444 1454 8000 546 check 
7777 2000 8000 0 fold 
total pot: 2334 
/inquire 
send inquire msg to player 4444 
inquire/ 
7777 2000 8000 0 fold 
5555 1454 8000 546 check 
1111 2000 8000 0 fold 
6666 1454 8000 546 check 
8888 1454 8000 546 check 
2222 1900 8000 100 fold 
3333 1950 8000 50 fold 
4444 1454 8000 546 check 
total pot: 2334 
/inquire 
recv from player 4444: call 


---show down---
showdown/ 
common/ 
SPADES 4 
DIAMONDS 5 
DIAMONDS 3 
CLUBS 3 
DIAMONDS 7 
/common 
1: 8888 CLUBS 6 CLUBS 8 STRAIGHT 
4: 6666 CLUBS J CLUBS 2 ONE_PAIR 
3: 5555 SPADES Q CLUBS 9 ONE_PAIR 
2: 4444 SPADES A CLUBS K ONE_PAIR 
/showdown 

---Allocate pot---
pot-win/ 
8888: 2334 
/pot-win 
it is player 3333's turn to be button

-----2 Hand-----

----- clean player data in socket -----
seat/ 
button: 3333 1950 8000 
small blind: 2222 1900 8000 
big blind: 8888 3788 8000 
6666 1454 8000 
1111 2000 8000 
5555 1454 8000 
7777 2000 8000 
4444 1454 8000 
/seat 
blind/ 
2222: 50 
8888: 100 
/blind 
player 2222:hold/ 
CLUBS J 
SPADES 5 
/hold 
player 8888:hold/ 
DIAMONDS 2 
SPADES 6 
/hold 
player 6666:hold/ 
SPADES K 
DIAMONDS 7 
/hold 
player 1111:hold/ 
HEARTS K 
DIAMONDS 3 
/hold 
player 5555:hold/ 
DIAMONDS A 
CLUBS K 
/hold 
player 7777:hold/ 
HEARTS J 
DIAMONDS 5 
/hold 
player 4444:hold/ 
HEARTS 8 
SPADES A 
/hold 
player 3333:hold/ 
DIAMONDS J 
CLUBS 8 
/hold 

---pre flop round bet---
valid player: 8, all in player: 0, fold player: 0
send inquire msg to player 6666 
inquire/ 
8888 3688 8000 100 blind 
2222 1850 8000 50 blind 
total pot: 150 
/inquire 
recv from player 6666: call 

send inquire msg to player 1111 
inquire/ 
6666 1354 8000 100 call 
8888 3688 8000 100 blind 
2222 1850 8000 50 blind 
total pot: 250 
/inquire 
recv from player 1111: call 

send inquire msg to player 5555 
inquire/ 
1111 1900 8000 100 call 
6666 1354 8000 100 call 
8888 3688 8000 100 blind 
2222 1850 8000 50 blind 
total pot: 350 
/inquire 
recv from player 5555: raise 177 

send inquire msg to player 7777 
inquire/ 
5555 1177 8000 277 raise 
1111 1900 8000 100 call 
6666 1354 8000 100 call 
8888 3688 8000 100 blind 
2222 1850 8000 50 blind 
total pot: 627 
/inquire 
recv from player 7777: fold 

send inquire msg to player 4444 
inquire/ 
7777 2000 8000 0 fold 
5555 1177 8000 277 raise 
1111 1900 8000 100 call 
6666 1354 8000 100 call 
8888 3688 8000 100 blind 
2222 1850 8000 50 blind 
total pot: 627 
/inquire 
recv from player 4444: fold 

send inquire msg to player 3333 
inquire/ 
4444 1454 8000 0 fold 
7777 2000 8000 0 fold 
5555 1177 8000 277 raise 
1111 1900 8000 100 call 
6666 1354 8000 100 call 
8888 3688 8000 100 blind 
2222 1850 8000 50 blind 
total pot: 627 
/inquire 
recv from player 3333: fold 

send inquire msg to player 2222 
inquire/ 
3333 1950 8000 0 fold 
4444 1454 8000 0 fold 
7777 2000 8000 0 fold 
5555 1177 8000 277 raise 
1111 1900 8000 100 call 
6666 1354 8000 100 call 
8888 3688 8000 100 blind 
2222 1850 8000 50 blind 
total pot: 627 
/inquire 
recv from player 2222: fold 

send inquire msg to player 8888 
inquire/ 
2222 1850 8000 50 fold 
3333 1950 8000 0 fold 
4444 1454 8000 0 fold 
7777 2000 8000 0 fold 
5555 1177 8000 277 raise 
1111 1900 8000 100 call 
6666 1354 8000 100 call 
8888 3688 8000 100 blind 
total pot: 627 
/inquire 
recv from player 8888: call 

send inquire msg to player 6666 
inquire/ 
8888 3511 8000 277 call 
2222 1850 8000 50 fold 
3333 1950 8000 0 fold 
4444 1454 8000 0 fold 
7777 2000 8000 0 fold 
5555 1177 8000 277 raise 
1111 1900 8000 100 call 
6666 1354 8000 100 call 
total pot: 804 
/inquire 
recv from player 6666: call 

send inquire msg to player 1111 
inquire/ 
6666 1177 8000 277 call 
8888 3511 8000 277 call 
2222 1850 8000 50 fold 
3333 1950 8000 0 fold 
4444 1454 8000 0 fold 
7777 2000 8000 0 fold 
5555 1177 8000 277 raise 
1111 1900 8000 100 call 
total pot: 981 
/inquire 
recv from player 1111: call 

flop/ 
HEARTS 7 
HEARTS 5 
SPADES 7 
/flop 

---flop round bet---
valid player: 8, all in player: 0, fold player: 4
send inquire msg to player 2222 
inquire/ 
3333 1950 8000 0 fold 
4444 1454 8000 0 fold 
7777 2000 8000 0 fold 
5555 1177 8000 277 raise 
1111 1723 8000 277 call 
6666 1177 8000 277 call 
8888 3511 8000 277 call 
2222 1850 8000 50 fold 
total pot: 1158 
/inquire 
send inquire msg to player 8888 
inquire/ 
2222 1850 8000 50 fold 
3333 1950 8000 0 fold 
4444 1454 8000 0 fold 
7777 2000 8000 0 fold 
5555 1177 8000 277 raise 
1111 1723 8000 277 call 
6666 1177 8000 277 call 
8888 3511 8000 277 call 
total pot: 1158 
/inquire 
recv from player 8888: call 

send inquire msg to player 6666 
inquire/ 
8888 3511 8000 277 check 
2222 1850 8000 50 fold 
3333 1950 8000 0 fold 
4444 1454 8000 0 fold 
7777 2000 8000 0 fold 
5555 1177 8000 277 raise 
1111 1723 8000 277 call 
6666 1177 8000 277 call 
total pot: 1158 
/inquire 
recv from player 6666: raise 335 

send inquire msg to player 1111 
inquire/ 
6666 842 8000 612 raise 
8888 3511 8000 277 check 
2222 1850 8000 50 fold 
3333 1950 8000 0 fold 
4444 1454 8000 0 fold 
7777 2000 8000 0 fold 
5555 1177 8000 277 raise 
1111 1723 8000 277 call 
total pot: 1493 
/inquire 
recv from player 1111: fold 

send inquire msg to player 5555 
inquire/ 
1111 1723 8000 277 fold 
6666 842 8000 612 raise 
8888 3511 8000 277 check 
2222 1850 8000 50 fold 
3333 1950 8000 0 fold 
4444 1454 8000 0 fold 
7777 2000 8000 0 fold 
5555 1177 8000 277 raise 
total pot: 1493 
/inquire 
recv from player 5555: fold 

send inquire msg to player 7777 
inquire/ 
5555 1177 8000 277 fold 
1111 1723 8000 277 fold 
6666 842 8000 612 raise 
8888 3511 8000 277 check 
2222 1850 8000 50 fold 
3333 1950 8000 0 fold 
4444 1454 8000 0 fold 
7777 2000 8000 0 fold 
total pot: 1493 
/inquire 
send inquire msg to player 4444 
inquire/ 
7777 2000 8000 0 fold 
5555 1177 8000 277 fold 
1111 1723 8000 277 fold 
6666 842 8000 612 raise 
8888 3511 8000 277 check 
2222 1850 8000 50 fold 
3333 1950 8000 0 fold 
4444 1454 8000 0 fold 
total pot: 1493 
/inquire 
send inquire msg to player 3333 
inquire/ 
4444 1454 8000 0 fold 
7777 2000 8000 0 fold 
5555 1177 8000 277 fold 
1111 1723 8000 277 fold 
6666 842 8000 612 raise 
8888 3511 8000 277 check 
2222 1850 8000 50 fold 
3333 1950 8000 0 fold 
total pot: 1493 
/inquire 
send inquire msg to player 2222 
inquire/ 
3333 1950 8000 0 fold 
4444 1454 8000 0 fold 
7777 2000 8000 0 fold 
5555 1177 8000 277 fold 
1111 1723 8000 277 fold 
6666 842 8000 612 raise 
8888 3511 8000 277 check 
2222 1850 8000 50 fold 
total pot: 1493 
/inquire 
send inquire msg to player 8888 
inquire/ 
2222 1850 8000 50 fold 
3333 1950 8000 0 fold 
4444 1454 8000 0 fold 
7777 2000 8000 0 fold 
5555 1177 8000 277 fold 
1111 1723 8000 277 fold 
6666 842 8000 612 raise 
8888 3511 8000 277 check 
total pot: 1493 
/inquire 
recv from player 8888: fold 


---turn round bet---
valid player: 8, all in player: 0, fold player: 7

---river round bet---
valid player: 8, all in player: 0, fold player: 7

--- 1 players not fold, don't need show down---

---Allocate pot---
Only player at seat 2 not fold, win all the pot 1493
pot-win/ 
6666: 1493 
/pot-win 
it is player 2222's turn to be button

-----3 Hand-----

----- clean player data in socket -----
seat/ 
button: 2222 1850 8000 
small blind: 8888 3511 8000 
big blind: 6666 2335 8000 
1111 1723 8000 
5555 1177 8000 
7777 2000 8000 
4444 1454 8000 
3333 1950 8000 
/seat 
blind/ 
8888: 50 
6666: 100 
/blind 
player 8888:hold/ 
CLUBS 10 
CLUBS 7 
/hold 
player 6666:hold/ 
SPADES 2 
HEARTS 2 
/hold 
player 1111:hold/ 
DIAMONDS K 
DIAMONDS 8 
/hold 
player 5555:hold/ 
DIAMONDS A 
CLUBS 3 
/hold 
player 7777:hold/ 
SPADES K 
HEARTS Q 
/hold 
player 4444:hold/ 
CLUBS K 
SPADES 8 
/hold 
player 3333:hold/ 
DIAMONDS 6 
SPADES J 
/hold 
player 2222:hold/ 
DIAMONDS Q 
SPADES Q 
/hold 

---pre flop round bet---
valid player: 8, all in player: 0, fold player: 0
send inquire msg to player 1111 
inquire/ 
6666 2235 8000 100 blind 
8888 3461 8000 50 blind 
total pot: 150 
/inquire 
recv from player 1111: raise 159 

send inquire msg to player 5555 
inquire/ 
1111 1464 8000 259 raise 
6666 2235 8000 100 blind 
8888 3461 8000 50 blind 
total pot: 409 
/inquire 
recv from player 5555: fold 

send inquire msg to player 7777 
inquire/ 
5555 1177 8000 0 fold 
1111 1464 8000 259 raise 
6666 2235 8000 100 blind 
8888 3461 8000 50 blind 
total pot: 409 
/inquire 
recv from player 7777: fold 

send inquire msg to player 4444 
inquire/ 
7777 2000 8000 0 fold 
5555 1177 8000 0 fold 
1111 1464 8000 259 raise 
6666 2235 8000 100 blind 
8888 3461 8000 50 blind 
total pot: 409 
/inquire 
recv from player 4444: fold 

send inquire msg to player 3333 
inquire/ 
4444 1454 8000 0 fold 
7777 2000 8000 0 fold 
5555 1177 8000 0 fold 
1111 1464 8000 259 raise 
6666 2235 8000 100 blind 
8888 3461 8000 50 blind 
total pot: 409 
/inquire 
recv from player 3333: fold 

send inquire msg to player 2222 
inquire/ 
3333 1950 8000 0 fold 
4444 1454 8000 0 fold 
7777 2000 8000 0 fold 
5555 1177 8000 0 fold 
1111 1464 8000 259 raise 
6666 2235 8000 100 blind 
8888 3461 8000 50 blind 
total pot: 409 
/inquire 
recv from player 2222: raise 500 

send inquire msg to player 8888 
inquire/ 
2222 1091 8000 759 raise 
3333 1950 8000 0 fold 
4444 1454 8000 0 fold 
7777 2000 8000 0 fold 
5555 1177 8000 0 fold 
1111 1464 8000 259 raise 
6666 2235 8000 100 blind 
8888 3461 8000 50 blind 
total pot: 1168 
/inquire 
recv from player 8888: fold 

send inquire msg to player 6666 
inquire/ 
8888 3461 8000 50 fold 
2222 1091 8000 759 raise 
3333 1950 8000 0 fold 
4444 1454 8000 0 fold 
7777 2000 8000 0 fold 
5555 1177 8000 0 fold 
1111 1464 8000 259 raise 
6666 2235 8000 100 blind 
total pot: 1168 
/inquire 
recv from player 6666: fold 

send inquire msg to player 1111 
inquire/ 
6666 2235 8000 100 fold 
8888 3461 8000 50 fold 
2222 1091 8000 759 raise 
3333 1950 8000 0 fold 
4444 1454 8000 0 fold 
7777 2000 8000 0 fold 
5555 1177 8000 0 fold 
1111 1464 8000 259 raise 
total pot: 1168 
/inquire 
recv from player 1111: fold 


---flop round bet---
valid player: 8, all in player: 0, fold player: 7

---turn round bet---
valid player: 8, all in player: 0, fold player: 7

---river round bet---
valid player: 8, all in player: 0, fold player: 7

--- 1 players not fold, don't need show down---

---Allocate pot---
Only player at seat 7 not fold, win all the pot 1168
pot-win/ 
2222: 1168 
/pot-win 
it is player 8888's turn to be button

-----4 Hand-----

----- clean player data in socket -----
seat/ 
button: 8888 3461 8000 
small blind: 6666 2235 8000 
big blind: 1111 1464 8000 
5555 1177 8000 
7777 2000 8000 
4444 1454 8000 
3333 1950 8000 
2222 2259 8000 
/seat 
blind/ 
6666: 50 
1111: 100 
/blind 
player 6666:hold/ 
DIAMONDS 2 
DIAMONDS 6 
/hold 
player 1111:hold/ 
CLUBS 3 
DIAMONDS 10 
/hold 
player 5555:hold/ 
CLUBS 4 
SPADES 6 
/hold 
player 7777:hold/ 
DIAMONDS 9 
SPADES 4 
/hold 
player 4444:hold/ 
HEARTS 2 
CLUBS 2 
/hold 
player 3333:hold/ 
DIAMONDS Q 
CLUBS 10 
/hold 
player 2222:hold/ 
DIAMONDS 7 
HEARTS A 
/hold 
player 8888:hold/ 
HEARTS Q 
SPADES 10 
/hold 

---pre flop round bet---
valid player: 8, all in player: 0, fold player: 0
send inquire msg to player 5555 
inquire/ 
1111 1364 8000 100 blind 
6666 2185 8000 50 blind 
total pot: 150 
/inquire 
recv from player 5555: call 

send inquire msg to player 7777 
inquire/ 
5555 1077 8000 100 call 
1111 1364 8000 100 blind 
6666 2185 8000 50 blind 
total pot: 250 
/inquire 
recv from player 7777: fold 

send inquire msg to player 4444 
inquire/ 
7777 2000 8000 0 fold 
5555 1077 8000 100 call 
1111 1364 8000 100 blind 
6666 2185 8000 50 blind 
total pot: 250 
/inquire 
recv from player 4444: raise 107 

send inquire msg to player 3333 
inquire/ 
4444 1247 8000 207 raise 
7777 2000 8000 0 fold 
5555 1077 8000 100 call 
1111 1364 8000 100 blind 
6666 2185 8000 50 blind 
total pot: 457 
/inquire 
recv from player 3333: fold 

send inquire msg to player 2222 
inquire/ 
3333 1950 8000 0 fold 
4444 1247 8000 207 raise 
7777 2000 8000 0 fold 
5555 1077 8000 100 call 
1111 1364 8000 100 blind 
6666 2185 8000 50 blind 
total pot: 457 
/inquire 
recv from player 2222: call 

send inquire msg to player 8888 
inquire/ 
2222 2052 8000 207 call 
3333 1950 8000 0 fold 
4444 1247 8000 207 raise 
7777 2000 8000 0 fold 
5555 1077 8000 100 call 
1111 1364 8000 100 blind 
6666 2185 8000 50 blind 
total pot: 664 
/inquire 
recv from player 8888: raise 323 

send inquire msg to player 6666 
inquire/ 
8888 2931 8000 530 raise 
2222 2052 8000 207 call 
3333 1950 8000 0 fold 
4444 1247 8000 207 raise 
7777 2000 8000 0 fold 
5555 1077 8000 100 call 
1111 1364 8000 100 blind 
6666 2185 8000 50 blind 
total pot: 1194 
/inquire 
recv from player 6666: fold 

send inquire msg to player 1111 
inquire/ 
6666 2185 8000 50 fold 
8888 2931 8000 530 raise 
2222 2052 8000 207 call 
3333 1950 8000 0 fold 
4444 1247 8000 207 raise 
7777 2000 8000 0 fold 
5555 1077 8000 100 call 
1111 1364 8000 100 blind 
total pot: 1194 
/inquire 
recv from player 1111: fold 

send inquire msg to player 5555 
inquire/ 
1111 1364 8000 100 fold 
6666 2185 8000 50 fold 
8888 2931 8000 530 raise 
2222 2052 8000 207 call 
3333 1950 8000 0 fold 
4444 1247 8000 207 raise 
7777 2000 8000 0 fold 
5555 1077 8000 100 call 
total pot: 1194 
/inquire 
recv from player 5555: fold 

send inquire msg to player 7777 
inquire/ 
5555 1077 8000 100 fold 
1111 1364 8000 100 fold 
6666 2185 8000 50 fold 
8888 2931 8000 530 raise 
2222 2052 8000 207 call 
3333 1950 8000 0 fold 
4444 1247 8000 207 raise 
7777 2000 8000 0 fold 
total pot: 1194 
/inquire 
send inquire msg to player 4444 
inquire/ 
7777 2000 8000 0 fold 
5555 1077 8000 100 fold 
1111 1364 8000 100 fold 
6666 2185 8000 50 fold 
8888 2931 8000 530 raise 
2222 2052 8000 207 call 
3333 1950 8000 0 fold 
4444 1247 8000 207 raise 
total pot: 1194 
/inquire 
recv from player 4444: fold 

send inquire msg to player 3333 
inquire/ 
4444 1247 8000 207 fold 
7777 2000 8000 0 fold 
5555 1077 8000 100 fold 
1111 1364 8000 100 fold 
6666 2185 8000 50 fold 
8888 2931 8000 530 raise 
2222 2052 8000 207 call 
3333 1950 8000 0 fold 
total pot: 1194 
/inquire 
send inquire msg to player 2222 
inquire/ 
3333 1950 8000 0 fold 
4444 1247 8000 207 fold 
7777 2000 8000 0 fold 
5555 1077 8000 100 fold 
1111 1364 8000 100 fold 
6666 2185 8000 50 fold 
8888 2931 8000 530 raise 
2222 2052 8000 207 call 
total pot: 1194 
/inquire 
recv from player 2222: call 

flop/ 
CLUBS J 
SPADES 9 
CLUBS A 
/flop 

---flop round bet---
valid player: 8, all in player: 0, fold player: 6
send inquire msg to player 6666 
inquire/ 
8888 2931 8000 530 raise 
2222 1729 8000 530 call 
3333 1950 8000 0 fold 
4444 1247 8000 207 fold 
7777 2000 8000 0 fold 
5555 1077 8000 100 fold 
1111 1364 8000 100 fold 
6666 2185 8000 50 fold 
total pot: 1517 
/inquire 
send inquire msg to player 1111 
inquire/ 
6666 2185 8000 50 fold 
8888 2931 8000 530 raise 
2222 1729 8000 530 call 
3333 1950 8000 0 fold 
4444 1247 8000 207 fold 
7777 2000 8000 0 fold 
5555 1077 8000 100 fold 
1111 1364 8000 100 fold 
total pot: 1517 
/inquire 
send inquire msg to player 5555 
inquire/ 
1111 1364 8000 100 fold 
6666 2185 8000 50 fold 
8888 2931 8000 530 raise 
2222 1729 8000 530 call 
3333 1950 8000 0 fold 
4444 1247 8000 207 fold 
7777 2000 8000 0 fold 
5555 1077 8000 100 fold 
total pot: 1517 
/inquire 
send inquire msg to player 7777 
inquire/ 
5555 1077 8000 100 fold 
1111 1364 8000 100 fold 
6666 2185 8000 50 fold 
8888 2931 8000 530 raise 
2222 1729 8000 530 call 
3333 1950 8000 0 fold 
4444 1247 8000 207 fold 
7777 2000 8000 0 fold 
total pot: 1517 
/inquire 
send inquire msg to player 4444 
inquire/ 
7777 2000 8000 0 fold 
5555 1077 8000 100 fold 
1111 1364 8000 100 fold 
6666 2185 8000 50 fold 
8888 2931 8000 530 raise 
2222 1729 8000 530 call 
3333 1950 8000 0 fold 
4444 1247 8000 207 fold 
total pot: 1517 
/inquire 
send inquire msg to player 3333 
inquire/ 
4444 1247 8000 207 fold 
7777 2000 8000 0 fold 
5555 1077 8000 100 fold 
1111 1364 8000 100 fold 
6666 2185 8000 50 fold 
8888 2931 8000 530 raise 
2222 1729 8000 530 call 
3333 1950 8000 0 fold 
total pot: 1517 
/inquire 
send inquire msg to player 2222 
inquire/ 
3333 1950 8000 0 fold 
4444 1247 8000 207 fold 
7777 2000 8000 0 fold 
5555 1077 8000 100 fold 
1111 1364 8000 100 fold 
6666 2185 8000 50 fold 
8888 2931 8000 530 raise 
2222 1729 8000 530 call 
total pot: 1517 
/inquire 
recv from player 2222: call 

send inquire msg to player 8888 
inquire/ 
2222 1729 8000 530 check 
3333 1950 8000 0 fold 
4444 1247 8000 207 fold 
7777 2000 8000 0 fold 
5555 1077 8000 100 fold 
1111 1364 8000 100 fold 
6666 2185 8000 50 fold 
8888 2931 8000 530 raise 
total pot: 1517 
/inquire 
recv from player 8888: call 

turn/ 
DIAMONDS A 
/turn 

---turn round bet---
valid player: 8, all in player: 0, fold player: 6
send inquire msg to player 6666 
inquire/ 
8888 2931 8000 530 check 
2222 1729 8000 530 check 
3333 1950 8000 0 fold 
4444 1247 8000 207 fold 
7777 2000 8000 0 fold 
5555 1077 8000 100 fold 
1111 1364 8000 100 fold 
6666 2185 8000 50 fold 
total pot: 1517 
/inquire 
send inquire msg to player 1111 
inquire/ 
6666 2185 8000 50 fold 
8888 2931 8000 530 check 
2222 1729 8000 530 check 
3333 1950 8000 0 fold 
4444 1247 8000 207 fold 
7777 2000 8000 0 fold 
5555 1077 8000 100 fold 
1111 1364 8000 100 fold 
total pot: 1517 
/inquire 
send inquire msg to player 5555 
inquire/ 
1111 1364 8000 100 fold 
6666 2185 8000 50 fold 
8888 2931 8000 530 check 
2222 1729 8000 530 check 
3333 1950 8000 0 fold 
4444 1247 8000 207 fold 
7777 2000 8000 0 fold 
5555 1077 8000 100 fold 
total pot: 1517 
/inquire 
send inquire msg to player 7777 
inquire/ 
5555 1077 8000 100 fold 
1111 1364 8000 100 fold 
6666 2185 8000 50 fold 
8888 2931 8000 530 check 
2222 1729 8000 530 check 
3333 1950 8000 0 fold 
4444 1247 8000 207 fold 
7777 2000 8000 0 fold 
total pot: 1517 
/inquire 
send inquire msg to player 4444 
inquire/ 
7777 2000 8000 0 fold 
5555 1077 8000 100 fold 
1111 1364 8000 100 fold 
6666 2185 8000 50 fold 
8888 2931 8000 530 check 
2222 1729 8000 530 check 
3333 1950 8000 0 fold 
4444 1247 8000 207 fold 
total pot: 1517 
/inquire 
send inquire msg to player 3333 
inquire/ 
4444 1247 8000 207 fold 
7777 2000 8000 0 fold 
5555 1077 8000 100 fold 
1111 1364 8000 100 fold 
6666 2185 8000 50 fold 
8888 2931 8000 530 check 
2222 1729 8000 530 check 
3333 1950 8000 0 fold 
total pot: 1517 
/inquire 
send inquire msg to player 2222 
inquire/ 
3333 1950 8000 0 fold 
4444 1247 8000 207 fold 
7777 2000 8000 0 fold 
5555 1077 8000 100 fold 
1111 1364 8000 100 fold 
6666 2185 8000 50 fold 
8888 2931 8000 530 check 
2222 1729 8000 530 check 
total pot: 1517 
/inquire 
recv from player 2222: call 

send inquire msg to player 8888 
inquire/ 
2222 1729 8000 530 check 
3333 1950 8000 0 fold 
4444 1247 8000 207 fold 
7777 2000 8000 0 fold 
5555 1077 8000 100 fold 
1111 1364 8000 100 fold 
6666 2185 8000 50 fold 
8888 2931 8000 530 check 
total pot: 1517 
/inquire 
recv from player 8888: call 

river/ 
HEARTS J 
/river 

---river round bet---
valid player: 8, all in player: 0, fold player: 6
send inquire msg to player 6666 
inquire/ 
8888 2931 8000 530 check 
2222 1729 8000 530 check 
3333 1950 8000 0 fold 
4444 1247 8000 207 fold 
7777 2000 8000 0 fold 
5555 1077 8000 100 fold 
1111 1364 8000 100 fold 
6666 2185 8000 50 fold 
total pot: 1517 
/inquire 
send inquire msg to player 1111 
inquire/ 
6666 2185 8000 50 fold 
8888 2931 8000 530 check 
2222 1729 8000 530 check 
3333 1950 8000 0 fold 
4444 1247 8000 207 fold 
7777 2000 8000 0 fold 
5555 1077 8000 100 fold 
1111 1364 8000 100 fold 
total pot: 1517 
/inquire 
send inquire msg to player 5555 
inquire/ 
1111 1364 8000 100 fold 
6666 2185 8000 50 fold 
8888 2931 8000 530 check 
2222 1729 8000 530 check 
3333 1950 8000 0 fold 
4444 1247 8000 207 fold 
7777 2000 8000 0 fold 
5555 1077 8000 100 fold 
total pot: 1517 
/inquire 
send inquire msg to player 7777 
inquire/ 
5555 1077 8000 100 fold 
1111 1364 8000 100 fold 
6666 2185 8000 50 fold 
8888 2931 8000 530 check 
2222 1729 8000 530 check 
3333 1950 8000 0 fold 
4444 1247 8000 207 fold 
7777 2000 8000 0 fold 
total pot: 1517 
/inquire 
send inquire msg to player 4444 
inquire/ 
7777 2000 8000 0 fold 
5555 1077 8000 100 fold 
1111 1364 8000 100 fold 
6666 2185 8000 50 fold 
8888 2931 8000 530 check 
2222 1729 8000 530 check 
3333 1950 8000 0 fold 
4444 1247 8000 207 fold 
total pot: 1517 
/inquire 
send inquire msg to player 3333 
inquire/ 
4444 1247 8000 207 fold 
7777 2000 8000 0 fold 
5555 1077 8000 100 fold 
1111 1364 8000 100 fold 
6666 2185 8000 50 fold 
8888 2931 8000 530 check 
2222 1729 8000 530 check 
3333 1950 8000 0 fold 
total pot: 1517 
/inquire 
send inquire msg to player 2222 
inquire/ 
3333 1950 8000 0 fold 
4444 1247 8000 207 fold 
7777 2000 8000 0 fold 
5555 1077 8000 100 fold 
1111 1364 8000 100 fold 
6666 2185 8000 50 fold 
8888 2931 8000 530 check 
2222 1729 8000 530 check 
total pot: 1517 
/inquire 
recv from player 2222: call 

send inquire msg to player 8888 
inquire/ 
2222 1729 8000 530 check 
3333 1950 8000 0 fold 
4444 1247 8000 207 fold 
7777 2000 8000 0 fold 
5555 1077 8000 100 fold 
1111 1364 8000 100 fold 
6666 2185 8000 50 fold 
8888 2931 8000 530 check 
total pot: 1517 
/inquire 
recv from player 8888: call 


---show down---
showdown/ 
common/ 
CLUBS J 
SPADES 9 
CLUBS A 
DIAMONDS A 
HEARTS J 
/common 
1: 2222 DIAMONDS 7 HEARTS A FULL_HOUSE 
2: 8888 HEARTS Q SPADES 10 TWO_PAIR 
/showdown 

---Allocate pot---
pot-win/ 
2222: 1517 
/pot-win 
it is player 6666's turn to be button

-----5 Hand-----

----- clean player data in socket -----
seat/ 
button: 6666 2185 8000 
small blind: 1111 1364 8000 
big blind: 5555 1077 8000 
7777 2000 8000 
4444 1247 8000 
3333 1950 8000 
2222 3246 8000 
8888 2931 8000 
/seat 
blind/ 
1111: 50 
5555: 100 
/blind 
player 1111:hold/ 
DIAMONDS 4 
CLUBS 10 
/hold 
player 5555:hold/ 
CLUBS 2 
SPADES 6 
/hold 
player 7777:hold/ 
HEARTS A 
HEARTS 7 
/hold 
player 4444:hold/ 
HEARTS 5 
SPADES 4 
/hold 
player 3333:hold/ 
SPADES 2 
DIAMONDS Q 
/hold 
player 2222:hold/ 
DIAMONDS 10 
HEARTS K 
/hold 
player 8888:hold/ 
DIAMONDS 9 
DIAMONDS 7 
/hold 
player 6666:hold/ 
DIAMONDS 2 
CLUBS 3 
/hold 

---pre flop round bet---
valid player: 8, all in player: 0, fold player: 0
send inquire msg to player 7777 
inquire/ 
5555 977 8000 100 blind 
1111 1314 8000 50 blind 
total pot: 150 
/inquire 
recv from player 7777: fold 

send inquire msg to player 4444 
inquire/ 
7777 2000 8000 0 fold 
5555 977 8000 100 blind 
1111 1314 8000 50 blind 
total pot: 150 
/inquire 
recv from player 4444: call 

send inquire msg to player 3333 
inquire/ 
4444 1147 8000 100 call 
7777 2000 8000 0 fold 
5555 977 8000 100 blind 
1111 1314 8000 50 blind 
total pot: 250 
/inquire 
recv from player 3333: fold 

send inquire msg to player 2222 
inquire/ 
3333 1950 8000 0 fold 
4444 1147 8000 100 call 
7777 2000 8000 0 fold 
5555 977 8000 100 blind 
1111 1314 8000 50 blind 
total pot: 250 
/inquire 
recv from player 2222: call 

send inquire msg to player 8888 
inquire/ 
2222 3146 8000 100 call 
3333 1950 8000 0 fold 
4444 1147 8000 100 call 
7777 2000 8000 0 fold 
5555 977 8000 100 blind 
1111 1314 8000 50 blind 
total pot: 350 
/inquire 
recv from player 8888: raise 216 

send inquire msg to player 6666 
inquire/ 
8888 2615 8000 316 raise 
2222 3146 8000 100 call 
3333 1950 8000 0 fold 
4444 1147 8000 100 call 
7777 2000 8000 0 fold 
5555 977 8000 100 blind 
1111 1314 8000 50 blind 
total pot: 666 
/inquire 
recv from player 6666: fold 

send inquire msg to player 1111 
inquire/ 
6666 2185 8000 0 fold 
8888 2615 8000 316 raise 
2222 3146 8000 100 call 
3333 1950 8000 0 fold 
4444 1147 8000 100 call 
7777 2000 8000 0 fold 
5555 977 8000 100 blind 
1111 1314 8000 50 blind 
total pot: 666 
/inquire 
recv from player 1111: fold 

send inquire msg to player 5555 
inquire/ 
1111 1314 8000 50 fold 
6666 2185 8000 0 fold 
8888 2615 8000 316 raise 
2222 3146 8000 100 call 
3333 1950 8000 0 fold 
4444 1147 8000 100 call 
7777 2000 8000 0 fold 
5555 977 8000 100 blind 
total pot: 666 
/inquire 
recv from player 5555: fold 

send inquire msg to player 7777 
inquire/ 
5555 977 8000 100 fold 
1111 1314 8000 50 fold 
6666 2185 8000 0 fold 
8888 2615 8000 316 raise 
2222 3146 8000 100 call 
3333 1950 8000 0 fold 
4444 1147 8000 100 call 
7777 2000 8000 0 fold 
total pot: 666 
/inquire 
send inquire msg to player 4444 
inquire/ 
7777 2000 8000 0 fold 
5555 977 8000 100 fold 
1111 1314 8000 50 fold 
6666 2185 8000 0 fold 
8888 2615 8000 316 raise 
2222 3146 8000 100 call 
3333 1950 8000 0 fold 
4444 1147 8000 100 call 
total pot: 666 
/inquire 
recv from player 4444: fold 

send inquire msg to player 3333 
inquire/ 
4444 1147 8000 100 fold 
7777 2000 8000 0 fold 
5555 977 8000 100 fold 
1111 1314 8000 50 fold 
6666 2185 8000 0 fold 
8888 2615 8000 316 raise 
2222 3146 8000 100 call 
3333 1950 8000 0 fold 
total pot: 666 
/inquire 
send inquire msg to player 2222 
inquire/ 
3333 1950 8000 0 fold 
4444 1147 8000 100 fold 
7777 2000 8000 0 fold 
5555 977 8000 100 fold 
1111 1314 8000 50 fold 
6666 2185 8000 0 fold 
8888 2615 8000 316 raise 
2222 3146 8000 100 call 
total pot: 666 
/inquire 
recv from player 2222: call 

flop/ 
DIAMONDS 8 
HEARTS 2 
HEARTS 3 
/flop 

---flop round bet---
valid player: 8, all in player: 0, fold player: 6
send inquire msg to player 1111 
inquire/ 
6666 2185 8000 0 fold 
8888 2615 8000 316 raise 
2222 2930 8000 316 call 
3333 1950 8000 0 fold 
4444 1147 8000 100 fold 
7777 2000 8000 0 fold 
5555 977 8000 100 fold 
1111 1314 8000 50 fold 
total pot: 882 
/inquire 
send inquire msg to player 5555 
inquire/ 
1111 1314 8000 50 fold 
6666 2185 8000 0 fold 
8888 2615 8000 316 raise 
2222 2930 8000 316 call 
3333 1950 8000 0 fold 
4444 1147 8000 100 fold 
7777 2000 8000 0 fold 
5555 977 8000 100 fold 
total pot: 882 
/inquire 
send inquire msg to player 7777 
inquire/ 
5555 977 8000 100 fold 
1111 1314 8000 50 fold 
6666 2185 8000 0 fold 
8888 2615 8000 316 raise 
2222 2930 8000 316 call 
3333 1950 8000 0 fold 
4444 1147 8000 100 fold 
7777 2000 8000 0 fold 
total pot: 882 
/inquire 
send inquire msg to player 4444 
inquire/ 
7777 2000 8000 0 fold 
5555 977 8000 100 fold 
1111 1314 8000 50 fold 
6666 2185 8000 0 fold 
8888 2615 8000 316 raise 
2222 2930 8000 316 call 
3333 1950 8000 0 fold 
4444 1147 8000 100 fold 
total pot: 882 
/inquire 
send inquire msg to player 3333 
inquire/ 
4444 1147 8000 100 fold 
7777 2000 8000 0 fold 
5555 977 8000 100 fold 
1111 1314 8000 50 fold 
6666 2185 8000 0 fold 
8888 2615 8000 316 raise 
2222 2930 8000 316 call 
3333 1950 8000 0 fold 
total pot: 882 
/inquire 
send inquire msg to player 2222 
inquire/ 
3333 1950 8000 0 fold 
4444 1147 8000 100 fold 
7777 2000 8000 0 fold 
5555 977 8000 100 fold 
1111 1314 8000 50 fold 
6666 2185 8000 0 fold 
8888 2615 8000 316 raise 
2222 2930 8000 316 call 
total pot: 882 
/inquire 
recv from player 2222: call 

send inquire msg to player 8888 
inquire/ 
2222 2930 8000 316 check 
3333 1950 8000 0 fold 
4444 1147 8000 100 fold 
7777 2000 8000 0 fold 
5555 977 8000 100 fold 
1111 1314 8000 50 fold 
6666 2185 8000 0 fold 
8888 2615 8000 316 raise 
total pot: 882 
/inquire 
recv from player 8888: call 

turn/ 
SPADES 9 
/turn 

---turn round bet---
valid player: 8, all in player: 0, fold player: 6
send inquire msg to player 1111 
inquire/ 
6666 2185 8000 0 fold 
8888 2615 8000 316 check 
2222 2930 8000 316 check 
3333 1950 8000 0 fold 
4444 1147 8000 100 fold 
7777 2000 8000 0 fold 
5555 977 8000 100 fold 
1111 1314 8000 50 fold 
total pot: 882 
/inquire 
send inquire msg to player 5555 
inquire/ 
1111 1314 8000 50 fold 
6666 2185 8000 0 fold 
8888 2615 8000 316 check 
2222 2930 8000 316 check 
3333 1950 8000 0 fold 
4444 1147 8000 100 fold 
7777 2000 8000 0 fold 
5555 977 8000 100 fold 
total pot: 882 
/inquire 
send inquire msg to player 7777 
inquire/ 
5555 977 8000 100 fold 
1111 1314 8000 50 fold 
6666 2185 8000 0 fold 
8888 2615 8000 316 check 
2222 2930 8000 316 check 
3333 1950 8000 0 fold 
4444 1147 8000 100 fold 
7777 2000 8000 0 fold 
total pot: 882 
/inquire 
send inquire msg to player 4444 
inquire/ 
7777 2000 8000 0 fold 
5555 977 8000 100 fold 
1111 1314 8000 50 fold 
6666 2185 8000 0 fold 
8888 2615 8000 316 check 
2222 2930 8000 316 check 
3333 1950 8000 0 fold 
4444 1147 8000 100 fold 
total pot: 882 
/inquire 
send inquire msg to player 3333 
inquire/ 
4444 1147 8000 100 fold 
7777 2000 8000 0 fold 
5555 977 8000 100 fold 
1111 1314 8000 50 fold 
6666 2185 8000 0 fold 
8888 2615 8000 316 check 
2222 2930 8000 316 check 
3333 1950 8000 0 fold 
total pot: 882 
/inquire 
send inquire msg to player 2222 
inquire/ 
3333 1950 8000 0 fold 
4444 1147 8000 100 fold 
7777 2000 8000 0 fold 
5555 977 8000 100 fold 
1111 1314 8000 50 fold 
6666 2185 8000 0 fold 
8888 2615 8000 316 check 
2222 2930 8000 316 check 
total pot: 882 
/inquire 
recv from player 2222: call 

send inquire msg to player 8888 
inquire/ 
2222 2930 8000 316 check 
3333 1950 8000 0 fold 
4444 1147 8000 100 fold 
7777 2000 8000 0 fold 
5555 977 8000 100 fold 
1111 1314 8000 50 fold 
6666 2185 8000 0 fold 
8888 2615 8000 316 check 
total pot: 882 
/inquire 
recv from player 8888: call 

river/ 
