

===VERSION 1.26===
---GAME START @ 2015-6-8-22-30-16---

wait registration for 30 seconds
reg: 2222 DSB  reg: 3333 Zi need_notify 
reg: 8888 yjk need_notify 
reg: 5555 JunLinTianXia 
reg: 7777 CQchappie need_notify 
reg: 4444 DSNJU 
reg: 6666 DSNJU 
reg: 1111 ShuQi need_notify  
close registration

-----1 Hand-----

----- clean player data in socket -----
seat/ 
button: 4444 2000 2000 
small blind: 6666 2000 2000 
big blind: 8888 2000 2000 
5555 2000 2000 
1111 2000 2000 
3333 2000 2000 
7777 2000 2000 
2222 2000 2000 
/seat 
blind/ 
6666: 20 
8888: 40 
/blind 
player 6666:hold/ 
CLUBS 9 
SPADES 7 
/hold 
player 8888:hold/ 
SPADES 9 
SPADES 8 
/hold 
player 5555:hold/ 
CLUBS 5 
DIAMONDS 9 
/hold 
player 1111:hold/ 
SPADES 10 
CLUBS Q 
/hold 
player 3333:hold/ 
DIAMONDS 3 
HEARTS Q 
/hold 
player 7777:hold/ 
DIAMONDS Q 
CLUBS A 
/hold 
player 2222:hold/ 
SPADES Q 
CLUBS K 
/hold 
player 4444:hold/ 
DIAMONDS A 
SPADES J 
/hold 

---pre flop round bet---
valid player: 8, all in player: 0, fold player: 0

send inquire msg to player 5555(seat:2) 
inquire/ 
8888 1960 2000 40 blind 
6666 1980 2000 20 blind 
total pot: 60 
/inquire 
recv from player 5555: fold 


send inquire msg to player 1111(seat:3) 
inquire/ 
5555 2000 2000 0 fold 
8888 1960 2000 40 blind 
6666 1980 2000 20 blind 
total pot: 60 
/inquire 
recv from player 1111: fold 


send inquire msg to player 3333(seat:4) 
inquire/ 
1111 2000 2000 0 fold 
5555 2000 2000 0 fold 
8888 1960 2000 40 blind 
6666 1980 2000 20 blind 
total pot: 60 
/inquire 
recv from player 3333: fold 


send inquire msg to player 7777(seat:5) 
inquire/ 
3333 2000 2000 0 fold 
1111 2000 2000 0 fold 
5555 2000 2000 0 fold 
8888 1960 2000 40 blind 
6666 1980 2000 20 blind 
total pot: 60 
/inquire 
recv from player 7777: raise 40 


send inquire msg to player 2222(seat:6) 
inquire/ 
7777 1920 2000 80 raise 
3333 2000 2000 0 fold 
1111 2000 2000 0 fold 
5555 2000 2000 0 fold 
8888 1960 2000 40 blind 
6666 1980 2000 20 blind 
total pot: 140 
/inquire 
recv from player 2222: call 

send inquire msg to player 4444(seat:7) 
inquire/ 
2222 1920 2000 80 call 
7777 1920 2000 80 raise 
3333 2000 2000 0 fold 
1111 2000 2000 0 fold 
5555 2000 2000 0 fold 
8888 1960 2000 40 blind 
6666 1980 2000 20 blind 
total pot: 220 
/inquire 
recv from player 4444: fold


send inquire msg to player 6666(seat:0) 
inquire/ 
4444 2000 2000 0 fold 
2222 1920 2000 80 call 
7777 1920 2000 80 raise 
3333 2000 2000 0 fold 
1111 2000 2000 0 fold 
5555 2000 2000 0 fold 
8888 1960 2000 40 blind 
6666 1980 2000 20 blind 
total pot: 220 
/inquire 
recv from player 6666: fold


send inquire msg to player 8888(seat:1) 
inquire/ 
6666 1980 2000 20 fold 
4444 2000 2000 0 fold 
2222 1920 2000 80 call 
7777 1920 2000 80 raise 
3333 2000 2000 0 fold 
1111 2000 2000 0 fold 
5555 2000 2000 0 fold 
8888 1960 2000 40 blind 
total pot: 220 
/inquire 
recv from player 8888: call 

valid player: 8, all in player: 0, fold player: 5

----- send notify msg from 2 to 0(exclude) -----

player 5555(seat:2) doesn't need notify-msg

send notify msg to player 1111(seat:3) 
notify/ 
5555 2000 2000 0 fold 
8888 1920 2000 80 call 
6666 1980 2000 20 fold 
4444 2000 2000 0 fold 
2222 1920 2000 80 call 
7777 1920 2000 80 raise 
3333 2000 2000 0 fold 
1111 2000 2000 0 fold 
total pot: 260 
/notify 

send notify msg to player 3333(seat:4) 
notify/ 
1111 2000 2000 0 fold 
5555 2000 2000 0 fold 
8888 1920 2000 80 call 
6666 1980 2000 20 fold 
4444 2000 2000 0 fold 
2222 1920 2000 80 call 
7777 1920 2000 80 raise 
3333 2000 2000 0 fold 
total pot: 260 
/notify 

send notify msg to player 7777(seat:5) 
notify/ 
3333 2000 2000 0 fold 
1111 2000 2000 0 fold 
5555 2000 2000 0 fold 
8888 1920 2000 80 call 
6666 1980 2000 20 fold 
4444 2000 2000 0 fold 
2222 1920 2000 80 call 
7777 1920 2000 80 raise 
total pot: 260 
/notify 

player 2222(seat:6) doesn't need notify-msg

player 4444(seat:7) doesn't need notify-msg
flop/ 
HEARTS 2 
SPADES A 
HEARTS 6 
/flop 

---flop round bet---
valid player: 8, all in player: 0, fold player: 5

player 6666(seat:0) doesn't need notify-msg

send inquire msg to player 8888(seat:1) 
inquire/ 
6666 1980 2000 20 fold 
4444 2000 2000 0 fold 
2222 1920 2000 80 call 
7777 1920 2000 80 raise 
3333 2000 2000 0 fold 
1111 2000 2000 0 fold 
5555 2000 2000 0 fold 
8888 1920 2000 80 call 
total pot: 260 
/inquire 
recv from player 8888: fold 


player 5555(seat:2) doesn't need notify-msg

send notify msg to player 1111(seat:3) 
notify/ 
5555 2000 2000 0 fold 
8888 1920 2000 80 fold 
6666 1980 2000 20 fold 
4444 2000 2000 0 fold 
2222 1920 2000 80 call 
7777 1920 2000 80 raise 
3333 2000 2000 0 fold 
1111 2000 2000 0 fold 
total pot: 260 
/notify 

send notify msg to player 3333(seat:4) 
notify/ 
1111 2000 2000 0 fold 
5555 2000 2000 0 fold 
8888 1920 2000 80 fold 
6666 1980 2000 20 fold 
4444 2000 2000 0 fold 
2222 1920 2000 80 call 
7777 1920 2000 80 raise 
3333 2000 2000 0 fold 
total pot: 260 
/notify 

send inquire msg to player 7777(seat:5) 
inquire/ 
3333 2000 2000 0 fold 
1111 2000 2000 0 fold 
5555 2000 2000 0 fold 
8888 1920 2000 80 fold 
6666 1980 2000 20 fold 
4444 2000 2000 0 fold 
2222 1920 2000 80 call 
7777 1920 2000 80 raise 
total pot: 260 
/inquire 
recv from player 7777: check 


send inquire msg to player 2222(seat:6) 
inquire/ 
7777 1920 2000 80 check 
3333 2000 2000 0 fold 
1111 2000 2000 0 fold 
5555 2000 2000 0 fold 
8888 1920 2000 80 fold 
6666 1980 2000 20 fold 
4444 2000 2000 0 fold 
2222 1920 2000 80 call 
total pot: 260 
/inquire 
recv from player 2222: raise 100 

player 4444(seat:7) doesn't need notify-msg

player 6666(seat:0) doesn't need notify-msg

send notify msg to player 8888(seat:1) 
notify/ 
6666 1980 2000 20 fold 
4444 2000 2000 0 fold 
2222 1820 2000 180 raise 
7777 1920 2000 80 check 
3333 2000 2000 0 fold 
1111 2000 2000 0 fold 
5555 2000 2000 0 fold 
8888 1920 2000 80 fold 
total pot: 360 
/notify 

player 5555(seat:2) doesn't need notify-msg

send notify msg to player 1111(seat:3) 
notify/ 
5555 2000 2000 0 fold 
8888 1920 2000 80 fold 
6666 1980 2000 20 fold 
4444 2000 2000 0 fold 
2222 1820 2000 180 raise 
7777 1920 2000 80 check 
3333 2000 2000 0 fold 
1111 2000 2000 0 fold 
total pot: 360 
/notify 

send notify msg to player 3333(seat:4) 
notify/ 
1111 2000 2000 0 fold 
5555 2000 2000 0 fold 
8888 1920 2000 80 fold 
6666 1980 2000 20 fold 
4444 2000 2000 0 fold 
2222 1820 2000 180 raise 
7777 1920 2000 80 check 
3333 2000 2000 0 fold 
total pot: 360 
/notify 

send inquire msg to player 7777(seat:5) 
inquire/ 
3333 2000 2000 0 fold 
1111 2000 2000 0 fold 
5555 2000 2000 0 fold 
8888 1920 2000 80 fold 
6666 1980 2000 20 fold 
4444 2000 2000 0 fold 
2222 1820 2000 180 raise 
7777 1920 2000 80 check 
total pot: 360 
/inquire 
recv from player 7777: call 

valid player: 8, all in player: 0, fold player: 6

----- send notify msg from 6 to 0(exclude) -----

player 2222(seat:6) doesn't need notify-msg

player 4444(seat:7) doesn't need notify-msg
turn/ 
CLUBS 3 
/turn 

---turn round bet---
valid player: 8, all in player: 0, fold player: 6

player 6666(seat:0) doesn't need notify-msg

send notify msg to player 8888(seat:1) 
notify/ 
6666 1980 2000 20 fold 
4444 2000 2000 0 fold 
2222 1820 2000 180 raise 
7777 1820 2000 180 call 
3333 2000 2000 0 fold 
1111 2000 2000 0 fold 
5555 2000 2000 0 fold 
8888 1920 2000 80 fold 
total pot: 460 
/notify 

player 5555(seat:2) doesn't need notify-msg

send notify msg to player 1111(seat:3) 
notify/ 
5555 2000 2000 0 fold 
8888 1920 2000 80 fold 
6666 1980 2000 20 fold 
4444 2000 2000 0 fold 
2222 1820 2000 180 raise 
7777 1820 2000 180 call 
3333 2000 2000 0 fold 
1111 2000 2000 0 fold 
total pot: 460 
/notify 

send notify msg to player 3333(seat:4) 
notify/ 
1111 2000 2000 0 fold 
5555 2000 2000 0 fold 
8888 1920 2000 80 fold 
6666 1980 2000 20 fold 
4444 2000 2000 0 fold 
2222 1820 2000 180 raise 
7777 1820 2000 180 call 
3333 2000 2000 0 fold 
total pot: 460 
/notify 

send inquire msg to player 7777(seat:5) 
inquire/ 
3333 2000 2000 0 fold 
1111 2000 2000 0 fold 
5555 2000 2000 0 fold 
8888 1920 2000 80 fold 
6666 1980 2000 20 fold 
4444 2000 2000 0 fold 
2222 1820 2000 180 raise 
7777 1820 2000 180 call 
total pot: 460 
/inquire 
recv from player 7777: raise 116 


send inquire msg to player 2222(seat:6) 
inquire/ 
7777 1704 2000 296 raise 
3333 2000 2000 0 fold 
1111 2000 2000 0 fold 
5555 2000 2000 0 fold 
8888 1920 2000 80 fold 
6666 1980 2000 20 fold 
4444 2000 2000 0 fold 
2222 1820 2000 180 raise 
total pot: 576 
/inquire 
recv from player 2222: fold 
valid player: 8, all in player: 0, fold player: 7

----- send notify msg from 7 to 6(exclude) -----

player 4444(seat:7) doesn't need notify-msg

player 6666(seat:0) doesn't need notify-msg

send notify msg to player 8888(seat:1) 
notify/ 
6666 1980 2000 20 fold 
4444 2000 2000 0 fold 
2222 1820 2000 180 fold 
7777 1704 2000 296 raise 
3333 2000 2000 0 fold 
1111 2000 2000 0 fold 
5555 2000 2000 0 fold 
8888 1920 2000 80 fold 
total pot: 576 
/notify 

player 5555(seat:2) doesn't need notify-msg

send notify msg to player 1111(seat:3) 
notify/ 
5555 2000 2000 0 fold 
8888 1920 2000 80 fold 
6666 1980 2000 20 fold 
4444 2000 2000 0 fold 
2222 1820 2000 180 fold 
7777 1704 2000 296 raise 
3333 2000 2000 0 fold 
1111 2000 2000 0 fold 
total pot: 576 
/notify 

send notify msg to player 3333(seat:4) 
notify/ 
1111 2000 2000 0 fold 
5555 2000 2000 0 fold 
8888 1920 2000 80 fold 
6666 1980 2000 20 fold 
4444 2000 2000 0 fold 
2222 1820 2000 180 fold 
7777 1704 2000 296 raise 
3333 2000 2000 0 fold 
total pot: 576 
/notify 

send notify msg to player 7777(seat:5) 
notify/ 
3333 2000 2000 0 fold 
1111 2000 2000 0 fold 
5555 2000 2000 0 fold 
8888 1920 2000 80 fold 
6666 1980 2000 20 fold 
4444 2000 2000 0 fold 
2222 1820 2000 180 fold 
7777 1704 2000 296 raise 
total pot: 576 
/notify 

---river round bet---
valid player: 8, all in player: 0, fold player: 7

--- 1 players not fold, don't need show down---

---Allocate pot---
Only player at seat 5 not fold, win all the pot 576
pot-win/ 
7777: 576 
/pot-win 
it is player 6666's turn to be button

-----2 Hand-----

----- clean player data in socket -----
seat/ 
button: 6666 1980 2000 
small blind: 8888 1920 2000 
big blind: 5555 2000 2000 
1111 2000 2000 
3333 2000 2000 
7777 2280 2000 
2222 1820 2000 
4444 2000 2000 
/seat 
blind/ 
8888: 20 
5555: 40 
/blind 
player 8888:hold/ 
DIAMONDS 7 
CLUBS 2 
/hold 
player 5555:hold/ 
HEARTS 7 
HEARTS 8 
/hold 
player 1111:hold/ 
DIAMONDS 9 
HEARTS 3 
/hold 
player 3333:hold/ 
SPADES Q 
DIAMONDS 8 
/hold 
player 7777:hold/ 
CLUBS 8 
SPADES 5 
/hold 
player 2222:hold/ 
DIAMONDS 5 
CLUBS J 
/hold 
player 4444:hold/ 
SPADES A 
DIAMONDS Q 
/hold 
player 6666:hold/ 
SPADES 2 
DIAMONDS K 
/hold 

---pre flop round bet---
valid player: 8, all in player: 0, fold player: 0

send inquire msg to player 1111(seat:2) 
inquire/ 
5555 1960 2000 40 blind 
8888 1900 2000 20 blind 
total pot: 60 
/inquire 
recv from player 1111: fold 


send inquire msg to player 3333(seat:3) 
inquire/ 
1111 2000 2000 0 fold 
5555 1960 2000 40 blind 
8888 1900 2000 20 blind 
total pot: 60 
/inquire 
recv from player 3333: check 


send inquire msg to player 7777(seat:4) 
inquire/ 
3333 1960 2000 40 call 
1111 2000 2000 0 fold 
5555 1960 2000 40 blind 
8888 1900 2000 20 blind 
total pot: 100 
/inquire 
recv from player 7777: fold 


send inquire msg to player 2222(seat:5) 
inquire/ 
7777 2280 2000 0 fold 
3333 1960 2000 40 call 
1111 2000 2000 0 fold 
5555 1960 2000 40 blind 
8888 1900 2000 20 blind 
total pot: 100 
/inquire 
recv from player 2222: fold 

send inquire msg to player 4444(seat:6) 
inquire/ 
2222 1820 2000 0 fold 
7777 2280 2000 0 fold 
3333 1960 2000 40 call 
1111 2000 2000 0 fold 
5555 1960 2000 40 blind 
8888 1900 2000 20 blind 
total pot: 100 
/inquire 
recv from player 4444: call


send inquire msg to player 6666(seat:7) 
inquire/ 
4444 1960 2000 40 call 
2222 1820 2000 0 fold 
7777 2280 2000 0 fold 
3333 1960 2000 40 call 
1111 2000 2000 0 fold 
5555 1960 2000 40 blind 
8888 1900 2000 20 blind 
total pot: 140 
/inquire 
recv from player 6666: fold


send inquire msg to player 8888(seat:0) 
inquire/ 
6666 1980 2000 0 fold 
4444 1960 2000 40 call 
2222 1820 2000 0 fold 
7777 2280 2000 0 fold 
3333 1960 2000 40 call 
1111 2000 2000 0 fold 
5555 1960 2000 40 blind 
8888 1900 2000 20 blind 
total pot: 140 
/inquire 
recv from player 8888: fold 


send inquire msg to player 5555(seat:1) 
inquire/ 
8888 1900 2000 20 fold 
6666 1980 2000 0 fold 
4444 1960 2000 40 call 
2222 1820 2000 0 fold 
7777 2280 2000 0 fold 
3333 1960 2000 40 call 
1111 2000 2000 0 fold 
5555 1960 2000 40 blind 
total pot: 140 
/inquire 
recv from player 5555: raise 100 


send notify msg to player 1111(seat:2) 
notify/ 
5555 1860 2000 140 raise 
8888 1900 2000 20 fold 
6666 1980 2000 0 fold 
4444 1960 2000 40 call 
2222 1820 2000 0 fold 
7777 2280 2000 0 fold 
3333 1960 2000 40 call 
1111 2000 2000 0 fold 
total pot: 240 
/notify 

send inquire msg to player 3333(seat:3) 
inquire/ 
1111 2000 2000 0 fold 
5555 1860 2000 140 raise 
8888 1900 2000 20 fold 
6666 1980 2000 0 fold 
4444 1960 2000 40 call 
2222 1820 2000 0 fold 
7777 2280 2000 0 fold 
3333 1960 2000 40 call 
total pot: 240 
/inquire 
recv from player 3333: check 


send notify msg to player 7777(seat:4) 
notify/ 
3333 1860 2000 140 call 
1111 2000 2000 0 fold 
5555 1860 2000 140 raise 
8888 1900 2000 20 fold 
6666 1980 2000 0 fold 
4444 1960 2000 40 call 
2222 1820 2000 0 fold 
7777 2280 2000 0 fold 
total pot: 340 
/notify 

player 2222(seat:5) doesn't need notify-msg

send inquire msg to player 4444(seat:6) 
inquire/ 
2222 1820 2000 0 fold 
7777 2280 2000 0 fold 
3333 1860 2000 140 call 
1111 2000 2000 0 fold 
5555 1860 2000 140 raise 
8888 1900 2000 20 fold 
6666 1980 2000 0 fold 
4444 1960 2000 40 call 
total pot: 340 
/inquire 
recv from player 4444: fold

valid player: 8, all in player: 0, fold player: 6

----- send notify msg from 7 to 0(exclude) -----

player 6666(seat:7) doesn't need notify-msg
flop/ 
SPADES 4 
DIAMONDS 2 
CLUBS 4 
/flop 

---flop round bet---
valid player: 8, all in player: 0, fold player: 6

send notify msg to player 8888(seat:0) 
notify/ 
6666 1980 2000 0 fold 
4444 1960 2000 40 fold 
2222 1820 2000 0 fold 
7777 2280 2000 0 fold 
3333 1860 2000 140 call 
1111 2000 2000 0 fold 
5555 1860 2000 140 raise 
8888 1900 2000 20 fold 
total pot: 340 
/notify 

send inquire msg to player 5555(seat:1) 
inquire/ 
8888 1900 2000 20 fold 
6666 1980 2000 0 fold 
4444 1960 2000 40 fold 
2222 1820 2000 0 fold 
7777 2280 2000 0 fold 
3333 1860 2000 140 call 
1111 2000 2000 0 fold 
5555 1860 2000 140 raise 
total pot: 340 
/inquire 
recv from player 5555: check 


send notify msg to player 1111(seat:2) 
notify/ 
5555 1860 2000 140 check 
8888 1900 2000 20 fold 
6666 1980 2000 0 fold 
4444 1960 2000 40 fold 
2222 1820 2000 0 fold 
7777 2280 2000 0 fold 
3333 1860 2000 140 call 
1111 2000 2000 0 fold 
total pot: 340 
/notify 

send inquire msg to player 3333(seat:3) 
inquire/ 
1111 2000 2000 0 fold 
5555 1860 2000 140 check 
8888 1900 2000 20 fold 
6666 1980 2000 0 fold 
4444 1960 2000 40 fold 
2222 1820 2000 0 fold 
7777 2280 2000 0 fold 
3333 1860 2000 140 call 
total pot: 340 
/inquire 
recv from player 3333: check 

valid player: 8, all in player: 0, fold player: 6

----- send notify msg from 4 to 0(exclude) -----

send notify msg to player 7777(seat:4) 
notify/ 
3333 1860 2000 140 check 
1111 2000 2000 0 fold 
5555 1860 2000 140 check 
8888 1900 2000 20 fold 
6666 1980 2000 0 fold 
4444 1960 2000 40 fold 
2222 1820 2000 0 fold 
7777 2280 2000 0 fold 
total pot: 340 
/notify 

player 2222(seat:5) doesn't need notify-msg

player 4444(seat:6) doesn't need notify-msg

player 6666(seat:7) doesn't need notify-msg
turn/ 
CLUBS A 
/turn 

---turn round bet---
valid player: 8, all in player: 0, fold player: 6

send notify msg to player 8888(seat:0) 
notify/ 
6666 1980 2000 0 fold 
4444 1960 2000 40 fold 
2222 1820 2000 0 fold 
7777 2280 2000 0 fold 
3333 1860 2000 140 check 
1111 2000 2000 0 fold 
5555 1860 2000 140 check 
8888 1900 2000 20 fold 
total pot: 340 
/notify 

send inquire msg to player 5555(seat:1) 
inquire/ 
8888 1900 2000 20 fold 
6666 1980 2000 0 fold 
4444 1960 2000 40 fold 
2222 1820 2000 0 fold 
7777 2280 2000 0 fold 
3333 1860 2000 140 check 
1111 2000 2000 0 fold 
5555 1860 2000 140 check 
total pot: 340 
/inquire 
recv from player 5555: check 


send notify msg to player 1111(seat:2) 
notify/ 
5555 1860 2000 140 check 
8888 1900 2000 20 fold 
6666 1980 2000 0 fold 
4444 1960 2000 40 fold 
2222 1820 2000 0 fold 
7777 2280 2000 0 fold 
3333 1860 2000 140 check 
1111 2000 2000 0 fold 
total pot: 340 
/notify 

send inquire msg to player 3333(seat:3) 
inquire/ 
1111 2000 2000 0 fold 
5555 1860 2000 140 check 
8888 1900 2000 20 fold 
6666 1980 2000 0 fold 
4444 1960 2000 40 fold 
2222 1820 2000 0 fold 
7777 2280 2000 0 fold 
3333 1860 2000 140 check 
total pot: 340 
/inquire 
recv from player 3333: check 

valid player: 8, all in player: 0, fold player: 6

----- send notify msg from 4 to 0(exclude) -----

send notify msg to player 7777(seat:4) 
notify/ 
3333 1860 2000 140 check 
1111 2000 2000 0 fold 
5555 1860 2000 140 check 
8888 1900 2000 20 fold 
6666 1980 2000 0 fold 
4444 1960 2000 40 fold 
2222 1820 2000 0 fold 
7777 2280 2000 0 fold 
total pot: 340 
/notify 

player 2222(seat:5) doesn't need notify-msg

player 4444(seat:6) doesn't need notify-msg

player 6666(seat:7) doesn't need notify-msg
river/ 
CLUBS 5 
/river 

---river round bet---
valid player: 8, all in player: 0, fold player: 6

send notify msg to player 8888(seat:0) 
notify/ 
6666 1980 2000 0 fold 
4444 1960 2000 40 fold 
2222 1820 2000 0 fold 
7777 2280 2000 0 fold 
3333 1860 2000 140 check 
1111 2000 2000 0 fold 
5555 1860 2000 140 check 
8888 1900 2000 20 fold 
total pot: 340 
/notify 

send inquire msg to player 5555(seat:1) 
inquire/ 
8888 1900 2000 20 fold 
6666 1980 2000 0 fold 
4444 1960 2000 40 fold 
2222 1820 2000 0 fold 
7777 2280 2000 0 fold 
3333 1860 2000 140 check 
1111 2000 2000 0 fold 
5555 1860 2000 140 check 
total pot: 340 
/inquire 
recv from player 5555: check 


send notify msg to player 1111(seat:2) 
notify/ 
5555 1860 2000 140 check 
8888 1900 2000 20 fold 
6666 1980 2000 0 fold 
4444 1960 2000 40 fold 
2222 1820 2000 0 fold 
7777 2280 2000 0 fold 
3333 1860 2000 140 check 
1111 2000 2000 0 fold 
total pot: 340 
/notify 

send inquire msg to player 3333(seat:3) 
inquire/ 
1111 2000 2000 0 fold 
5555 1860 2000 140 check 
8888 1900 2000 20 fold 
6666 1980 2000 0 fold 
4444 1960 2000 40 fold 
2222 1820 2000 0 fold 
7777 2280 2000 0 fold 
3333 1860 2000 140 check 
total pot: 340 
/inquire 
recv from player 3333: raise 0 


send notify msg to player 7777(seat:4) 
notify/ 
3333 1820 2000 180 raise 
1111 2000 2000 0 fold 
5555 1860 2000 140 check 
8888 1900 2000 20 fold 
6666 1980 2000 0 fold 
4444 1960 2000 40 fold 
2222 1820 2000 0 fold 
7777 2280 2000 0 fold 
total pot: 380 
/notify 

player 2222(seat:5) doesn't need notify-msg

player 4444(seat:6) doesn't need notify-msg

player 6666(seat:7) doesn't need notify-msg

send notify msg to player 8888(seat:0) 
notify/ 
6666 1980 2000 0 fold 
4444 1960 2000 40 fold 
2222 1820 2000 0 fold 
7777 2280 2000 0 fold 
3333 1820 2000 180 raise 
1111 2000 2000 0 fold 
5555 1860 2000 140 check 
8888 1900 2000 20 fold 
total pot: 380 
/notify 

send inquire msg to player 5555(seat:1) 
inquire/ 
8888 1900 2000 20 fold 
6666 1980 2000 0 fold 
4444 1960 2000 40 fold 
2222 1820 2000 0 fold 
7777 2280 2000 0 fold 
3333 1820 2000 180 raise 
1111 2000 2000 0 fold 
5555 1860 2000 140 check 
total pot: 380 
/inquire 
recv from player 5555: check 

valid player: 8, all in player: 0, fold player: 6

----- send notify msg from 2 to 0(exclude) -----

send notify msg to player 1111(seat:2) 
notify/ 
5555 1820 2000 180 call 
8888 1900 2000 20 fold 
6666 1980 2000 0 fold 
4444 1960 2000 40 fold 
2222 1820 2000 0 fold 
7777 2280 2000 0 fold 
3333 1820 2000 180 raise 
1111 2000 2000 0 fold 
total pot: 420 
/notify 

send notify msg to player 3333(seat:3) 
notify/ 
1111 2000 2000 0 fold 
5555 1820 2000 180 call 
8888 1900 2000 20 fold 
6666 1980 2000 0 fold 
4444 1960 2000 40 fold 
2222 1820 2000 0 fold 
7777 2280 2000 0 fold 
3333 1820 2000 180 raise 
total pot: 420 
/notify 

send notify msg to player 7777(seat:4) 
notify/ 
3333 1820 2000 180 raise 
1111 2000 2000 0 fold 
5555 1820 2000 180 call 
8888 1900 2000 20 fold 
6666 1980 2000 0 fold 
4444 1960 2000 40 fold 
2222 1820 2000 0 fold 
7777 2280 2000 0 fold 
total pot: 420 
/notify 

player 2222(seat:5) doesn't need notify-msg

player 4444(seat:6) doesn't need notify-msg

player 6666(seat:7) doesn't need notify-msg

---show down---
showdown/ 
common/ 
SPADES 4 
DIAMONDS 2 
CLUBS 4 
CLUBS A 
CLUBS 5 
/common 
2: 5555 HEARTS 7 HEARTS 8 ONE_PAIR 
1: 3333 SPADES Q DIAMONDS 8 ONE_PAIR 
/showdown 

---Allocate pot---
pot-win/ 
3333: 420 
/pot-win 
it is player 8888's turn to be button

-----3 Hand-----

----- clean player data in socket -----
seat/ 
button: 8888 1900 2000 
small blind: 5555 1820 2000 
big blind: 1111 2000 2000 
3333 2240 2000 
7777 2280 2000 
2222 1820 2000 
4444 1960 2000 
6666 1980 2000 
/seat 
blind/ 
5555: 20 
1111: 40 
/blind 
player 5555:hold/ 
CLUBS 10 
DIAMONDS Q 
/hold 
player 1111:hold/ 
DIAMONDS 6 
HEARTS J 
/hold 
player 3333:hold/ 
DIAMONDS J 
CLUBS K 
/hold 
player 7777:hold/ 
CLUBS Q 
DIAMONDS 2 
/hold 
player 2222:hold/ 
SPADES 8 
DIAMONDS 9 
/hold 
player 4444:hold/ 
SPADES Q 
HEARTS 2 
/hold 
player 6666:hold/ 
HEARTS 7 
SPADES A 
/hold 
player 8888:hold/ 
HEARTS 10 
SPADES 2 
/hold 

---pre flop round bet---
valid player: 8, all in player: 0, fold player: 0

send inquire msg to player 3333(seat:2) 
inquire/ 
1111 1960 2000 40 blind 
5555 1800 2000 20 blind 
total pot: 60 
/inquire 
recv from player 3333: raise 40 


send inquire msg to player 7777(seat:3) 
inquire/ 
3333 2160 2000 80 raise 
1111 1960 2000 40 blind 
5555 1800 2000 20 blind 
total pot: 140 
/inquire 
recv from player 7777: fold 


send inquire msg to player 2222(seat:4) 
inquire/ 
7777 2280 2000 0 fold 
3333 2160 2000 80 raise 
1111 1960 2000 40 blind 
5555 1800 2000 20 blind 
total pot: 140 
/inquire 
recv from player 2222: call 

send inquire msg to player 4444(seat:5) 
inquire/ 
2222 1740 2000 80 call 
7777 2280 2000 0 fold 
3333 2160 2000 80 raise 
1111 1960 2000 40 blind 
5555 1800 2000 20 blind 
total pot: 220 
/inquire 
recv from player 4444: fold


send inquire msg to player 6666(seat:6) 
inquire/ 
4444 1960 2000 0 fold 
2222 1740 2000 80 call 
7777 2280 2000 0 fold 
3333 2160 2000 80 raise 
1111 1960 2000 40 blind 
5555 1800 2000 20 blind 
total pot: 220 
/inquire 
recv from player 6666: fold


send inquire msg to player 8888(seat:7) 
inquire/ 
6666 1980 2000 0 fold 
4444 1960 2000 0 fold 
2222 1740 2000 80 call 
7777 2280 2000 0 fold 
3333 2160 2000 80 raise 
1111 1960 2000 40 blind 
5555 1800 2000 20 blind 
total pot: 220 
/inquire 
recv from player 8888: fold 


send inquire msg to player 5555(seat:0) 
inquire/ 
8888 1900 2000 0 fold 
6666 1980 2000 0 fold 
4444 1960 2000 0 fold 
2222 1740 2000 80 call 
7777 2280 2000 0 fold 
3333 2160 2000 80 raise 
1111 1960 2000 40 blind 
5555 1800 2000 20 blind 
total pot: 220 
/inquire 
recv from player 5555: fold 


send inquire msg to player 1111(seat:1) 
inquire/ 
5555 1800 2000 20 fold 
8888 1900 2000 0 fold 
6666 1980 2000 0 fold 
4444 1960 2000 0 fold 
2222 1740 2000 80 call 
7777 2280 2000 0 fold 
3333 2160 2000 80 raise 
1111 1960 2000 40 blind 
total pot: 220 
/inquire 
recv from player 1111: fold 

valid player: 8, all in player: 0, fold player: 6

----- send notify msg from 2 to 0(exclude) -----

send notify msg to player 3333(seat:2) 
notify/ 
1111 1960 2000 40 fold 
5555 1800 2000 20 fold 
8888 1900 2000 0 fold 
6666 1980 2000 0 fold 
4444 1960 2000 0 fold 
2222 1740 2000 80 call 
7777 2280 2000 0 fold 
3333 2160 2000 80 raise 
total pot: 220 
/notify 

send notify msg to player 7777(seat:3) 
notify/ 
3333 2160 2000 80 raise 
1111 1960 2000 40 fold 
5555 1800 2000 20 fold 
8888 1900 2000 0 fold 
6666 1980 2000 0 fold 
4444 1960 2000 0 fold 
2222 1740 2000 80 call 
7777 2280 2000 0 fold 
total pot: 220 
/notify 

player 2222(seat:4) doesn't need notify-msg

player 4444(seat:5) doesn't need notify-msg

player 6666(seat:6) doesn't need notify-msg

send notify msg to player 8888(seat:7) 
notify/ 
6666 1980 2000 0 fold 
4444 1960 2000 0 fold 
2222 1740 2000 80 call 
7777 2280 2000 0 fold 
3333 2160 2000 80 raise 
1111 1960 2000 40 fold 
5555 1800 2000 20 fold 
8888 1900 2000 0 fold 
total pot: 220 
/notify 
flop/ 
CLUBS 7 
DIAMONDS 8 
DIAMONDS 10 
/flop 

---flop round bet---
valid player: 8, all in player: 0, fold player: 6

player 5555(seat:0) doesn't need notify-msg

send notify msg to player 1111(seat:1) 
notify/ 
5555 1800 2000 20 fold 
8888 1900 2000 0 fold 
6666 1980 2000 0 fold 
4444 1960 2000 0 fold 
2222 1740 2000 80 call 
7777 2280 2000 0 fold 
3333 2160 2000 80 raise 
1111 1960 2000 40 fold 
total pot: 220 
/notify 

send inquire msg to player 3333(seat:2) 
inquire/ 
1111 1960 2000 40 fold 
5555 1800 2000 20 fold 
8888 1900 2000 0 fold 
6666 1980 2000 0 fold 
4444 1960 2000 0 fold 
2222 1740 2000 80 call 
7777 2280 2000 0 fold 
3333 2160 2000 80 raise 
total pot: 220 
/inquire 
recv from player 3333: check 


send notify msg to player 7777(seat:3) 
notify/ 
3333 2160 2000 80 check 
1111 1960 2000 40 fold 
5555 1800 2000 20 fold 
8888 1900 2000 0 fold 
6666 1980 2000 0 fold 
4444 1960 2000 0 fold 
2222 1740 2000 80 call 
7777 2280 2000 0 fold 
total pot: 220 
/notify 

send inquire msg to player 2222(seat:4) 
inquire/ 
7777 2280 2000 0 fold 
3333 2160 2000 80 check 
1111 1960 2000 40 fold 
5555 1800 2000 20 fold 
8888 1900 2000 0 fold 
6666 1980 2000 0 fold 
4444 1960 2000 0 fold 
2222 1740 2000 80 call 
total pot: 220 
/inquire 
recv from player 2222: raise 100 

player 4444(seat:5) doesn't need notify-msg

player 6666(seat:6) doesn't need notify-msg

send notify msg to player 8888(seat:7) 
notify/ 
6666 1980 2000 0 fold 
4444 1960 2000 0 fold 
2222 1640 2000 180 raise 
7777 2280 2000 0 fold 
3333 2160 2000 80 check 
1111 1960 2000 40 fold 
5555 1800 2000 20 fold 
8888 1900 2000 0 fold 
total pot: 320 
/notify 

player 5555(seat:0) doesn't need notify-msg

send notify msg to player 1111(seat:1) 
notify/ 
5555 1800 2000 20 fold 
8888 1900 2000 0 fold 
6666 1980 2000 0 fold 
4444 1960 2000 0 fold 
2222 1640 2000 180 raise 
7777 2280 2000 0 fold 
3333 2160 2000 80 check 
1111 1960 2000 40 fold 
total pot: 320 
/notify 

send inquire msg to player 3333(seat:2) 
inquire/ 
1111 1960 2000 40 fold 
5555 1800 2000 20 fold 
8888 1900 2000 0 fold 
6666 1980 2000 0 fold 
4444 1960 2000 0 fold 
2222 1640 2000 180 raise 
7777 2280 2000 0 fold 
3333 2160 2000 80 check 
total pot: 320 
/inquire 
recv from player 3333: check 

valid player: 8, all in player: 0, fold player: 6

----- send notify msg from 3 to 0(exclude) -----

send notify msg to player 7777(seat:3) 
notify/ 
3333 2060 2000 180 call 
1111 1960 2000 40 fold 
5555 1800 2000 20 fold 
8888 1900 2000 0 fold 
6666 1980 2000 0 fold 
4444 1960 2000 0 fold 
2222 1640 2000 180 raise 
7777 2280 2000 0 fold 
total pot: 420 
/notify 

player 2222(seat:4) doesn't need notify-msg

player 4444(seat:5) doesn't need notify-msg

player 6666(seat:6) doesn't need notify-msg

send notify msg to player 8888(seat:7) 
notify/ 
6666 1980 2000 0 fold 
4444 1960 2000 0 fold 
2222 1640 2000 180 raise 
7777 2280 2000 0 fold 
3333 2060 2000 180 call 
1111 1960 2000 40 fold 
5555 1800 2000 20 fold 
8888 1900 2000 0 fold 
total pot: 420 
/notify 
turn/ 
HEARTS Q 
/turn 

---turn round bet---
valid player: 8, all in player: 0, fold player: 6

player 5555(seat:0) doesn't need notify-msg

send notify msg to player 1111(seat:1) 
notify/ 
5555 1800 2000 20 fold 
8888 1900 2000 0 fold 
6666 1980 2000 0 fold 
4444 1960 2000 0 fold 
2222 1640 2000 180 raise 
7777 2280 2000 0 fold 
3333 2060 2000 180 call 
1111 1960 2000 40 fold 
total pot: 420 
/notify 

send inquire msg to player 3333(seat:2) 
inquire/ 
1111 1960 2000 40 fold 
5555 1800 2000 20 fold 
8888 1900 2000 0 fold 
6666 1980 2000 0 fold 
4444 1960 2000 0 fold 
2222 1640 2000 180 raise 
7777 2280 2000 0 fold 
3333 2060 2000 180 call 
total pot: 420 
/inquire 
recv from player 3333: check 


send notify msg to player 7777(seat:3) 
notify/ 
3333 2060 2000 180 check 
1111 1960 2000 40 fold 
5555 1800 2000 20 fold 
8888 1900 2000 0 fold 
6666 1980 2000 0 fold 
4444 1960 2000 0 fold 
2222 1640 2000 180 raise 
7777 2280 2000 0 fold 
total pot: 420 
/notify 

send inquire msg to player 2222(seat:4) 
inquire/ 
7777 2280 2000 0 fold 
3333 2060 2000 180 check 
1111 1960 2000 40 fold 
5555 1800 2000 20 fold 
8888 1900 2000 0 fold 
6666 1980 2000 0 fold 
4444 1960 2000 0 fold 
2222 1640 2000 180 raise 
total pot: 420 
/inquire 
recv from player 2222: call 
valid player: 8, all in player: 0, fold player: 6

----- send notify msg from 5 to 0(exclude) -----

player 4444(seat:5) doesn't need notify-msg

player 6666(seat:6) doesn't need notify-msg

send notify msg to player 8888(seat:7) 
notify/ 
6666 1980 2000 0 fold 
4444 1960 2000 0 fold 
2222 1640 2000 180 check 
7777 2280 2000 0 fold 
3333 2060 2000 180 check 
1111 1960 2000 40 fold 
5555 1800 2000 20 fold 
8888 1900 2000 0 fold 
total pot: 420 
/notify 
river/ 
HEARTS 4 
/river 

---river round bet---
valid player: 8, all in player: 0, fold player: 6

player 5555(seat:0) doesn't need notify-msg

send notify msg to player 1111(seat:1) 
notify/ 
5555 1800 2000 20 fold 
8888 1900 2000 0 fold 
6666 1980 2000 0 fold 
4444 1960 2000 0 fold 
2222 1640 2000 180 check 
7777 2280 2000 0 fold 
3333 2060 2000 180 check 
1111 1960 2000 40 fold 
total pot: 420 
/notify 

send inquire msg to player 3333(seat:2) 
inquire/ 
1111 1960 2000 40 fold 
5555 1800 2000 20 fold 
8888 1900 2000 0 fold 
6666 1980 2000 0 fold 
4444 1960 2000 0 fold 
2222 1640 2000 180 check 
7777 2280 2000 0 fold 
3333 2060 2000 180 check 
total pot: 420 
/inquire 
recv from player 3333: check 


send notify msg to player 7777(seat:3) 
notify/ 
3333 2060 2000 180 check 
1111 1960 2000 40 fold 
5555 1800 2000 20 fold 
8888 1900 2000 0 fold 
6666 1980 2000 0 fold 
4444 1960 2000 0 fold 
2222 1640 2000 180 check 
7777 2280 2000 0 fold 
total pot: 420 
/notify 

send inquire msg to player 2222(seat:4) 
inquire/ 
7777 2280 2000 0 fold 
3333 2060 2000 180 check 
1111 1960 2000 40 fold 
5555 1800 2000 20 fold 
8888 1900 2000 0 fold 
6666 1980 2000 0 fold 
4444 1960 2000 0 fold 
2222 1640 2000 180 check 
total pot: 420 
/inquire 
recv from player 2222: check 
valid player: 8, all in player: 0, fold player: 6

----- send notify msg from 5 to 0(exclude) -----

player 4444(seat:5) doesn't need notify-msg

player 6666(seat:6) doesn't need notify-msg

send notify msg to player 8888(seat:7) 
notify/ 
6666 1980 2000 0 fold 
4444 1960 2000 0 fold 
2222 1640 2000 180 check 
7777 2280 2000 0 fold 
3333 2060 2000 180 check 
1111 1960 2000 40 fold 
5555 1800 2000 20 fold 
8888 1900 2000 0 fold 
total pot: 420 
/notify 

---show down---
showdown/ 
common/ 
CLUBS 7 
DIAMONDS 8 
DIAMONDS 10 
HEARTS Q 
HEARTS 4 
/common 
2: 3333 DIAMONDS J CLUBS K HIGH_CARD 
1: 2222 SPADES 8 DIAMONDS 9 ONE_PAIR 
/showdown 

---Allocate pot---
pot-win/ 
2222: 420 
/pot-win 
it is player 5555's turn to be button

-----4 Hand-----

----- clean player data in socket -----
seat/ 
button: 5555 1800 2000 
small blind: 1111 1960 2000 
big blind: 3333 2060 2000 
7777 2280 2000 
2222 2060 2000 
4444 1960 2000 
6666 1980 2000 
8888 1900 2000 
/seat 
blind/ 
1111: 20 
3333: 40 
/blind 
player 1111:hold/ 
SPADES 10 
SPADES 7 
/hold 
player 3333:hold/ 
CLUBS J 
DIAMONDS 6 
/hold 
player 7777:hold/ 
DIAMONDS 4 
CLUBS A 
/hold 
player 2222:hold/ 
SPADES 6 
SPADES 4 
/hold 
player 4444:hold/ 
DIAMONDS J 
HEARTS 6 
/hold 
player 6666:hold/ 
SPADES Q 
HEARTS 2 
/hold 
player 8888:hold/ 
HEARTS 4 
CLUBS 9 
/hold 
player 5555:hold/ 
HEARTS 3 
HEARTS 5 
/hold 

---pre flop round bet---
valid player: 8, all in player: 0, fold player: 0

send inquire msg to player 7777(seat:2) 
inquire/ 
3333 2020 2000 40 blind 
1111 1940 2000 20 blind 
total pot: 60 
/inquire 
recv from player 7777: fold 


send inquire msg to player 2222(seat:3) 
inquire/ 
7777 2280 2000 0 fold 
3333 2020 2000 40 blind 
1111 1940 2000 20 blind 
total pot: 60 
/inquire 
recv from player 2222: call 

send inquire msg to player 4444(seat:4) 
inquire/ 
2222 2020 2000 40 call 
7777 2280 2000 0 fold 
3333 2020 2000 40 blind 
1111 1940 2000 20 blind 
total pot: 100 
/inquire 
recv from player 4444: fold


send inquire msg to player 6666(seat:5) 
inquire/ 
4444 1960 2000 0 fold 
2222 2020 2000 40 call 
7777 2280 2000 0 fold 
3333 2020 2000 40 blind 
1111 1940 2000 20 blind 
total pot: 100 
/inquire 
recv from player 6666: fold


send inquire msg to player 8888(seat:6) 
inquire/ 
6666 1980 2000 0 fold 
4444 1960 2000 0 fold 
2222 2020 2000 40 call 
7777 2280 2000 0 fold 
3333 2020 2000 40 blind 
1111 1940 2000 20 blind 
total pot: 100 
/inquire 
recv from player 8888: fold 


send inquire msg to player 5555(seat:7) 
inquire/ 
8888 1900 2000 0 fold 
6666 1980 2000 0 fold 
4444 1960 2000 0 fold 
2222 2020 2000 40 call 
7777 2280 2000 0 fold 
3333 2020 2000 40 blind 
1111 1940 2000 20 blind 
total pot: 100 
/inquire 
recv from player 5555: raise 100 


send inquire msg to player 1111(seat:0) 
inquire/ 
5555 1660 2000 140 raise 
8888 1900 2000 0 fold 
6666 1980 2000 0 fold 
4444 1960 2000 0 fold 
2222 2020 2000 40 call 
7777 2280 2000 0 fold 
3333 2020 2000 40 blind 
1111 1940 2000 20 blind 
total pot: 240 
/inquire 
recv from player 1111: fold 


send inquire msg to player 3333(seat:1) 
inquire/ 
1111 1940 2000 20 fold 
5555 1660 2000 140 raise 
8888 1900 2000 0 fold 
6666 1980 2000 0 fold 
4444 1960 2000 0 fold 
2222 2020 2000 40 call 
7777 2280 2000 0 fold 
3333 2020 2000 40 blind 
total pot: 240 
/inquire 
recv from player 3333: fold 


send notify msg to player 7777(seat:2) 
notify/ 
3333 2020 2000 40 fold 
1111 1940 2000 20 fold 
5555 1660 2000 140 raise 
8888 1900 2000 0 fold 
6666 1980 2000 0 fold 
4444 1960 2000 0 fold 
2222 2020 2000 40 call 
7777 2280 2000 0 fold 
total pot: 240 
/notify 

send inquire msg to player 2222(seat:3) 
inquire/ 
7777 2280 2000 0 fold 
3333 2020 2000 40 fold 
1111 1940 2000 20 fold 
5555 1660 2000 140 raise 
8888 1900 2000 0 fold 
6666 1980 2000 0 fold 
4444 1960 2000 0 fold 
2222 2020 2000 40 call 
total pot: 240 
/inquire 
recv from player 2222: call 
valid player: 8, all in player: 0, fold player: 6

----- send notify msg from 4 to 0(exclude) -----

player 4444(seat:4) doesn't need notify-msg

player 6666(seat:5) doesn't need notify-msg

send notify msg to player 8888(seat:6) 
notify/ 
6666 1980 2000 0 fold 
4444 1960 2000 0 fold 
2222 1920 2000 140 call 
7777 2280 2000 0 fold 
3333 2020 2000 40 fold 
1111 1940 2000 20 fold 
5555 1660 2000 140 raise 
8888 1900 2000 0 fold 
total pot: 340 
/notify 

player 5555(seat:7) doesn't need notify-msg
flop/ 
HEARTS A 
DIAMONDS 5 
CLUBS 2 
/flop 

---flop round bet---
valid player: 8, all in player: 0, fold player: 6

send notify msg to player 1111(seat:0) 
notify/ 
5555 1660 2000 140 raise 
8888 1900 2000 0 fold 
6666 1980 2000 0 fold 
4444 1960 2000 0 fold 
2222 1920 2000 140 call 
7777 2280 2000 0 fold 
3333 2020 2000 40 fold 
1111 1940 2000 20 fold 
total pot: 340 
/notify 

send notify msg to player 3333(seat:1) 
notify/ 
1111 1940 2000 20 fold 
5555 1660 2000 140 raise 
8888 1900 2000 0 fold 
6666 1980 2000 0 fold 
4444 1960 2000 0 fold 
2222 1920 2000 140 call 
7777 2280 2000 0 fold 
3333 2020 2000 40 fold 
total pot: 340 
/notify 

send notify msg to player 7777(seat:2) 
notify/ 
3333 2020 2000 40 fold 
1111 1940 2000 20 fold 
5555 1660 2000 140 raise 
8888 1900 2000 0 fold 
6666 1980 2000 0 fold 
4444 1960 2000 0 fold 
2222 1920 2000 140 call 
7777 2280 2000 0 fold 
total pot: 340 
/notify 

send inquire msg to player 2222(seat:3) 
inquire/ 
7777 2280 2000 0 fold 
3333 2020 2000 40 fold 
1111 1940 2000 20 fold 
5555 1660 2000 140 raise 
8888 1900 2000 0 fold 
6666 1980 2000 0 fold 
4444 1960 2000 0 fold 
2222 1920 2000 140 call 
total pot: 340 
/inquire 
recv from player 2222: check 

player 4444(seat:4) doesn't need notify-msg

player 6666(seat:5) doesn't need notify-msg

send notify msg to player 8888(seat:6) 
notify/ 
6666 1980 2000 0 fold 
4444 1960 2000 0 fold 
2222 1920 2000 140 check 
7777 2280 2000 0 fold 
3333 2020 2000 40 fold 
1111 1940 2000 20 fold 
5555 1660 2000 140 raise 
8888 1900 2000 0 fold 
total pot: 340 
/notify 

send inquire msg to player 5555(seat:7) 
inquire/ 
8888 1900 2000 0 fold 
6666 1980 2000 0 fold 
4444 1960 2000 0 fold 
2222 1920 2000 140 check 
7777 2280 2000 0 fold 
3333 2020 2000 40 fold 
1111 1940 2000 20 fold 
5555 1660 2000 140 raise 
total pot: 340 
/inquire 
recv from player 5555: check 

valid player: 8, all in player: 0, fold player: 6

----- send notify msg from 0 to 0(exclude) -----
turn/ 
SPADES 9 
/turn 

---turn round bet---
valid player: 8, all in player: 0, fold player: 6

send notify msg to player 1111(seat:0) 
notify/ 
5555 1660 2000 140 check 
8888 1900 2000 0 fold 
6666 1980 2000 0 fold 
4444 1960 2000 0 fold 
2222 1920 2000 140 check 
7777 2280 2000 0 fold 
3333 2020 2000 40 fold 
1111 1940 2000 20 fold 
total pot: 340 
/notify 

send notify msg to player 3333(seat:1) 
notify/ 
1111 1940 2000 20 fold 
5555 1660 2000 140 check 
8888 1900 2000 0 fold 
6666 1980 2000 0 fold 
4444 1960 2000 0 fold 
2222 1920 2000 140 check 
7777 2280 2000 0 fold 
3333 2020 2000 40 fold 
total pot: 340 
/notify 

send notify msg to player 7777(seat:2) 
notify/ 
3333 2020 2000 40 fold 
1111 1940 2000 20 fold 
5555 1660 2000 140 check 
8888 1900 2000 0 fold 
6666 1980 2000 0 fold 
4444 1960 2000 0 fold 
2222 1920 2000 140 check 
7777 2280 2000 0 fold 
total pot: 340 
/notify 

send inquire msg to player 2222(seat:3) 
inquire/ 
7777 2280 2000 0 fold 
3333 2020 2000 40 fold 
1111 1940 2000 20 fold 
5555 1660 2000 140 check 
8888 1900 2000 0 fold 
6666 1980 2000 0 fold 
4444 1960 2000 0 fold 
2222 1920 2000 140 check 
total pot: 340 
/inquire 
recv from player 2222: check 

player 4444(seat:4) doesn't need notify-msg

player 6666(seat:5) doesn't need notify-msg

send notify msg to player 8888(seat:6) 
notify/ 
6666 1980 2000 0 fold 
4444 1960 2000 0 fold 
2222 1920 2000 140 check 
7777 2280 2000 0 fold 
3333 2020 2000 40 fold 
1111 1940 2000 20 fold 
5555 1660 2000 140 check 
8888 1900 2000 0 fold 
total pot: 340 
/notify 

send inquire msg to player 5555(seat:7) 
inquire/ 
8888 1900 2000 0 fold 
6666 1980 2000 0 fold 
4444 1960 2000 0 fold 
2222 1920 2000 140 check 
7777 2280 2000 0 fold 
3333 2020 2000 40 fold 
1111 1940 2000 20 fold 
5555 1660 2000 140 check 
total pot: 340 
/inquire 
recv from player 5555: check 

valid player: 8, all in player: 0, fold player: 6

----- send notify msg from 0 to 0(exclude) -----
river/ 
SPADES 5 
/river 

---river round bet---
valid player: 8, all in player: 0, fold player: 6

send notify msg to player 1111(seat:0) 
notify/ 
5555 1660 2000 140 check 
8888 1900 2000 0 fold 
6666 1980 2000 0 fold 
4444 1960 2000 0 fold 
2222 1920 2000 140 check 
7777 2280 2000 0 fold 
3333 2020 2000 40 fold 
1111 1940 2000 20 fold 
total pot: 340 
/notify 

send notify msg to player 3333(seat:1) 
notify/ 
1111 1940 2000 20 fold 
5555 1660 2000 140 check 
8888 1900 2000 0 fold 
6666 1980 2000 0 fold 
4444 1960 2000 0 fold 
2222 1920 2000 140 check 
7777 2280 2000 0 fold 
3333 2020 2000 40 fold 
total pot: 340 
/notify 

send notify msg to player 7777(seat:2) 
notify/ 
3333 2020 2000 40 fold 
1111 1940 2000 20 fold 
5555 1660 2000 140 check 
8888 1900 2000 0 fold 
6666 1980 2000 0 fold 
4444 1960 2000 0 fold 
2222 1920 2000 140 check 
7777 2280 2000 0 fold 
total pot: 340 
/notify 

