

===VERSION 1.24===
---GAME START @ 2015-5-19-23-30-22---

wait registration for 30 seconds
reg: 3333 Ty_lxx 
reg: 6666 simplebot need_notify 
reg: 4444 simplebot need_notify 
reg: 2222 simplebot need_notify 
reg: 7777 cleverbot need_notify 
reg: 5555 young 
reg: 1111 simplebot need_notify 
reg: 8888 simplebot need_notify 
close registration

-----1 Hand-----

----- clean player data in socket -----
seat/ 
button: 6666 2000 8000 
small blind: 1111 2000 8000 
big blind: 2222 2000 8000 
3333 2000 8000 
7777 2000 8000 
4444 2000 8000 
8888 2000 8000 
5555 2000 8000 
/seat 
blind/ 
1111: 50 
2222: 100 
/blind 
player 1111:hold/ 
HEARTS J 
CLUBS Q 
/hold 
player 2222:hold/ 
HEARTS 6 
SPADES 8 
/hold 
player 3333:hold/ 
HEARTS 7 
HEARTS 2 
/hold 
player 7777:hold/ 
HEARTS 4 
DIAMONDS A 
/hold 
player 4444:hold/ 
CLUBS 7 
HEARTS 5 
/hold 
player 8888:hold/ 
DIAMONDS K 
CLUBS 2 
/hold 
player 5555:hold/ 
SPADES 5 
CLUBS 4 
/hold 
player 6666:hold/ 
DIAMONDS 7 
HEARTS 9 
/hold 

---pre flop round bet---
valid player: 8, all in player: 0, fold player: 0
send inquire msg to player 3333 
inquire/ 
2222 1900 8000 100 blind 
1111 1950 8000 50 blind 
total pot: 150 
/inquire 
recv from player 3333: fold 

send inquire msg to player 7777 
inquire/ 
3333 2000 8000 0 fold 
2222 1900 8000 100 blind 
1111 1950 8000 50 blind 
total pot: 150 
/inquire 
recv from player 7777: fold 

send inquire msg to player 4444 
inquire/ 
7777 2000 8000 0 fold 
3333 2000 8000 0 fold 
2222 1900 8000 100 blind 
1111 1950 8000 50 blind 
total pot: 150 
/inquire 
recv from player 4444: call 

send inquire msg to player 8888 
inquire/ 
4444 1900 8000 100 call 
7777 2000 8000 0 fold 
3333 2000 8000 0 fold 
2222 1900 8000 100 blind 
1111 1950 8000 50 blind 
total pot: 250 
/inquire 
recv from player 8888: call 

send inquire msg to player 5555 
inquire/ 
8888 1900 8000 100 call 
4444 1900 8000 100 call 
7777 2000 8000 0 fold 
3333 2000 8000 0 fold 
2222 1900 8000 100 blind 
1111 1950 8000 50 blind 
total pot: 350 
/inquire 
recv from player 5555: call 

send inquire msg to player 6666 
inquire/ 
5555 1900 8000 100 call 
8888 1900 8000 100 call 
4444 1900 8000 100 call 
7777 2000 8000 0 fold 
3333 2000 8000 0 fold 
2222 1900 8000 100 blind 
1111 1950 8000 50 blind 
total pot: 450 
/inquire 
recv from player 6666: call 

send inquire msg to player 1111 
inquire/ 
6666 1900 8000 100 call 
5555 1900 8000 100 call 
8888 1900 8000 100 call 
4444 1900 8000 100 call 
7777 2000 8000 0 fold 
3333 2000 8000 0 fold 
2222 1900 8000 100 blind 
1111 1950 8000 50 blind 
total pot: 550 
/inquire 
recv from player 1111: raise 149 

send inquire msg to player 2222 
inquire/ 
1111 1751 8000 249 raise 
6666 1900 8000 100 call 
5555 1900 8000 100 call 
8888 1900 8000 100 call 
4444 1900 8000 100 call 
7777 2000 8000 0 fold 
3333 2000 8000 0 fold 
2222 1900 8000 100 blind 
total pot: 749 
/inquire 
recv from player 2222: call 

send notify msg to player 7777 
notify/ 
3333 2000 8000 0 fold 
2222 1751 8000 249 call 
1111 1751 8000 249 raise 
6666 1900 8000 100 call 
5555 1900 8000 100 call 
8888 1900 8000 100 call 
4444 1900 8000 100 call 
7777 2000 8000 0 fold 
total pot: 898 
/notify 
send inquire msg to player 4444 
inquire/ 
7777 2000 8000 0 fold 
3333 2000 8000 0 fold 
2222 1751 8000 249 call 
1111 1751 8000 249 raise 
6666 1900 8000 100 call 
5555 1900 8000 100 call 
8888 1900 8000 100 call 
4444 1900 8000 100 call 
total pot: 898 
/inquire 
recv from player 4444: call 

send inquire msg to player 8888 
inquire/ 
4444 1751 8000 249 call 
7777 2000 8000 0 fold 
3333 2000 8000 0 fold 
2222 1751 8000 249 call 
1111 1751 8000 249 raise 
6666 1900 8000 100 call 
5555 1900 8000 100 call 
8888 1900 8000 100 call 
total pot: 1047 
/inquire 
recv from player 8888: call 

send inquire msg to player 5555 
inquire/ 
8888 1751 8000 249 call 
4444 1751 8000 249 call 
7777 2000 8000 0 fold 
3333 2000 8000 0 fold 
2222 1751 8000 249 call 
1111 1751 8000 249 raise 
6666 1900 8000 100 call 
5555 1900 8000 100 call 
total pot: 1196 
/inquire 
recv from player 5555: fold 

send inquire msg to player 6666 
inquire/ 
5555 1900 8000 100 fold 
8888 1751 8000 249 call 
4444 1751 8000 249 call 
7777 2000 8000 0 fold 
3333 2000 8000 0 fold 
2222 1751 8000 249 call 
1111 1751 8000 249 raise 
6666 1900 8000 100 call 
total pot: 1196 
/inquire 
recv from player 6666: call 

flop/ 
DIAMONDS 5 
SPADES Q 
SPADES K 
/flop 

---flop round bet---
valid player: 8, all in player: 0, fold player: 3
send inquire msg to player 1111 
inquire/ 
6666 1751 8000 249 call 
5555 1900 8000 100 fold 
8888 1751 8000 249 call 
4444 1751 8000 249 call 
7777 2000 8000 0 fold 
3333 2000 8000 0 fold 
2222 1751 8000 249 call 
1111 1751 8000 249 raise 
total pot: 1345 
/inquire 
recv from player 1111: call 

send inquire msg to player 2222 
inquire/ 
1111 1751 8000 249 check 
6666 1751 8000 249 call 
5555 1900 8000 100 fold 
8888 1751 8000 249 call 
4444 1751 8000 249 call 
7777 2000 8000 0 fold 
3333 2000 8000 0 fold 
2222 1751 8000 249 call 
total pot: 1345 
/inquire 
recv from player 2222: call 

send notify msg to player 7777 
notify/ 
3333 2000 8000 0 fold 
2222 1751 8000 249 check 
1111 1751 8000 249 check 
6666 1751 8000 249 call 
5555 1900 8000 100 fold 
8888 1751 8000 249 call 
4444 1751 8000 249 call 
7777 2000 8000 0 fold 
total pot: 1345 
/notify 
send inquire msg to player 4444 
inquire/ 
7777 2000 8000 0 fold 
3333 2000 8000 0 fold 
2222 1751 8000 249 check 
1111 1751 8000 249 check 
6666 1751 8000 249 call 
5555 1900 8000 100 fold 
8888 1751 8000 249 call 
4444 1751 8000 249 call 
total pot: 1345 
/inquire 
recv from player 4444: call 

send inquire msg to player 8888 
inquire/ 
4444 1751 8000 249 check 
7777 2000 8000 0 fold 
3333 2000 8000 0 fold 
2222 1751 8000 249 check 
1111 1751 8000 249 check 
6666 1751 8000 249 call 
5555 1900 8000 100 fold 
8888 1751 8000 249 call 
total pot: 1345 
/inquire 
recv from player 8888: call 

send inquire msg to player 6666 
inquire/ 
5555 1900 8000 100 fold 
8888 1751 8000 249 check 
4444 1751 8000 249 check 
7777 2000 8000 0 fold 
3333 2000 8000 0 fold 
2222 1751 8000 249 check 
1111 1751 8000 249 check 
6666 1751 8000 249 call 
total pot: 1345 
/inquire 
recv from player 6666: call 

turn/ 
HEARTS 10 
/turn 

---turn round bet---
valid player: 8, all in player: 0, fold player: 3
send inquire msg to player 1111 
inquire/ 
6666 1751 8000 249 check 
5555 1900 8000 100 fold 
8888 1751 8000 249 check 
4444 1751 8000 249 check 
7777 2000 8000 0 fold 
3333 2000 8000 0 fold 
2222 1751 8000 249 check 
1111 1751 8000 249 check 
total pot: 1345 
/inquire 
recv from player 1111: call 

send inquire msg to player 2222 
inquire/ 
1111 1751 8000 249 check 
6666 1751 8000 249 check 
5555 1900 8000 100 fold 
8888 1751 8000 249 check 
4444 1751 8000 249 check 
7777 2000 8000 0 fold 
3333 2000 8000 0 fold 
2222 1751 8000 249 check 
total pot: 1345 
/inquire 
recv from player 2222: call 

send notify msg to player 7777 
notify/ 
3333 2000 8000 0 fold 
2222 1751 8000 249 check 
1111 1751 8000 249 check 
6666 1751 8000 249 check 
5555 1900 8000 100 fold 
8888 1751 8000 249 check 
4444 1751 8000 249 check 
7777 2000 8000 0 fold 
total pot: 1345 
/notify 
send inquire msg to player 4444 
inquire/ 
7777 2000 8000 0 fold 
3333 2000 8000 0 fold 
2222 1751 8000 249 check 
1111 1751 8000 249 check 
6666 1751 8000 249 check 
5555 1900 8000 100 fold 
8888 1751 8000 249 check 
4444 1751 8000 249 check 
total pot: 1345 
/inquire 
recv from player 4444: call 

send inquire msg to player 8888 
inquire/ 
4444 1751 8000 249 check 
7777 2000 8000 0 fold 
3333 2000 8000 0 fold 
2222 1751 8000 249 check 
1111 1751 8000 249 check 
6666 1751 8000 249 check 
5555 1900 8000 100 fold 
8888 1751 8000 249 check 
total pot: 1345 
/inquire 
recv from player 8888: call 

send inquire msg to player 6666 
inquire/ 
5555 1900 8000 100 fold 
8888 1751 8000 249 check 
4444 1751 8000 249 check 
7777 2000 8000 0 fold 
3333 2000 8000 0 fold 
2222 1751 8000 249 check 
1111 1751 8000 249 check 
6666 1751 8000 249 check 
total pot: 1345 
/inquire 
recv from player 6666: call 

river/ 
DIAMONDS 9 
/river 

---river round bet---
valid player: 8, all in player: 0, fold player: 3
send inquire msg to player 1111 
inquire/ 
6666 1751 8000 249 check 
5555 1900 8000 100 fold 
8888 1751 8000 249 check 
4444 1751 8000 249 check 
7777 2000 8000 0 fold 
3333 2000 8000 0 fold 
2222 1751 8000 249 check 
1111 1751 8000 249 check 
total pot: 1345 
/inquire 
recv from player 1111: raise 385 

send inquire msg to player 2222 
inquire/ 
1111 1366 8000 634 raise 
6666 1751 8000 249 check 
5555 1900 8000 100 fold 
8888 1751 8000 249 check 
4444 1751 8000 249 check 
7777 2000 8000 0 fold 
3333 2000 8000 0 fold 
2222 1751 8000 249 check 
total pot: 1730 
/inquire 
recv from player 2222: fold 

send notify msg to player 7777 
notify/ 
3333 2000 8000 0 fold 
2222 1751 8000 249 fold 
1111 1366 8000 634 raise 
6666 1751 8000 249 check 
5555 1900 8000 100 fold 
8888 1751 8000 249 check 
4444 1751 8000 249 check 
7777 2000 8000 0 fold 
total pot: 1730 
/notify 
send inquire msg to player 4444 
inquire/ 
7777 2000 8000 0 fold 
3333 2000 8000 0 fold 
2222 1751 8000 249 fold 
1111 1366 8000 634 raise 
6666 1751 8000 249 check 
5555 1900 8000 100 fold 
8888 1751 8000 249 check 
4444 1751 8000 249 check 
total pot: 1730 
/inquire 
recv from player 4444: fold 

send inquire msg to player 8888 
inquire/ 
4444 1751 8000 249 fold 
7777 2000 8000 0 fold 
3333 2000 8000 0 fold 
2222 1751 8000 249 fold 
1111 1366 8000 634 raise 
6666 1751 8000 249 check 
5555 1900 8000 100 fold 
8888 1751 8000 249 check 
total pot: 1730 
/inquire 
recv from player 8888: call 

send inquire msg to player 6666 
inquire/ 
5555 1900 8000 100 fold 
8888 1366 8000 634 call 
4444 1751 8000 249 fold 
7777 2000 8000 0 fold 
3333 2000 8000 0 fold 
2222 1751 8000 249 fold 
1111 1366 8000 634 raise 
6666 1751 8000 249 check 
total pot: 2115 
/inquire 
recv from player 6666: fold 


----- notify msg last round -----
send notify msg to player 1111 
notify/ 
6666 1751 8000 249 fold 
5555 1900 8000 100 fold 
8888 1366 8000 634 call 
4444 1751 8000 249 fold 
7777 2000 8000 0 fold 
3333 2000 8000 0 fold 
2222 1751 8000 249 fold 
1111 1366 8000 634 raise 
total pot: 2115 
/notify 
send notify msg to player 2222 
notify/ 
1111 1366 8000 634 raise 
6666 1751 8000 249 fold 
5555 1900 8000 100 fold 
8888 1366 8000 634 call 
4444 1751 8000 249 fold 
7777 2000 8000 0 fold 
3333 2000 8000 0 fold 
2222 1751 8000 249 fold 
total pot: 2115 
/notify 
send notify msg to player 7777 
notify/ 
3333 2000 8000 0 fold 
2222 1751 8000 249 fold 
1111 1366 8000 634 raise 
6666 1751 8000 249 fold 
5555 1900 8000 100 fold 
8888 1366 8000 634 call 
4444 1751 8000 249 fold 
7777 2000 8000 0 fold 
total pot: 2115 
/notify 
send notify msg to player 4444 
notify/ 
7777 2000 8000 0 fold 
3333 2000 8000 0 fold 
2222 1751 8000 249 fold 
1111 1366 8000 634 raise 
6666 1751 8000 249 fold 
5555 1900 8000 100 fold 
8888 1366 8000 634 call 
4444 1751 8000 249 fold 
total pot: 2115 
/notify 
send notify msg to player 8888 
notify/ 
4444 1751 8000 249 fold 
7777 2000 8000 0 fold 
3333 2000 8000 0 fold 
2222 1751 8000 249 fold 
1111 1366 8000 634 raise 
6666 1751 8000 249 fold 
5555 1900 8000 100 fold 
8888 1366 8000 634 call 
total pot: 2115 
/notify 
send notify msg to player 6666 
notify/ 
5555 1900 8000 100 fold 
8888 1366 8000 634 call 
4444 1751 8000 249 fold 
7777 2000 8000 0 fold 
3333 2000 8000 0 fold 
2222 1751 8000 249 fold 
1111 1366 8000 634 raise 
6666 1751 8000 249 fold 
total pot: 2115 
/notify 

---show down---
showdown/ 
common/ 
DIAMONDS 5 
SPADES Q 
SPADES K 
HEARTS 10 
DIAMONDS 9 
/common 
1: 1111 HEARTS J CLUBS Q STRAIGHT 
2: 8888 DIAMONDS K CLUBS 2 ONE_PAIR 
/showdown 

---Allocate pot---
pot-win/ 
1111: 2115 
/pot-win 
it is player 1111's turn to be button

-----2 Hand-----

----- clean player data in socket -----
seat/ 
button: 1111 3481 8000 
small blind: 2222 1751 8000 
big blind: 3333 2000 8000 
7777 2000 8000 
4444 1751 8000 
8888 1366 8000 
5555 1900 8000 
6666 1751 8000 
/seat 
blind/ 
2222: 50 
3333: 100 
/blind 
player 2222:hold/ 
CLUBS 5 
CLUBS A 
/hold 
player 3333:hold/ 
HEARTS J 
CLUBS 6 
/hold 
player 7777:hold/ 
DIAMONDS 6 
SPADES J 
/hold 
player 4444:hold/ 
HEARTS Q 
SPADES 4 
/hold 
player 8888:hold/ 
CLUBS Q 
SPADES K 
/hold 
player 5555:hold/ 
SPADES 6 
SPADES Q 
/hold 
player 6666:hold/ 
CLUBS K 
HEARTS 8 
/hold 
player 1111:hold/ 
DIAMONDS 4 
HEARTS 4 
/hold 

---pre flop round bet---
valid player: 8, all in player: 0, fold player: 0
send inquire msg to player 7777 
inquire/ 
3333 1900 8000 100 blind 
2222 1701 8000 50 blind 
total pot: 150 
/inquire 
recv from player 7777: fold 

send inquire msg to player 4444 
inquire/ 
7777 2000 8000 0 fold 
3333 1900 8000 100 blind 
2222 1701 8000 50 blind 
total pot: 150 
/inquire 
recv from player 4444: call 

send inquire msg to player 8888 
inquire/ 
4444 1651 8000 100 call 
7777 2000 8000 0 fold 
3333 1900 8000 100 blind 
2222 1701 8000 50 blind 
total pot: 250 
/inquire 
recv from player 8888: raise 157 

send inquire msg to player 5555 
inquire/ 
8888 1109 8000 257 raise 
4444 1651 8000 100 call 
7777 2000 8000 0 fold 
3333 1900 8000 100 blind 
2222 1701 8000 50 blind 
total pot: 507 
/inquire 
recv from player 5555: fold 

send inquire msg to player 6666 
inquire/ 
5555 1900 8000 0 fold 
8888 1109 8000 257 raise 
4444 1651 8000 100 call 
7777 2000 8000 0 fold 
3333 1900 8000 100 blind 
2222 1701 8000 50 blind 
total pot: 507 
/inquire 
recv from player 6666: call 

send inquire msg to player 1111 
inquire/ 
6666 1494 8000 257 call 
5555 1900 8000 0 fold 
8888 1109 8000 257 raise 
4444 1651 8000 100 call 
7777 2000 8000 0 fold 
3333 1900 8000 100 blind 
2222 1701 8000 50 blind 
total pot: 764 
/inquire 
recv from player 1111: call 

send inquire msg to player 2222 
inquire/ 
1111 3224 8000 257 call 
6666 1494 8000 257 call 
5555 1900 8000 0 fold 
8888 1109 8000 257 raise 
4444 1651 8000 100 call 
7777 2000 8000 0 fold 
3333 1900 8000 100 blind 
2222 1701 8000 50 blind 
total pot: 1021 
/inquire 
recv from player 2222: call 

send inquire msg to player 3333 
inquire/ 
2222 1494 8000 257 call 
1111 3224 8000 257 call 
6666 1494 8000 257 call 
5555 1900 8000 0 fold 
8888 1109 8000 257 raise 
4444 1651 8000 100 call 
7777 2000 8000 0 fold 
3333 1900 8000 100 blind 
total pot: 1228 
/inquire 
recv from player 3333: call 

send notify msg to player 7777 
notify/ 
3333 1743 8000 257 call 
2222 1494 8000 257 call 
1111 3224 8000 257 call 
6666 1494 8000 257 call 
5555 1900 8000 0 fold 
8888 1109 8000 257 raise 
4444 1651 8000 100 call 
7777 2000 8000 0 fold 
total pot: 1385 
/notify 
send inquire msg to player 4444 
inquire/ 
7777 2000 8000 0 fold 
3333 1743 8000 257 call 
2222 1494 8000 257 call 
1111 3224 8000 257 call 
6666 1494 8000 257 call 
5555 1900 8000 0 fold 
8888 1109 8000 257 raise 
4444 1651 8000 100 call 
total pot: 1385 
/inquire 
recv from player 4444: call 

flop/ 
CLUBS 7 
CLUBS 8 
DIAMONDS K 
/flop 

---flop round bet---
valid player: 8, all in player: 0, fold player: 2
send inquire msg to player 2222 
inquire/ 
1111 3224 8000 257 call 
6666 1494 8000 257 call 
5555 1900 8000 0 fold 
8888 1109 8000 257 raise 
4444 1494 8000 257 call 
7777 2000 8000 0 fold 
3333 1743 8000 257 call 
2222 1494 8000 257 call 
total pot: 1542 
/inquire 
recv from player 2222: raise 79 

send inquire msg to player 3333 
inquire/ 
2222 1394 8000 357 raise 
1111 3224 8000 257 call 
6666 1494 8000 257 call 
5555 1900 8000 0 fold 
8888 1109 8000 257 raise 
4444 1494 8000 257 call 
7777 2000 8000 0 fold 
3333 1743 8000 257 call 
total pot: 1642 
/inquire 
recv from player 3333: call 

send notify msg to player 7777 
notify/ 
3333 1643 8000 357 call 
2222 1394 8000 357 raise 
1111 3224 8000 257 call 
6666 1494 8000 257 call 
5555 1900 8000 0 fold 
8888 1109 8000 257 raise 
4444 1494 8000 257 call 
7777 2000 8000 0 fold 
total pot: 1742 
/notify 
send inquire msg to player 4444 
inquire/ 
7777 2000 8000 0 fold 
3333 1643 8000 357 call 
2222 1394 8000 357 raise 
1111 3224 8000 257 call 
6666 1494 8000 257 call 
5555 1900 8000 0 fold 
8888 1109 8000 257 raise 
4444 1494 8000 257 call 
total pot: 1742 
/inquire 
recv from player 4444: call 

send inquire msg to player 8888 
inquire/ 
4444 1394 8000 357 call 
7777 2000 8000 0 fold 
3333 1643 8000 357 call 
2222 1394 8000 357 raise 
1111 3224 8000 257 call 
6666 1494 8000 257 call 
5555 1900 8000 0 fold 
8888 1109 8000 257 raise 
total pot: 1842 
/inquire 
recv from player 8888: call 

send inquire msg to player 6666 
inquire/ 
5555 1900 8000 0 fold 
8888 1009 8000 357 call 
4444 1394 8000 357 call 
7777 2000 8000 0 fold 
3333 1643 8000 357 call 
2222 1394 8000 357 raise 
1111 3224 8000 257 call 
6666 1494 8000 257 call 
total pot: 1942 
/inquire 
recv from player 6666: raise 382 

send inquire msg to player 1111 
inquire/ 
6666 1012 8000 739 raise 
5555 1900 8000 0 fold 
8888 1009 8000 357 call 
4444 1394 8000 357 call 
7777 2000 8000 0 fold 
3333 1643 8000 357 call 
2222 1394 8000 357 raise 
1111 3224 8000 257 call 
total pot: 2424 
/inquire 
recv from player 1111: fold 

send inquire msg to player 2222 
inquire/ 
1111 3224 8000 257 fold 
6666 1012 8000 739 raise 
5555 1900 8000 0 fold 
8888 1009 8000 357 call 
4444 1394 8000 357 call 
7777 2000 8000 0 fold 
3333 1643 8000 357 call 
2222 1394 8000 357 raise 
total pot: 2424 
/inquire 
recv from player 2222: call 

send inquire msg to player 3333 
inquire/ 
2222 1012 8000 739 call 
1111 3224 8000 257 fold 
6666 1012 8000 739 raise 
5555 1900 8000 0 fold 
8888 1009 8000 357 call 
4444 1394 8000 357 call 
7777 2000 8000 0 fold 
3333 1643 8000 357 call 
total pot: 2806 
/inquire 
recv from player 3333: fold 

send notify msg to player 7777 
notify/ 
3333 1643 8000 357 fold 
2222 1012 8000 739 call 
1111 3224 8000 257 fold 
6666 1012 8000 739 raise 
5555 1900 8000 0 fold 
8888 1009 8000 357 call 
4444 1394 8000 357 call 
7777 2000 8000 0 fold 
total pot: 2806 
/notify 
send inquire msg to player 4444 
inquire/ 
7777 2000 8000 0 fold 
3333 1643 8000 357 fold 
2222 1012 8000 739 call 
1111 3224 8000 257 fold 
6666 1012 8000 739 raise 
5555 1900 8000 0 fold 
8888 1009 8000 357 call 
4444 1394 8000 357 call 
total pot: 2806 
/inquire 
recv from player 4444: fold 

send inquire msg to player 8888 
inquire/ 
4444 1394 8000 357 fold 
7777 2000 8000 0 fold 
3333 1643 8000 357 fold 
2222 1012 8000 739 call 
1111 3224 8000 257 fold 
6666 1012 8000 739 raise 
5555 1900 8000 0 fold 
8888 1009 8000 357 call 
total pot: 2806 
/inquire 
recv from player 8888: call 

turn/ 
DIAMONDS 2 
/turn 

---turn round bet---
valid player: 8, all in player: 0, fold player: 5
send inquire msg to player 2222 
inquire/ 
1111 3224 8000 257 fold 
6666 1012 8000 739 raise 
5555 1900 8000 0 fold 
8888 627 8000 739 call 
4444 1394 8000 357 fold 
7777 2000 8000 0 fold 
3333 1643 8000 357 fold 
2222 1012 8000 739 call 
total pot: 3188 
/inquire 
recv from player 2222: call 

send notify msg to player 7777 
notify/ 
3333 1643 8000 357 fold 
2222 1012 8000 739 check 
1111 3224 8000 257 fold 
6666 1012 8000 739 raise 
5555 1900 8000 0 fold 
8888 627 8000 739 call 
4444 1394 8000 357 fold 
7777 2000 8000 0 fold 
total pot: 3188 
/notify 
send notify msg to player 4444 
notify/ 
7777 2000 8000 0 fold 
3333 1643 8000 357 fold 
2222 1012 8000 739 check 
1111 3224 8000 257 fold 
6666 1012 8000 739 raise 
5555 1900 8000 0 fold 
8888 627 8000 739 call 
4444 1394 8000 357 fold 
total pot: 3188 
/notify 
send inquire msg to player 8888 
inquire/ 
4444 1394 8000 357 fold 
7777 2000 8000 0 fold 
3333 1643 8000 357 fold 
2222 1012 8000 739 check 
1111 3224 8000 257 fold 
6666 1012 8000 739 raise 
5555 1900 8000 0 fold 
8888 627 8000 739 call 
total pot: 3188 
/inquire 
recv from player 8888: fold 

send inquire msg to player 6666 
inquire/ 
5555 1900 8000 0 fold 
8888 627 8000 739 fold 
4444 1394 8000 357 fold 
7777 2000 8000 0 fold 
3333 1643 8000 357 fold 
2222 1012 8000 739 check 
1111 3224 8000 257 fold 
6666 1012 8000 739 raise 
total pot: 3188 
/inquire 
recv from player 6666: call 

river/ 
SPADES 8 
/river 

---river round bet---
valid player: 8, all in player: 0, fold player: 6
send inquire msg to player 2222 
inquire/ 
1111 3224 8000 257 fold 
6666 1012 8000 739 check 
5555 1900 8000 0 fold 
8888 627 8000 739 fold 
4444 1394 8000 357 fold 
7777 2000 8000 0 fold 
3333 1643 8000 357 fold 
2222 1012 8000 739 check 
total pot: 3188 
/inquire 
recv from player 2222: call 

send notify msg to player 7777 
notify/ 
3333 1643 8000 357 fold 
2222 1012 8000 739 check 
1111 3224 8000 257 fold 
6666 1012 8000 739 check 
5555 1900 8000 0 fold 
8888 627 8000 739 fold 
4444 1394 8000 357 fold 
7777 2000 8000 0 fold 
total pot: 3188 
/notify 
send notify msg to player 4444 
notify/ 
7777 2000 8000 0 fold 
3333 1643 8000 357 fold 
2222 1012 8000 739 check 
1111 3224 8000 257 fold 
6666 1012 8000 739 check 
5555 1900 8000 0 fold 
8888 627 8000 739 fold 
4444 1394 8000 357 fold 
total pot: 3188 
/notify 
send notify msg to player 8888 
notify/ 
4444 1394 8000 357 fold 
7777 2000 8000 0 fold 
3333 1643 8000 357 fold 
2222 1012 8000 739 check 
1111 3224 8000 257 fold 
6666 1012 8000 739 check 
5555 1900 8000 0 fold 
8888 627 8000 739 fold 
total pot: 3188 
/notify 
send inquire msg to player 6666 
inquire/ 
5555 1900 8000 0 fold 
8888 627 8000 739 fold 
4444 1394 8000 357 fold 
7777 2000 8000 0 fold 
3333 1643 8000 357 fold 
2222 1012 8000 739 check 
1111 3224 8000 257 fold 
6666 1012 8000 739 check 
total pot: 3188 
/inquire 
recv from player 6666: call 


----- notify msg last round -----
send notify msg to player 1111 
notify/ 
6666 1012 8000 739 check 
5555 1900 8000 0 fold 
8888 627 8000 739 fold 
4444 1394 8000 357 fold 
7777 2000 8000 0 fold 
3333 1643 8000 357 fold 
2222 1012 8000 739 check 
1111 3224 8000 257 fold 
total pot: 3188 
/notify 
send notify msg to player 2222 
notify/ 
1111 3224 8000 257 fold 
6666 1012 8000 739 check 
5555 1900 8000 0 fold 
8888 627 8000 739 fold 
4444 1394 8000 357 fold 
7777 2000 8000 0 fold 
3333 1643 8000 357 fold 
2222 1012 8000 739 check 
total pot: 3188 
/notify 
send notify msg to player 7777 
notify/ 
3333 1643 8000 357 fold 
2222 1012 8000 739 check 
1111 3224 8000 257 fold 
6666 1012 8000 739 check 
5555 1900 8000 0 fold 
8888 627 8000 739 fold 
4444 1394 8000 357 fold 
7777 2000 8000 0 fold 
total pot: 3188 
/notify 
send notify msg to player 4444 
notify/ 
7777 2000 8000 0 fold 
3333 1643 8000 357 fold 
2222 1012 8000 739 check 
1111 3224 8000 257 fold 
6666 1012 8000 739 check 
5555 1900 8000 0 fold 
8888 627 8000 739 fold 
4444 1394 8000 357 fold 
total pot: 3188 
/notify 
send notify msg to player 8888 
notify/ 
4444 1394 8000 357 fold 
7777 2000 8000 0 fold 
3333 1643 8000 357 fold 
2222 1012 8000 739 check 
1111 3224 8000 257 fold 
6666 1012 8000 739 check 
5555 1900 8000 0 fold 
8888 627 8000 739 fold 
total pot: 3188 
/notify 
send notify msg to player 6666 
notify/ 
5555 1900 8000 0 fold 
8888 627 8000 739 fold 
4444 1394 8000 357 fold 
7777 2000 8000 0 fold 
3333 1643 8000 357 fold 
2222 1012 8000 739 check 
1111 3224 8000 257 fold 
6666 1012 8000 739 check 
total pot: 3188 
/notify 

---show down---
showdown/ 
common/ 
CLUBS 7 
CLUBS 8 
DIAMONDS K 
DIAMONDS 2 
SPADES 8 
/common 
2: 2222 CLUBS 5 CLUBS A ONE_PAIR 
1: 6666 CLUBS K HEARTS 8 FULL_HOUSE 
/showdown 

---Allocate pot---
pot-win/ 
6666: 3188 
/pot-win 
it is player 2222's turn to be button

-----3 Hand-----

----- clean player data in socket -----
seat/ 
button: 2222 1012 8000 
small blind: 3333 1643 8000 
big blind: 7777 2000 8000 
4444 1394 8000 
8888 627 8000 
5555 1900 8000 
6666 4200 8000 
1111 3224 8000 
/seat 
blind/ 
3333: 50 
7777: 100 
/blind 
player 3333:hold/ 
SPADES A 
HEARTS A 
/hold 
player 7777:hold/ 
DIAMONDS 7 
CLUBS 9 
/hold 
player 4444:hold/ 
SPADES K 
DIAMONDS 10 
/hold 
player 8888:hold/ 
CLUBS A 
CLUBS 2 
/hold 
player 5555:hold/ 
DIAMONDS Q 
SPADES 5 
/hold 
player 6666:hold/ 
DIAMONDS 9 
HEARTS 6 
/hold 
player 1111:hold/ 
DIAMONDS K 
CLUBS Q 
/hold 
player 2222:hold/ 
SPADES 3 
SPADES 10 
/hold 

---pre flop round bet---
valid player: 8, all in player: 0, fold player: 0
send inquire msg to player 4444 
inquire/ 
7777 1900 8000 100 blind 
3333 1593 8000 50 blind 
total pot: 150 
/inquire 
recv from player 4444: call 

send inquire msg to player 8888 
inquire/ 
4444 1294 8000 100 call 
7777 1900 8000 100 blind 
3333 1593 8000 50 blind 
total pot: 250 
/inquire 
recv from player 8888: call 

send inquire msg to player 5555 
inquire/ 
8888 527 8000 100 call 
4444 1294 8000 100 call 
7777 1900 8000 100 blind 
3333 1593 8000 50 blind 
total pot: 350 
/inquire 
recv from player 5555: fold 

send inquire msg to player 6666 
inquire/ 
5555 1900 8000 0 fold 
8888 527 8000 100 call 
4444 1294 8000 100 call 
7777 1900 8000 100 blind 
3333 1593 8000 50 blind 
total pot: 350 
/inquire 
recv from player 6666: raise 163 

send inquire msg to player 1111 
inquire/ 
6666 3937 8000 263 raise 
5555 1900 8000 0 fold 
8888 527 8000 100 call 
4444 1294 8000 100 call 
7777 1900 8000 100 blind 
3333 1593 8000 50 blind 
total pot: 613 
/inquire 
recv from player 1111: raise 376 

send inquire msg to player 2222 
inquire/ 
1111 2585 8000 639 raise 
6666 3937 8000 263 raise 
5555 1900 8000 0 fold 
8888 527 8000 100 call 
4444 1294 8000 100 call 
7777 1900 8000 100 blind 
3333 1593 8000 50 blind 
total pot: 1252 
/inquire 
recv from player 2222: fold 

send inquire msg to player 3333 
inquire/ 
2222 1012 8000 0 fold 
1111 2585 8000 639 raise 
6666 3937 8000 263 raise 
5555 1900 8000 0 fold 
8888 527 8000 100 call 
4444 1294 8000 100 call 
7777 1900 8000 100 blind 
3333 1593 8000 50 blind 
total pot: 1252 
/inquire 
recv from player 3333: call 

send inquire msg to player 7777 
inquire/ 
3333 1004 8000 639 call 
2222 1012 8000 0 fold 
1111 2585 8000 639 raise 
6666 3937 8000 263 raise 
5555 1900 8000 0 fold 
8888 527 8000 100 call 
4444 1294 8000 100 call 
7777 1900 8000 100 blind 
total pot: 1841 
/inquire 
recv from player 7777: fold 

send inquire msg to player 4444 
inquire/ 
7777 1900 8000 100 fold 
3333 1004 8000 639 call 
2222 1012 8000 0 fold 
1111 2585 8000 639 raise 
6666 3937 8000 263 raise 
5555 1900 8000 0 fold 
8888 527 8000 100 call 
4444 1294 8000 100 call 
total pot: 1841 
/inquire 
recv from player 4444: fold 

send inquire msg to player 8888 
inquire/ 
4444 1294 8000 100 fold 
7777 1900 8000 100 fold 
3333 1004 8000 639 call 
2222 1012 8000 0 fold 
1111 2585 8000 639 raise 
6666 3937 8000 263 raise 
5555 1900 8000 0 fold 
8888 527 8000 100 call 
total pot: 1841 
/inquire 
recv from player 8888: fold 

send inquire msg to player 6666 
inquire/ 
5555 1900 8000 0 fold 
8888 527 8000 100 fold 
4444 1294 8000 100 fold 
7777 1900 8000 100 fold 
3333 1004 8000 639 call 
2222 1012 8000 0 fold 
1111 2585 8000 639 raise 
6666 3937 8000 263 raise 
total pot: 1841 
/inquire 
recv from player 6666: call 

flop/ 
DIAMONDS 2 
CLUBS 5 
SPADES 7 
/flop 

---flop round bet---
valid player: 8, all in player: 0, fold player: 5
send inquire msg to player 3333 
inquire/ 
2222 1012 8000 0 fold 
1111 2585 8000 639 raise 
6666 3561 8000 639 call 
5555 1900 8000 0 fold 
8888 527 8000 100 fold 
4444 1294 8000 100 fold 
7777 1900 8000 100 fold 
3333 1004 8000 639 call 
total pot: 2217 
/inquire 
recv from player 3333: raise 600 

send notify msg to player 7777 
notify/ 
3333 404 8000 1239 raise 
2222 1012 8000 0 fold 
1111 2585 8000 639 raise 
6666 3561 8000 639 call 
5555 1900 8000 0 fold 
8888 527 8000 100 fold 
4444 1294 8000 100 fold 
7777 1900 8000 100 fold 
total pot: 2817 
/notify 
send notify msg to player 4444 
notify/ 
7777 1900 8000 100 fold 
3333 404 8000 1239 raise 
2222 1012 8000 0 fold 
1111 2585 8000 639 raise 
6666 3561 8000 639 call 
5555 1900 8000 0 fold 
8888 527 8000 100 fold 
4444 1294 8000 100 fold 
total pot: 2817 
/notify 
send notify msg to player 8888 
notify/ 
4444 1294 8000 100 fold 
7777 1900 8000 100 fold 
3333 404 8000 1239 raise 
2222 1012 8000 0 fold 
1111 2585 8000 639 raise 
6666 3561 8000 639 call 
5555 1900 8000 0 fold 
8888 527 8000 100 fold 
total pot: 2817 
/notify 
send inquire msg to player 6666 
inquire/ 
5555 1900 8000 0 fold 
8888 527 8000 100 fold 
4444 1294 8000 100 fold 
7777 1900 8000 100 fold 
3333 404 8000 1239 raise 
2222 1012 8000 0 fold 
1111 2585 8000 639 raise 
6666 3561 8000 639 call 
total pot: 2817 
/inquire 
recv from player 6666: call 

send inquire msg to player 1111 
inquire/ 
6666 2961 8000 1239 call 
5555 1900 8000 0 fold 
8888 527 8000 100 fold 
4444 1294 8000 100 fold 
7777 1900 8000 100 fold 
3333 404 8000 1239 raise 
2222 1012 8000 0 fold 
1111 2585 8000 639 raise 
total pot: 3417 
/inquire 
recv from player 1111: fold 

turn/ 
DIAMONDS 6 
/turn 

---turn round bet---
valid player: 8, all in player: 0, fold player: 6
send inquire msg to player 3333 
inquire/ 
2222 1012 8000 0 fold 
1111 2585 8000 639 fold 
6666 2961 8000 1239 call 
5555 1900 8000 0 fold 
8888 527 8000 100 fold 
4444 1294 8000 100 fold 
7777 1900 8000 100 fold 
3333 404 8000 1239 raise 
total pot: 3417 
/inquire 
recv from player 3333: all_in 

send notify msg to player 7777 
notify/ 
3333 0 8000 1643 all_in 
2222 1012 8000 0 fold 
1111 2585 8000 639 fold 
6666 2961 8000 1239 call 
5555 1900 8000 0 fold 
8888 527 8000 100 fold 
4444 1294 8000 100 fold 
7777 1900 8000 100 fold 
total pot: 3821 
/notify 
send notify msg to player 4444 
notify/ 
7777 1900 8000 100 fold 
3333 0 8000 1643 all_in 
2222 1012 8000 0 fold 
1111 2585 8000 639 fold 
6666 2961 8000 1239 call 
5555 1900 8000 0 fold 
8888 527 8000 100 fold 
4444 1294 8000 100 fold 
total pot: 3821 
/notify 
send notify msg to player 8888 
notify/ 
4444 1294 8000 100 fold 
7777 1900 8000 100 fold 
3333 0 8000 1643 all_in 
2222 1012 8000 0 fold 
1111 2585 8000 639 fold 
6666 2961 8000 1239 call 
5555 1900 8000 0 fold 
8888 527 8000 100 fold 
total pot: 3821 
/notify 
send inquire msg to player 6666 
inquire/ 
5555 1900 8000 0 fold 
8888 527 8000 100 fold 
4444 1294 8000 100 fold 
7777 1900 8000 100 fold 
3333 0 8000 1643 all_in 
2222 1012 8000 0 fold 
1111 2585 8000 639 fold 
6666 2961 8000 1239 call 
total pot: 3821 
/inquire 
recv from player 6666: call 

river/ 
DIAMONDS 5 
/river 

---river round bet---
valid player: 8, all in player: 1, fold player: 6

----- notify msg last round -----
send notify msg to player 1111 
notify/ 
6666 2557 8000 1643 call 
5555 1900 8000 0 fold 
8888 527 8000 100 fold 
4444 1294 8000 100 fold 
7777 1900 8000 100 fold 
3333 0 8000 1643 all_in 
2222 1012 8000 0 fold 
1111 2585 8000 639 fold 
total pot: 4225 
/notify 
send notify msg to player 2222 
notify/ 
1111 2585 8000 639 fold 
6666 2557 8000 1643 call 
5555 1900 8000 0 fold 
8888 527 8000 100 fold 
4444 1294 8000 100 fold 
7777 1900 8000 100 fold 
3333 0 8000 1643 all_in 
2222 1012 8000 0 fold 
total pot: 4225 
/notify 
send notify msg to player 7777 
notify/ 
3333 0 8000 1643 all_in 
2222 1012 8000 0 fold 
1111 2585 8000 639 fold 
6666 2557 8000 1643 call 
5555 1900 8000 0 fold 
8888 527 8000 100 fold 
4444 1294 8000 100 fold 
7777 1900 8000 100 fold 
total pot: 4225 
/notify 
send notify msg to player 4444 
notify/ 
7777 1900 8000 100 fold 
3333 0 8000 1643 all_in 
2222 1012 8000 0 fold 
1111 2585 8000 639 fold 
6666 2557 8000 1643 call 
5555 1900 8000 0 fold 
8888 527 8000 100 fold 
4444 1294 8000 100 fold 
total pot: 4225 
/notify 
send notify msg to player 8888 
notify/ 
4444 1294 8000 100 fold 
7777 1900 8000 100 fold 
3333 0 8000 1643 all_in 
2222 1012 8000 0 fold 
1111 2585 8000 639 fold 
6666 2557 8000 1643 call 
5555 1900 8000 0 fold 
8888 527 8000 100 fold 
total pot: 4225 
/notify 
send notify msg to player 6666 
notify/ 
5555 1900 8000 0 fold 
8888 527 8000 100 fold 
4444 1294 8000 100 fold 
7777 1900 8000 100 fold 
3333 0 8000 1643 all_in 
2222 1012 8000 0 fold 
1111 2585 8000 639 fold 
6666 2557 8000 1643 call 
total pot: 4225 
/notify 

---show down---
showdown/ 
common/ 
DIAMONDS 2 
CLUBS 5 
SPADES 7 
DIAMONDS 6 
DIAMONDS 5 
/common 
1: 3333 SPADES A HEARTS A TWO_PAIR 
2: 6666 DIAMONDS 9 HEARTS 6 TWO_PAIR 
/showdown 

---Allocate pot---
pot-win/ 
3333: 4225 
/pot-win 
it is player 3333's turn to be button

-----4 Hand-----

----- clean player data in socket -----
seat/ 
button: 3333 4225 8000 
small blind: 7777 1900 8000 
big blind: 4444 1294 8000 
8888 527 8000 
5555 1900 8000 
6666 2557 8000 
1111 2585 8000 
2222 1012 8000 
/seat 
blind/ 
7777: 50 
4444: 100 
/blind 
player 7777:hold/ 
CLUBS 9 
HEARTS 7 
/hold 
player 4444:hold/ 
CLUBS J 
SPADES Q 
/hold 
player 8888:hold/ 
DIAMONDS A 
HEARTS J 
/hold 
player 5555:hold/ 
DIAMONDS 6 
CLUBS 6 
/hold 
player 6666:hold/ 
HEARTS 9 
SPADES 5 
/hold 
player 1111:hold/ 
DIAMONDS K 
DIAMONDS 5 
/hold 
player 2222:hold/ 
SPADES 9 
CLUBS 5 
/hold 
player 3333:hold/ 
DIAMONDS 10 
HEARTS 2 
/hold 

---pre flop round bet---
valid player: 8, all in player: 0, fold player: 0
send inquire msg to player 8888 
inquire/ 
4444 1194 8000 100 blind 
7777 1850 8000 50 blind 
total pot: 150 
/inquire 
recv from player 8888: call 

send inquire msg to player 5555 
inquire/ 
8888 427 8000 100 call 
4444 1194 8000 100 blind 
7777 1850 8000 50 blind 
total pot: 250 
/inquire 
recv from player 5555: call 

send inquire msg to player 6666 
inquire/ 
5555 1800 8000 100 call 
8888 427 8000 100 call 
4444 1194 8000 100 blind 
7777 1850 8000 50 blind 
total pot: 350 
/inquire 
recv from player 6666: call 

send inquire msg to player 1111 
inquire/ 
6666 2457 8000 100 call 
5555 1800 8000 100 call 
8888 427 8000 100 call 
4444 1194 8000 100 blind 
7777 1850 8000 50 blind 
total pot: 450 
/inquire 
recv from player 1111: raise 216 

send inquire msg to player 2222 
inquire/ 
1111 2269 8000 316 raise 
6666 2457 8000 100 call 
5555 1800 8000 100 call 
8888 427 8000 100 call 
4444 1194 8000 100 blind 
7777 1850 8000 50 blind 
total pot: 766 
/inquire 
recv from player 2222: fold 

send inquire msg to player 3333 
inquire/ 
2222 1012 8000 0 fold 
1111 2269 8000 316 raise 
6666 2457 8000 100 call 
5555 1800 8000 100 call 
8888 427 8000 100 call 
4444 1194 8000 100 blind 
7777 1850 8000 50 blind 
total pot: 766 
/inquire 
recv from player 3333: fold 

send inquire msg to player 7777 
inquire/ 
3333 4225 8000 0 fold 
2222 1012 8000 0 fold 
1111 2269 8000 316 raise 
6666 2457 8000 100 call 
5555 1800 8000 100 call 
8888 427 8000 100 call 
4444 1194 8000 100 blind 
7777 1850 8000 50 blind 
total pot: 766 
/inquire 
recv from player 7777: fold 

send inquire msg to player 4444 
inquire/ 
7777 1850 8000 50 fold 
3333 4225 8000 0 fold 
2222 1012 8000 0 fold 
1111 2269 8000 316 raise 
6666 2457 8000 100 call 
5555 1800 8000 100 call 
8888 427 8000 100 call 
4444 1194 8000 100 blind 
total pot: 766 
/inquire 
recv from player 4444: call 

send inquire msg to player 8888 
inquire/ 
4444 978 8000 316 call 
7777 1850 8000 50 fold 
3333 4225 8000 0 fold 
2222 1012 8000 0 fold 
1111 2269 8000 316 raise 
6666 2457 8000 100 call 
5555 1800 8000 100 call 
8888 427 8000 100 call 
total pot: 982 
/inquire 
recv from player 8888: fold 

send inquire msg to player 5555 
inquire/ 
8888 427 8000 100 fold 
4444 978 8000 316 call 
7777 1850 8000 50 fold 
3333 4225 8000 0 fold 
2222 1012 8000 0 fold 
1111 2269 8000 316 raise 
6666 2457 8000 100 call 
5555 1800 8000 100 call 
total pot: 982 
/inquire 
recv from player 5555: call 

send inquire msg to player 6666 
inquire/ 
5555 1584 8000 316 call 
8888 427 8000 100 fold 
4444 978 8000 316 call 
7777 1850 8000 50 fold 
3333 4225 8000 0 fold 
2222 1012 8000 0 fold 
1111 2269 8000 316 raise 
6666 2457 8000 100 call 
total pot: 1198 
/inquire 
recv from player 6666: call 

flop/ 
DIAMONDS 4 
DIAMONDS J 
HEARTS 6 
/flop 

---flop round bet---
valid player: 8, all in player: 0, fold player: 4
send notify msg to player 7777 
notify/ 
3333 4225 8000 0 fold 
2222 1012 8000 0 fold 
1111 2269 8000 316 raise 
6666 2241 8000 316 call 
5555 1584 8000 316 call 
8888 427 8000 100 fold 
4444 978 8000 316 call 
7777 1850 8000 50 fold 
total pot: 1414 
/notify 
send inquire msg to player 4444 
inquire/ 
7777 1850 8000 50 fold 
3333 4225 8000 0 fold 
2222 1012 8000 0 fold 
1111 2269 8000 316 raise 
6666 2241 8000 316 call 
5555 1584 8000 316 call 
8888 427 8000 100 fold 
4444 978 8000 316 call 
total pot: 1414 
/inquire 
recv from player 4444: call 

send notify msg to player 8888 
notify/ 
4444 978 8000 316 check 
7777 1850 8000 50 fold 
3333 4225 8000 0 fold 
2222 1012 8000 0 fold 
1111 2269 8000 316 raise 
6666 2241 8000 316 call 
5555 1584 8000 316 call 
8888 427 8000 100 fold 
total pot: 1414 
/notify 
send inquire msg to player 5555 
inquire/ 
8888 427 8000 100 fold 
4444 978 8000 316 check 
7777 1850 8000 50 fold 
3333 4225 8000 0 fold 
2222 1012 8000 0 fold 
1111 2269 8000 316 raise 
6666 2241 8000 316 call 
5555 1584 8000 316 call 
total pot: 1414 
/inquire 
recv from player 5555: raise 186

send inquire msg to player 6666 
inquire/ 
5555 1398 8000 502 raise 
8888 427 8000 100 fold 
4444 978 8000 316 check 
7777 1850 8000 50 fold 
3333 4225 8000 0 fold 
2222 1012 8000 0 fold 
1111 2269 8000 316 raise 
6666 2241 8000 316 call 
total pot: 1600 
/inquire 
recv from player 6666: fold 

send inquire msg to player 1111 
inquire/ 
6666 2241 8000 316 fold 
5555 1398 8000 502 raise 
8888 427 8000 100 fold 
4444 978 8000 316 check 
7777 1850 8000 50 fold 
3333 4225 8000 0 fold 
2222 1012 8000 0 fold 
1111 2269 8000 316 raise 
total pot: 1600 
/inquire 
recv from player 1111: call 

send notify msg to player 2222 
notify/ 
1111 2083 8000 502 call 
6666 2241 8000 316 fold 
5555 1398 8000 502 raise 
8888 427 8000 100 fold 
4444 978 8000 316 check 
7777 1850 8000 50 fold 
3333 4225 8000 0 fold 
2222 1012 8000 0 fold 
total pot: 1786 
/notify 
send notify msg to player 7777 
notify/ 
3333 4225 8000 0 fold 
2222 1012 8000 0 fold 
1111 2083 8000 502 call 
6666 2241 8000 316 fold 
5555 1398 8000 502 raise 
8888 427 8000 100 fold 
4444 978 8000 316 check 
7777 1850 8000 50 fold 
total pot: 1786 
/notify 
send inquire msg to player 4444 
inquire/ 
7777 1850 8000 50 fold 
3333 4225 8000 0 fold 
2222 1012 8000 0 fold 
1111 2083 8000 502 call 
6666 2241 8000 316 fold 
5555 1398 8000 502 raise 
8888 427 8000 100 fold 
4444 978 8000 316 check 
total pot: 1786 
/inquire 
recv from player 4444: call 

turn/ 
CLUBS 4 
/turn 

---turn round bet---
valid player: 8, all in player: 0, fold player: 5
send notify msg to player 7777 
notify/ 
3333 4225 8000 0 fold 
2222 1012 8000 0 fold 
1111 2083 8000 502 call 
6666 2241 8000 316 fold 
5555 1398 8000 502 raise 
8888 427 8000 100 fold 
4444 792 8000 502 call 
7777 1850 8000 50 fold 
total pot: 1972 
/notify 
send inquire msg to player 4444 
inquire/ 
7777 1850 8000 50 fold 
3333 4225 8000 0 fold 
2222 1012 8000 0 fold 
1111 2083 8000 502 call 
6666 2241 8000 316 fold 
5555 1398 8000 502 raise 
8888 427 8000 100 fold 
4444 792 8000 502 call 
total pot: 1972 
/inquire 
recv from player 4444: call 

send notify msg to player 8888 
notify/ 
4444 792 8000 502 check 
7777 1850 8000 50 fold 
3333 4225 8000 0 fold 
2222 1012 8000 0 fold 
1111 2083 8000 502 call 
6666 2241 8000 316 fold 
5555 1398 8000 502 raise 
8888 427 8000 100 fold 
total pot: 1972 
/notify 
send inquire msg to player 5555 
inquire/ 
8888 427 8000 100 fold 
4444 792 8000 502 check 
7777 1850 8000 50 fold 
3333 4225 8000 0 fold 
2222 1012 8000 0 fold 
1111 2083 8000 502 call 
6666 2241 8000 316 fold 
5555 1398 8000 502 raise 
total pot: 1972 
/inquire 
recv from player 5555: raise 186

send notify msg to player 6666 
notify/ 
5555 1212 8000 688 raise 
8888 427 8000 100 fold 
4444 792 8000 502 check 
7777 1850 8000 50 fold 
3333 4225 8000 0 fold 
2222 1012 8000 0 fold 
1111 2083 8000 502 call 
6666 2241 8000 316 fold 
total pot: 2158 
/notify 
send inquire msg to player 1111 
inquire/ 
6666 2241 8000 316 fold 
5555 1212 8000 688 raise 
