

===VERSION 1.31===
---GAME START @ 2015-6-19-21-23-7---

wait registration for 30 seconds
reg: 1111 yifeichongtian 
reg: 3333 JunLinTianXia 
reg: 2222 HJ  need_notify  
reg: 8888 thisAmateur need_notify 
reg: 7777 CQchappie need_notify 
reg: 5555 DSNJU 
reg: 4444 DSNJU 
reg: 6666 CQchappie need_notify 
close registration

-----1 Hand-----

----- clean player data in socket -----
seat/ 
button: 4444 2000 2000 
small blind: 6666 2000 2000 
big blind: 5555 2000 2000 
2222 2000 2000 
8888 2000 2000 
3333 2000 2000 
1111 2000 2000 
7777 2000 2000 
/seat 
blind/ 
6666: 20 
5555: 40 
/blind 
player 6666:hold/ 
DIAMONDS 7 
CLUBS 10 
/hold 
player 5555:hold/ 
DIAMONDS 9 
HEARTS 6 
/hold 
player 2222:hold/ 
SPADES 7 
CLUBS 5 
/hold 
player 8888:hold/ 
SPADES 8 
HEARTS 2 
/hold 
player 3333:hold/ 
SPADES 6 
HEARTS K 
/hold 
player 1111:hold/ 
HEARTS A 
CLUBS 6 
/hold 
player 7777:hold/ 
DIAMONDS 10 
SPADES 9 
/hold 
player 4444:hold/ 
HEARTS J 
HEARTS Q 
/hold 

---pre flop round bet---
valid player: 8, all in player: 0, fold player: 0

send inquire msg to player 2222(seat:2) 
inquire/ 
5555 1960 2000 40 blind 
6666 1980 2000 20 blind 
total pot: 60 
/inquire 
recv from player 2222: fold 

send inquire msg to player 8888(seat:3) 
inquire/ 
2222 2000 2000 0 fold 
5555 1960 2000 40 blind 
6666 1980 2000 20 blind 
total pot: 60 
/inquire 
recv from player 8888: fold 


send inquire msg to player 3333(seat:4) 
inquire/ 
8888 2000 2000 0 fold 
2222 2000 2000 0 fold 
5555 1960 2000 40 blind 
6666 1980 2000 20 blind 
total pot: 60 
/inquire 
recv from player 3333: fold 


send inquire msg to player 1111(seat:5) 
inquire/ 
3333 2000 2000 0 fold 
8888 2000 2000 0 fold 
2222 2000 2000 0 fold 
5555 1960 2000 40 blind 
6666 1980 2000 20 blind 
total pot: 60 
/inquire 
recv from player 1111: fold 


send inquire msg to player 7777(seat:6) 
inquire/ 
1111 2000 2000 0 fold 
3333 2000 2000 0 fold 
8888 2000 2000 0 fold 
2222 2000 2000 0 fold 
5555 1960 2000 40 blind 
6666 1980 2000 20 blind 
total pot: 60 
/inquire 
recv from player 7777: raise 40 


send inquire msg to player 4444(seat:7) 
inquire/ 
7777 1920 2000 80 raise 
1111 2000 2000 0 fold 
3333 2000 2000 0 fold 
8888 2000 2000 0 fold 
2222 2000 2000 0 fold 
5555 1960 2000 40 blind 
6666 1980 2000 20 blind 
total pot: 140 
/inquire 
recv from player 4444: fold


send inquire msg to player 6666(seat:0) 
inquire/ 
4444 2000 2000 0 fold 
7777 1920 2000 80 raise 
1111 2000 2000 0 fold 
3333 2000 2000 0 fold 
8888 2000 2000 0 fold 
2222 2000 2000 0 fold 
5555 1960 2000 40 blind 
6666 1980 2000 20 blind 
total pot: 140 
/inquire 
recv from player 6666: fold 


send inquire msg to player 5555(seat:1) 
inquire/ 
6666 1980 2000 20 fold 
4444 2000 2000 0 fold 
7777 1920 2000 80 raise 
1111 2000 2000 0 fold 
3333 2000 2000 0 fold 
8888 2000 2000 0 fold 
2222 2000 2000 0 fold 
5555 1960 2000 40 blind 
total pot: 140 
/inquire 
recv from player 5555: fold

valid player: 8, all in player: 0, fold player: 7

----- send notify msg from 2 to 1(exclude) -----

send notify msg to player 2222(seat:2) 
notify/ 
5555 1960 2000 40 fold 
6666 1980 2000 20 fold 
4444 2000 2000 0 fold 
7777 1920 2000 80 raise 
1111 2000 2000 0 fold 
3333 2000 2000 0 fold 
8888 2000 2000 0 fold 
2222 2000 2000 0 fold 
total pot: 140 
/notify 

send notify msg to player 8888(seat:3) 
notify/ 
2222 2000 2000 0 fold 
5555 1960 2000 40 fold 
6666 1980 2000 20 fold 
4444 2000 2000 0 fold 
7777 1920 2000 80 raise 
1111 2000 2000 0 fold 
3333 2000 2000 0 fold 
8888 2000 2000 0 fold 
total pot: 140 
/notify 

player 3333(seat:4) doesn't need notify-msg

player 1111(seat:5) doesn't need notify-msg

send notify msg to player 7777(seat:6) 
notify/ 
1111 2000 2000 0 fold 
3333 2000 2000 0 fold 
8888 2000 2000 0 fold 
2222 2000 2000 0 fold 
5555 1960 2000 40 fold 
6666 1980 2000 20 fold 
4444 2000 2000 0 fold 
7777 1920 2000 80 raise 
total pot: 140 
/notify 

player 4444(seat:7) doesn't need notify-msg

send notify msg to player 6666(seat:0) 
notify/ 
4444 2000 2000 0 fold 
7777 1920 2000 80 raise 
1111 2000 2000 0 fold 
3333 2000 2000 0 fold 
8888 2000 2000 0 fold 
2222 2000 2000 0 fold 
5555 1960 2000 40 fold 
6666 1980 2000 20 fold 
total pot: 140 
/notify 

---flop round bet---
valid player: 8, all in player: 0, fold player: 7

---turn round bet---
valid player: 8, all in player: 0, fold player: 7

---river round bet---
valid player: 8, all in player: 0, fold player: 7

--- 1 players not fold, don't need show down---

---Allocate pot---
Only player at seat 6 not fold, win all the pot 140
pot-win/ 
7777: 140 
/pot-win 
it is player 6666's turn to be button

-----2 Hand-----

----- clean player data in socket -----
seat/ 
button: 6666 1980 2000 
small blind: 5555 1960 2000 
big blind: 2222 2000 2000 
8888 2000 2000 
3333 2000 2000 
1111 2000 2000 
7777 2060 2000 
4444 2000 2000 
/seat 
blind/ 
5555: 20 
2222: 40 
/blind 
player 5555:hold/ 
SPADES 6 
DIAMONDS 2 
/hold 
player 2222:hold/ 
CLUBS 8 
SPADES 4 
/hold 
player 8888:hold/ 
DIAMONDS 9 
HEARTS 3 
/hold 
player 3333:hold/ 
CLUBS 4 
DIAMONDS 8 
/hold 
player 1111:hold/ 
CLUBS 5 
SPADES 5 
/hold 
player 7777:hold/ 
SPADES Q 
CLUBS 7 
/hold 
player 4444:hold/ 
CLUBS 6 
HEARTS 4 
/hold 
player 6666:hold/ 
CLUBS 2 
CLUBS K 
/hold 

---pre flop round bet---
valid player: 8, all in player: 0, fold player: 0

send inquire msg to player 8888(seat:2) 
inquire/ 
2222 1960 2000 40 blind 
5555 1940 2000 20 blind 
total pot: 60 
/inquire 
recv from player 8888: fold 


send inquire msg to player 3333(seat:3) 
inquire/ 
8888 2000 2000 0 fold 
2222 1960 2000 40 blind 
5555 1940 2000 20 blind 
total pot: 60 
/inquire 
recv from player 3333: fold 


send inquire msg to player 1111(seat:4) 
inquire/ 
3333 2000 2000 0 fold 
8888 2000 2000 0 fold 
2222 1960 2000 40 blind 
5555 1940 2000 20 blind 
total pot: 60 
/inquire 
recv from player 1111: call 


send inquire msg to player 7777(seat:5) 
inquire/ 
1111 1960 2000 40 call 
3333 2000 2000 0 fold 
8888 2000 2000 0 fold 
2222 1960 2000 40 blind 
5555 1940 2000 20 blind 
total pot: 100 
/inquire 
recv from player 7777: fold 


send inquire msg to player 4444(seat:6) 
inquire/ 
7777 2060 2000 0 fold 
1111 1960 2000 40 call 
3333 2000 2000 0 fold 
8888 2000 2000 0 fold 
2222 1960 2000 40 blind 
5555 1940 2000 20 blind 
total pot: 100 
/inquire 
recv from player 4444: fold


send inquire msg to player 6666(seat:7) 
inquire/ 
4444 2000 2000 0 fold 
7777 2060 2000 0 fold 
1111 1960 2000 40 call 
3333 2000 2000 0 fold 
8888 2000 2000 0 fold 
2222 1960 2000 40 blind 
5555 1940 2000 20 blind 
total pot: 100 
/inquire 
recv from player 6666: raise 88 


send inquire msg to player 5555(seat:0) 
inquire/ 
6666 1852 2000 128 raise 
4444 2000 2000 0 fold 
7777 2060 2000 0 fold 
1111 1960 2000 40 call 
3333 2000 2000 0 fold 
8888 2000 2000 0 fold 
2222 1960 2000 40 blind 
5555 1940 2000 20 blind 
total pot: 228 
/inquire 
recv from player 5555: fold


send inquire msg to player 2222(seat:1) 
inquire/ 
5555 1940 2000 20 fold 
6666 1852 2000 128 raise 
4444 2000 2000 0 fold 
7777 2060 2000 0 fold 
1111 1960 2000 40 call 
3333 2000 2000 0 fold 
8888 2000 2000 0 fold 
2222 1960 2000 40 blind 
total pot: 228 
/inquire 
recv from player 2222: fold 

send notify msg to player 8888(seat:2) 
notify/ 
2222 1960 2000 40 fold 
5555 1940 2000 20 fold 
6666 1852 2000 128 raise 
4444 2000 2000 0 fold 
7777 2060 2000 0 fold 
1111 1960 2000 40 call 
3333 2000 2000 0 fold 
8888 2000 2000 0 fold 
total pot: 228 
/notify 

player 3333(seat:3) doesn't need notify-msg

send inquire msg to player 1111(seat:4) 
inquire/ 
3333 2000 2000 0 fold 
8888 2000 2000 0 fold 
2222 1960 2000 40 fold 
5555 1940 2000 20 fold 
6666 1852 2000 128 raise 
4444 2000 2000 0 fold 
7777 2060 2000 0 fold 
1111 1960 2000 40 call 
total pot: 228 
/inquire 
recv from player 1111: fold 

valid player: 8, all in player: 0, fold player: 7

----- send notify msg from 5 to 4(exclude) -----

send notify msg to player 7777(seat:5) 
notify/ 
1111 1960 2000 40 fold 
3333 2000 2000 0 fold 
8888 2000 2000 0 fold 
2222 1960 2000 40 fold 
5555 1940 2000 20 fold 
6666 1852 2000 128 raise 
4444 2000 2000 0 fold 
7777 2060 2000 0 fold 
total pot: 228 
/notify 

player 4444(seat:6) doesn't need notify-msg

send notify msg to player 6666(seat:7) 
notify/ 
4444 2000 2000 0 fold 
7777 2060 2000 0 fold 
1111 1960 2000 40 fold 
3333 2000 2000 0 fold 
8888 2000 2000 0 fold 
2222 1960 2000 40 fold 
5555 1940 2000 20 fold 
6666 1852 2000 128 raise 
total pot: 228 
/notify 

player 5555(seat:0) doesn't need notify-msg

send notify msg to player 2222(seat:1) 
notify/ 
5555 1940 2000 20 fold 
6666 1852 2000 128 raise 
4444 2000 2000 0 fold 
7777 2060 2000 0 fold 
1111 1960 2000 40 fold 
3333 2000 2000 0 fold 
8888 2000 2000 0 fold 
2222 1960 2000 40 fold 
total pot: 228 
/notify 

send notify msg to player 8888(seat:2) 
notify/ 
2222 1960 2000 40 fold 
5555 1940 2000 20 fold 
6666 1852 2000 128 raise 
4444 2000 2000 0 fold 
7777 2060 2000 0 fold 
1111 1960 2000 40 fold 
3333 2000 2000 0 fold 
8888 2000 2000 0 fold 
total pot: 228 
/notify 

player 3333(seat:3) doesn't need notify-msg

---flop round bet---
valid player: 8, all in player: 0, fold player: 7

---turn round bet---
valid player: 8, all in player: 0, fold player: 7

---river round bet---
valid player: 8, all in player: 0, fold player: 7

--- 1 players not fold, don't need show down---

---Allocate pot---
Only player at seat 7 not fold, win all the pot 228
pot-win/ 
6666: 228 
/pot-win 
it is player 5555's turn to be button

-----3 Hand-----

----- clean player data in socket -----
seat/ 
button: 5555 1940 2000 
small blind: 2222 1960 2000 
big blind: 8888 2000 2000 
3333 2000 2000 
1111 1960 2000 
7777 2060 2000 
4444 2000 2000 
6666 2080 2000 
/seat 
blind/ 
2222: 20 
8888: 40 
/blind 
player 2222:hold/ 
HEARTS 4 
CLUBS 2 
/hold 
player 8888:hold/ 
SPADES 7 
CLUBS 3 
/hold 
player 3333:hold/ 
CLUBS 10 
SPADES 2 
/hold 
player 1111:hold/ 
DIAMONDS 7 
HEARTS 8 
/hold 
player 7777:hold/ 
CLUBS 8 
HEARTS J 
/hold 
player 4444:hold/ 
CLUBS 5 
CLUBS 7 
/hold 
player 6666:hold/ 
CLUBS 4 
DIAMONDS 2 
/hold 
player 5555:hold/ 
DIAMONDS 5 
SPADES A 
/hold 

---pre flop round bet---
valid player: 8, all in player: 0, fold player: 0

send inquire msg to player 3333(seat:2) 
inquire/ 
8888 1960 2000 40 blind 
2222 1940 2000 20 blind 
total pot: 60 
/inquire 
recv from player 3333: fold 


send inquire msg to player 1111(seat:3) 
inquire/ 
3333 2000 2000 0 fold 
8888 1960 2000 40 blind 
2222 1940 2000 20 blind 
total pot: 60 
/inquire 
recv from player 1111: fold 


send inquire msg to player 7777(seat:4) 
inquire/ 
1111 1960 2000 0 fold 
3333 2000 2000 0 fold 
8888 1960 2000 40 blind 
2222 1940 2000 20 blind 
total pot: 60 
/inquire 
recv from player 7777: fold 


send inquire msg to player 4444(seat:5) 
inquire/ 
7777 2060 2000 0 fold 
1111 1960 2000 0 fold 
3333 2000 2000 0 fold 
8888 1960 2000 40 blind 
2222 1940 2000 20 blind 
total pot: 60 
/inquire 
recv from player 4444: fold


send inquire msg to player 6666(seat:6) 
inquire/ 
4444 2000 2000 0 fold 
7777 2060 2000 0 fold 
1111 1960 2000 0 fold 
3333 2000 2000 0 fold 
8888 1960 2000 40 blind 
2222 1940 2000 20 blind 
total pot: 60 
/inquire 
recv from player 6666: fold 


send inquire msg to player 5555(seat:7) 
inquire/ 
6666 2080 2000 0 fold 
4444 2000 2000 0 fold 
7777 2060 2000 0 fold 
1111 1960 2000 0 fold 
3333 2000 2000 0 fold 
8888 1960 2000 40 blind 
2222 1940 2000 20 blind 
total pot: 60 
/inquire 
recv from player 5555: fold


send inquire msg to player 2222(seat:0) 
inquire/ 
5555 1940 2000 0 fold 
6666 2080 2000 0 fold 
4444 2000 2000 0 fold 
7777 2060 2000 0 fold 
1111 1960 2000 0 fold 
3333 2000 2000 0 fold 
8888 1960 2000 40 blind 
2222 1940 2000 20 blind 
total pot: 60 
/inquire 
recv from player 2222: raise 91


send inquire msg to player 8888(seat:1) 
inquire/ 
2222 1829 2000 131 raise 
5555 1940 2000 0 fold 
6666 2080 2000 0 fold 
4444 2000 2000 0 fold 
7777 2060 2000 0 fold 
1111 1960 2000 0 fold 
3333 2000 2000 0 fold 
8888 1960 2000 40 blind 
total pot: 171 
/inquire 
recv from player 8888: raise 401 


player 3333(seat:2) doesn't need notify-msg

player 1111(seat:3) doesn't need notify-msg

send notify msg to player 7777(seat:4) 
notify/ 
1111 1960 2000 0 fold 
3333 2000 2000 0 fold 
8888 1468 2000 532 raise 
2222 1829 2000 131 raise 
5555 1940 2000 0 fold 
6666 2080 2000 0 fold 
4444 2000 2000 0 fold 
7777 2060 2000 0 fold 
total pot: 663 
/notify 

player 4444(seat:5) doesn't need notify-msg

send notify msg to player 6666(seat:6) 
notify/ 
4444 2000 2000 0 fold 
7777 2060 2000 0 fold 
1111 1960 2000 0 fold 
3333 2000 2000 0 fold 
8888 1468 2000 532 raise 
2222 1829 2000 131 raise 
5555 1940 2000 0 fold 
6666 2080 2000 0 fold 
total pot: 663 
/notify 

player 5555(seat:7) doesn't need notify-msg

send inquire msg to player 2222(seat:0) 
inquire/ 
5555 1940 2000 0 fold 
6666 2080 2000 0 fold 
4444 2000 2000 0 fold 
7777 2060 2000 0 fold 
1111 1960 2000 0 fold 
3333 2000 2000 0 fold 
8888 1468 2000 532 raise 
2222 1829 2000 131 raise 
total pot: 663 
/inquire 
recv from player 2222: fold 
valid player: 8, all in player: 0, fold player: 7

----- send notify msg from 1 to 0(exclude) -----

send notify msg to player 8888(seat:1) 
notify/ 
2222 1829 2000 131 fold 
5555 1940 2000 0 fold 
6666 2080 2000 0 fold 
4444 2000 2000 0 fold 
7777 2060 2000 0 fold 
1111 1960 2000 0 fold 
3333 2000 2000 0 fold 
8888 1468 2000 532 raise 
total pot: 663 
/notify 

player 3333(seat:2) doesn't need notify-msg

player 1111(seat:3) doesn't need notify-msg

send notify msg to player 7777(seat:4) 
notify/ 
1111 1960 2000 0 fold 
3333 2000 2000 0 fold 
8888 1468 2000 532 raise 
2222 1829 2000 131 fold 
5555 1940 2000 0 fold 
6666 2080 2000 0 fold 
4444 2000 2000 0 fold 
7777 2060 2000 0 fold 
total pot: 663 
/notify 

player 4444(seat:5) doesn't need notify-msg

send notify msg to player 6666(seat:6) 
notify/ 
4444 2000 2000 0 fold 
7777 2060 2000 0 fold 
1111 1960 2000 0 fold 
3333 2000 2000 0 fold 
8888 1468 2000 532 raise 
2222 1829 2000 131 fold 
5555 1940 2000 0 fold 
6666 2080 2000 0 fold 
total pot: 663 
/notify 

player 5555(seat:7) doesn't need notify-msg

---flop round bet---
valid player: 8, all in player: 0, fold player: 7

---turn round bet---
valid player: 8, all in player: 0, fold player: 7

---river round bet---
valid player: 8, all in player: 0, fold player: 7

--- 1 players not fold, don't need show down---

---Allocate pot---
Only player at seat 1 not fold, win all the pot 663
pot-win/ 
8888: 663 
/pot-win 
it is player 2222's turn to be button

-----4 Hand-----

----- clean player data in socket -----
seat/ 
button: 2222 1829 2000 
small blind: 8888 2131 2000 
big blind: 3333 2000 2000 
1111 1960 2000 
7777 2060 2000 
4444 2000 2000 
6666 2080 2000 
5555 1940 2000 
/seat 
blind/ 
8888: 20 
3333: 40 
/blind 
player 8888:hold/ 
HEARTS 10 
HEARTS 2 
/hold 
player 3333:hold/ 
CLUBS K 
DIAMONDS 8 
/hold 
player 1111:hold/ 
CLUBS 9 
SPADES K 
/hold 
player 7777:hold/ 
SPADES 5 
DIAMONDS 3 
/hold 
player 4444:hold/ 
CLUBS A 
DIAMONDS J 
/hold 
player 6666:hold/ 
SPADES 8 
CLUBS 2 
/hold 
player 5555:hold/ 
CLUBS J 
HEARTS K 
/hold 
player 2222:hold/ 
DIAMONDS 6 
HEARTS 6 
/hold 

---pre flop round bet---
valid player: 8, all in player: 0, fold player: 0

send inquire msg to player 1111(seat:2) 
inquire/ 
3333 1960 2000 40 blind 
8888 2111 2000 20 blind 
total pot: 60 
/inquire 
recv from player 1111: fold 


send inquire msg to player 7777(seat:3) 
inquire/ 
1111 1960 2000 0 fold 
3333 1960 2000 40 blind 
8888 2111 2000 20 blind 
total pot: 60 
/inquire 
recv from player 7777: fold 


send inquire msg to player 4444(seat:4) 
inquire/ 
7777 2060 2000 0 fold 
1111 1960 2000 0 fold 
3333 1960 2000 40 blind 
8888 2111 2000 20 blind 
total pot: 60 
/inquire 
recv from player 4444: call


send inquire msg to player 6666(seat:5) 
inquire/ 
4444 1960 2000 40 call 
7777 2060 2000 0 fold 
1111 1960 2000 0 fold 
3333 1960 2000 40 blind 
8888 2111 2000 20 blind 
total pot: 100 
/inquire 
recv from player 6666: fold 


send inquire msg to player 5555(seat:6) 
inquire/ 
6666 2080 2000 0 fold 
4444 1960 2000 40 call 
7777 2060 2000 0 fold 
1111 1960 2000 0 fold 
3333 1960 2000 40 blind 
8888 2111 2000 20 blind 
total pot: 100 
/inquire 
recv from player 5555: fold


send inquire msg to player 2222(seat:7) 
inquire/ 
5555 1940 2000 0 fold 
6666 2080 2000 0 fold 
4444 1960 2000 40 call 
7777 2060 2000 0 fold 
1111 1960 2000 0 fold 
3333 1960 2000 40 blind 
8888 2111 2000 20 blind 
total pot: 100 
/inquire 
recv from player 2222: raise 84


send inquire msg to player 8888(seat:0) 
inquire/ 
2222 1705 2000 124 raise 
5555 1940 2000 0 fold 
6666 2080 2000 0 fold 
4444 1960 2000 40 call 
7777 2060 2000 0 fold 
1111 1960 2000 0 fold 
3333 1960 2000 40 blind 
8888 2111 2000 20 blind 
total pot: 224 
/inquire 
recv from player 8888: raise 401 


send inquire msg to player 3333(seat:1) 
inquire/ 
8888 1606 2000 525 raise 
2222 1705 2000 124 raise 
5555 1940 2000 0 fold 
6666 2080 2000 0 fold 
4444 1960 2000 40 call 
7777 2060 2000 0 fold 
1111 1960 2000 0 fold 
3333 1960 2000 40 blind 
total pot: 729 
/inquire 
recv from player 3333: fold 


player 1111(seat:2) doesn't need notify-msg

send notify msg to player 7777(seat:3) 
notify/ 
1111 1960 2000 0 fold 
3333 1960 2000 40 fold 
8888 1606 2000 525 raise 
2222 1705 2000 124 raise 
5555 1940 2000 0 fold 
6666 2080 2000 0 fold 
4444 1960 2000 40 call 
7777 2060 2000 0 fold 
total pot: 729 
/notify 

send inquire msg to player 4444(seat:4) 
inquire/ 
7777 2060 2000 0 fold 
1111 1960 2000 0 fold 
3333 1960 2000 40 fold 
8888 1606 2000 525 raise 
2222 1705 2000 124 raise 
5555 1940 2000 0 fold 
6666 2080 2000 0 fold 
4444 1960 2000 40 call 
total pot: 729 
/inquire 
recv from player 4444: fold


send notify msg to player 6666(seat:5) 
notify/ 
4444 1960 2000 40 fold 
7777 2060 2000 0 fold 
1111 1960 2000 0 fold 
3333 1960 2000 40 fold 
8888 1606 2000 525 raise 
2222 1705 2000 124 raise 
5555 1940 2000 0 fold 
6666 2080 2000 0 fold 
total pot: 729 
/notify 

player 5555(seat:6) doesn't need notify-msg

send inquire msg to player 2222(seat:7) 
inquire/ 
5555 1940 2000 0 fold 
6666 2080 2000 0 fold 
4444 1960 2000 40 fold 
7777 2060 2000 0 fold 
1111 1960 2000 0 fold 
3333 1960 2000 40 fold 
8888 1606 2000 525 raise 
2222 1705 2000 124 raise 
total pot: 729 
/inquire 
recv from player 2222: call 
valid player: 8, all in player: 0, fold player: 6

----- send notify msg from 0 to 0(exclude) -----
flop/ 
HEARTS 3 
SPADES 7 
SPADES 9 
/flop 

---flop round bet---
valid player: 8, all in player: 0, fold player: 6

send inquire msg to player 8888(seat:0) 
inquire/ 
2222 1304 2000 525 call 
5555 1940 2000 0 fold 
6666 2080 2000 0 fold 
4444 1960 2000 40 fold 
7777 2060 2000 0 fold 
1111 1960 2000 0 fold 
3333 1960 2000 40 fold 
8888 1606 2000 525 raise 
total pot: 1130 
/inquire 
recv from player 8888: raise 401 


player 3333(seat:1) doesn't need notify-msg

player 1111(seat:2) doesn't need notify-msg

send notify msg to player 7777(seat:3) 
notify/ 
1111 1960 2000 0 fold 
3333 1960 2000 40 fold 
8888 1205 2000 926 raise 
2222 1304 2000 525 call 
5555 1940 2000 0 fold 
6666 2080 2000 0 fold 
4444 1960 2000 40 fold 
7777 2060 2000 0 fold 
total pot: 1531 
/notify 

player 4444(seat:4) doesn't need notify-msg

send notify msg to player 6666(seat:5) 
notify/ 
4444 1960 2000 40 fold 
7777 2060 2000 0 fold 
1111 1960 2000 0 fold 
3333 1960 2000 40 fold 
8888 1205 2000 926 raise 
2222 1304 2000 525 call 
5555 1940 2000 0 fold 
6666 2080 2000 0 fold 
total pot: 1531 
/notify 

player 5555(seat:6) doesn't need notify-msg

send inquire msg to player 2222(seat:7) 
inquire/ 
5555 1940 2000 0 fold 
6666 2080 2000 0 fold 
4444 1960 2000 40 fold 
7777 2060 2000 0 fold 
1111 1960 2000 0 fold 
3333 1960 2000 40 fold 
8888 1205 2000 926 raise 
2222 1304 2000 525 call 
total pot: 1531 
/inquire 
recv from player 2222: fold 
valid player: 8, all in player: 0, fold player: 7

----- send notify msg from 0 to 7(exclude) -----

send notify msg to player 8888(seat:0) 
notify/ 
2222 1304 2000 525 fold 
5555 1940 2000 0 fold 
6666 2080 2000 0 fold 
4444 1960 2000 40 fold 
7777 2060 2000 0 fold 
1111 1960 2000 0 fold 
3333 1960 2000 40 fold 
8888 1205 2000 926 raise 
total pot: 1531 
/notify 

player 3333(seat:1) doesn't need notify-msg

player 1111(seat:2) doesn't need notify-msg

send notify msg to player 7777(seat:3) 
notify/ 
1111 1960 2000 0 fold 
3333 1960 2000 40 fold 
8888 1205 2000 926 raise 
2222 1304 2000 525 fold 
5555 1940 2000 0 fold 
6666 2080 2000 0 fold 
4444 1960 2000 40 fold 
7777 2060 2000 0 fold 
total pot: 1531 
/notify 

player 4444(seat:4) doesn't need notify-msg

send notify msg to player 6666(seat:5) 
notify/ 
4444 1960 2000 40 fold 
7777 2060 2000 0 fold 
1111 1960 2000 0 fold 
3333 1960 2000 40 fold 
8888 1205 2000 926 raise 
2222 1304 2000 525 fold 
5555 1940 2000 0 fold 
6666 2080 2000 0 fold 
total pot: 1531 
/notify 

player 5555(seat:6) doesn't need notify-msg

---turn round bet---
valid player: 8, all in player: 0, fold player: 7

---river round bet---
valid player: 8, all in player: 0, fold player: 7

--- 1 players not fold, don't need show down---

---Allocate pot---
Only player at seat 0 not fold, win all the pot 1531
pot-win/ 
8888: 1531 
/pot-win 
it is player 8888's turn to be button

-----5 Hand-----

----- clean player data in socket -----
seat/ 
button: 8888 2736 2000 
small blind: 3333 1960 2000 
big blind: 1111 1960 2000 
7777 2060 2000 
4444 1960 2000 
6666 2080 2000 
5555 1940 2000 
2222 1304 2000 
/seat 
blind/ 
3333: 20 
1111: 40 
/blind 
player 3333:hold/ 
HEARTS 2 
CLUBS 6 
/hold 
player 1111:hold/ 
HEARTS 4 
HEARTS K 
/hold 
player 7777:hold/ 
SPADES Q 
DIAMONDS Q 
/hold 
player 4444:hold/ 
HEARTS 9 
CLUBS 4 
/hold 
player 6666:hold/ 
CLUBS K 
CLUBS 2 
/hold 
player 5555:hold/ 
DIAMONDS A 
HEARTS Q 
/hold 
player 2222:hold/ 
DIAMONDS 2 
DIAMONDS 5 
/hold 
player 8888:hold/ 
SPADES 10 
DIAMONDS 7 
/hold 

---pre flop round bet---
valid player: 8, all in player: 0, fold player: 0

send inquire msg to player 7777(seat:2) 
inquire/ 
1111 1920 2000 40 blind 
3333 1940 2000 20 blind 
total pot: 60 
/inquire 
recv from player 7777: raise 40 


send inquire msg to player 4444(seat:3) 
inquire/ 
7777 1980 2000 80 raise 
1111 1920 2000 40 blind 
3333 1940 2000 20 blind 
total pot: 140 
/inquire 
recv from player 4444: fold


send inquire msg to player 6666(seat:4) 
inquire/ 
4444 1960 2000 0 fold 
7777 1980 2000 80 raise 
1111 1920 2000 40 blind 
3333 1940 2000 20 blind 
total pot: 140 
/inquire 
recv from player 6666: fold 


send inquire msg to player 5555(seat:5) 
inquire/ 
6666 2080 2000 0 fold 
4444 1960 2000 0 fold 
7777 1980 2000 80 raise 
1111 1920 2000 40 blind 
3333 1940 2000 20 blind 
total pot: 140 
/inquire 
recv from player 5555: call


send inquire msg to player 2222(seat:6) 
inquire/ 
5555 1860 2000 80 call 
6666 2080 2000 0 fold 
4444 1960 2000 0 fold 
7777 1980 2000 80 raise 
1111 1920 2000 40 blind 
3333 1940 2000 20 blind 
total pot: 220 
/inquire 
recv from player 2222: fold 

send inquire msg to player 8888(seat:7) 
inquire/ 
2222 1304 2000 0 fold 
5555 1860 2000 80 call 
6666 2080 2000 0 fold 
4444 1960 2000 0 fold 
7777 1980 2000 80 raise 
1111 1920 2000 40 blind 
3333 1940 2000 20 blind 
total pot: 220 
/inquire 
recv from player 8888: raise 401 


send inquire msg to player 3333(seat:0) 
inquire/ 
8888 2255 2000 481 raise 
2222 1304 2000 0 fold 
5555 1860 2000 80 call 
6666 2080 2000 0 fold 
4444 1960 2000 0 fold 
7777 1980 2000 80 raise 
1111 1920 2000 40 blind 
3333 1940 2000 20 blind 
total pot: 701 
/inquire 
recv from player 3333: fold 


send inquire msg to player 1111(seat:1) 
inquire/ 
3333 1940 2000 20 fold 
8888 2255 2000 481 raise 
2222 1304 2000 0 fold 
5555 1860 2000 80 call 
6666 2080 2000 0 fold 
4444 1960 2000 0 fold 
7777 1980 2000 80 raise 
1111 1920 2000 40 blind 
total pot: 701 
/inquire 
recv from player 1111: fold 


send inquire msg to player 7777(seat:2) 
inquire/ 
1111 1920 2000 40 fold 
3333 1940 2000 20 fold 
8888 2255 2000 481 raise 
2222 1304 2000 0 fold 
5555 1860 2000 80 call 
6666 2080 2000 0 fold 
4444 1960 2000 0 fold 
7777 1980 2000 80 raise 
total pot: 701 
/inquire 
recv from player 7777: call 


player 4444(seat:3) doesn't need notify-msg

send notify msg to player 6666(seat:4) 
notify/ 
4444 1960 2000 0 fold 
7777 1579 2000 481 call 
1111 1920 2000 40 fold 
3333 1940 2000 20 fold 
8888 2255 2000 481 raise 
2222 1304 2000 0 fold 
5555 1860 2000 80 call 
6666 2080 2000 0 fold 
total pot: 1102 
/notify 

send inquire msg to player 5555(seat:5) 
inquire/ 
6666 2080 2000 0 fold 
4444 1960 2000 0 fold 
7777 1579 2000 481 call 
1111 1920 2000 40 fold 
3333 1940 2000 20 fold 
8888 2255 2000 481 raise 
2222 1304 2000 0 fold 
5555 1860 2000 80 call 
total pot: 1102 
/inquire 
recv from player 5555: fold

valid player: 8, all in player: 0, fold player: 6

----- send notify msg from 6 to 0(exclude) -----

send notify msg to player 2222(seat:6) 
notify/ 
5555 1860 2000 80 fold 
6666 2080 2000 0 fold 
4444 1960 2000 0 fold 
7777 1579 2000 481 call 
1111 1920 2000 40 fold 
3333 1940 2000 20 fold 
8888 2255 2000 481 raise 
2222 1304 2000 0 fold 
total pot: 1102 
/notify 

send notify msg to player 8888(seat:7) 
notify/ 
2222 1304 2000 0 fold 
5555 1860 2000 80 fold 
6666 2080 2000 0 fold 
4444 1960 2000 0 fold 
7777 1579 2000 481 call 
1111 1920 2000 40 fold 
3333 1940 2000 20 fold 
8888 2255 2000 481 raise 
total pot: 1102 
/notify 
flop/ 
SPADES 9 
HEARTS A 
SPADES 6 
/flop 

---flop round bet---
valid player: 8, all in player: 0, fold player: 6

player 3333(seat:0) doesn't need notify-msg

player 1111(seat:1) doesn't need notify-msg

send inquire msg to player 7777(seat:2) 
inquire/ 
1111 1920 2000 40 fold 
3333 1940 2000 20 fold 
8888 2255 2000 481 raise 
2222 1304 2000 0 fold 
5555 1860 2000 80 fold 
6666 2080 2000 0 fold 
4444 1960 2000 0 fold 
7777 1579 2000 481 call 
total pot: 1102 
/inquire 
recv from player 7777: raise 80 


player 4444(seat:3) doesn't need notify-msg

send notify msg to player 6666(seat:4) 
notify/ 
4444 1960 2000 0 fold 
7777 1499 2000 561 raise 
1111 1920 2000 40 fold 
3333 1940 2000 20 fold 
8888 2255 2000 481 raise 
2222 1304 2000 0 fold 
5555 1860 2000 80 fold 
6666 2080 2000 0 fold 
total pot: 1182 
/notify 

player 5555(seat:5) doesn't need notify-msg

send notify msg to player 2222(seat:6) 
notify/ 
5555 1860 2000 80 fold 
6666 2080 2000 0 fold 
4444 1960 2000 0 fold 
7777 1499 2000 561 raise 
1111 1920 2000 40 fold 
3333 1940 2000 20 fold 
8888 2255 2000 481 raise 
2222 1304 2000 0 fold 
total pot: 1182 
/notify 

send inquire msg to player 8888(seat:7) 
inquire/ 
2222 1304 2000 0 fold 
5555 1860 2000 80 fold 
6666 2080 2000 0 fold 
4444 1960 2000 0 fold 
7777 1499 2000 561 raise 
1111 1920 2000 40 fold 
3333 1940 2000 20 fold 
8888 2255 2000 481 raise 
total pot: 1182 
/inquire 
recv from player 8888: raise 401 


player 3333(seat:0) doesn't need notify-msg

player 1111(seat:1) doesn't need notify-msg

send inquire msg to player 7777(seat:2) 
inquire/ 
1111 1920 2000 40 fold 
3333 1940 2000 20 fold 
8888 1774 2000 962 raise 
2222 1304 2000 0 fold 
5555 1860 2000 80 fold 
6666 2080 2000 0 fold 
4444 1960 2000 0 fold 
7777 1499 2000 561 raise 
total pot: 1663 
/inquire 
recv from player 7777: call 

valid player: 8, all in player: 0, fold player: 6

----- send notify msg from 3 to 0(exclude) -----

player 4444(seat:3) doesn't need notify-msg

send notify msg to player 6666(seat:4) 
notify/ 
4444 1960 2000 0 fold 
7777 1098 2000 962 call 
1111 1920 2000 40 fold 
3333 1940 2000 20 fold 
8888 1774 2000 962 raise 
2222 1304 2000 0 fold 
5555 1860 2000 80 fold 
6666 2080 2000 0 fold 
total pot: 2064 
/notify 

player 5555(seat:5) doesn't need notify-msg

send notify msg to player 2222(seat:6) 
notify/ 
5555 1860 2000 80 fold 
6666 2080 2000 0 fold 
4444 1960 2000 0 fold 
7777 1098 2000 962 call 
1111 1920 2000 40 fold 
3333 1940 2000 20 fold 
8888 1774 2000 962 raise 
2222 1304 2000 0 fold 
total pot: 2064 
/notify 

send notify msg to player 8888(seat:7) 
notify/ 
2222 1304 2000 0 fold 
5555 1860 2000 80 fold 
6666 2080 2000 0 fold 
4444 1960 2000 0 fold 
7777 1098 2000 962 call 
1111 1920 2000 40 fold 
3333 1940 2000 20 fold 
8888 1774 2000 962 raise 
total pot: 2064 
/notify 
turn/ 
CLUBS Q 
/turn 

---turn round bet---
valid player: 8, all in player: 0, fold player: 6

player 3333(seat:0) doesn't need notify-msg

player 1111(seat:1) doesn't need notify-msg

send inquire msg to player 7777(seat:2) 
inquire/ 
1111 1920 2000 40 fold 
3333 1940 2000 20 fold 
8888 1774 2000 962 raise 
2222 1304 2000 0 fold 
5555 1860 2000 80 fold 
6666 2080 2000 0 fold 
4444 1960 2000 0 fold 
7777 1098 2000 962 call 
total pot: 2064 
/inquire 
recv from player 7777: raise 80 


player 4444(seat:3) doesn't need notify-msg

send notify msg to player 6666(seat:4) 
notify/ 
4444 1960 2000 0 fold 
7777 1018 2000 1042 raise 
1111 1920 2000 40 fold 
3333 1940 2000 20 fold 
8888 1774 2000 962 raise 
2222 1304 2000 0 fold 
5555 1860 2000 80 fold 
6666 2080 2000 0 fold 
total pot: 2144 
/notify 

player 5555(seat:5) doesn't need notify-msg

send notify msg to player 2222(seat:6) 
notify/ 
5555 1860 2000 80 fold 
6666 2080 2000 0 fold 
4444 1960 2000 0 fold 
7777 1018 2000 1042 raise 
1111 1920 2000 40 fold 
3333 1940 2000 20 fold 
8888 1774 2000 962 raise 
2222 1304 2000 0 fold 
total pot: 2144 
/notify 

send inquire msg to player 8888(seat:7) 
inquire/ 
2222 1304 2000 0 fold 
5555 1860 2000 80 fold 
6666 2080 2000 0 fold 
4444 1960 2000 0 fold 
7777 1018 2000 1042 raise 
1111 1920 2000 40 fold 
3333 1940 2000 20 fold 
8888 1774 2000 962 raise 
total pot: 2144 
/inquire 
recv from player 8888: call 

valid player: 8, all in player: 0, fold player: 6

----- send notify msg from 0 to 0(exclude) -----
river/ 
SPADES 3 
/river 

---river round bet---
valid player: 8, all in player: 0, fold player: 6

player 3333(seat:0) doesn't need notify-msg

player 1111(seat:1) doesn't need notify-msg

send inquire msg to player 7777(seat:2) 
inquire/ 
1111 1920 2000 40 fold 
3333 1940 2000 20 fold 
8888 1694 2000 1042 call 
2222 1304 2000 0 fold 
5555 1860 2000 80 fold 
6666 2080 2000 0 fold 
4444 1960 2000 0 fold 
7777 1018 2000 1042 raise 
total pot: 2224 
/inquire 
recv from player 7777: raise 80 


player 4444(seat:3) doesn't need notify-msg

send notify msg to player 6666(seat:4) 
notify/ 
4444 1960 2000 0 fold 
7777 938 2000 1122 raise 
1111 1920 2000 40 fold 
3333 1940 2000 20 fold 
8888 1694 2000 1042 call 
2222 1304 2000 0 fold 
5555 1860 2000 80 fold 
6666 2080 2000 0 fold 
total pot: 2304 
/notify 

player 5555(seat:5) doesn't need notify-msg

send notify msg to player 2222(seat:6) 
notify/ 
5555 1860 2000 80 fold 
6666 2080 2000 0 fold 
4444 1960 2000 0 fold 
7777 938 2000 1122 raise 
1111 1920 2000 40 fold 
3333 1940 2000 20 fold 
8888 1694 2000 1042 call 
2222 1304 2000 0 fold 
total pot: 2304 
/notify 

send inquire msg to player 8888(seat:7) 
inquire/ 
2222 1304 2000 0 fold 
5555 1860 2000 80 fold 
6666 2080 2000 0 fold 
4444 1960 2000 0 fold 
7777 938 2000 1122 raise 
1111 1920 2000 40 fold 
3333 1940 2000 20 fold 
8888 1694 2000 1042 call 
total pot: 2304 
/inquire 
recv from player 8888: call 

valid player: 8, all in player: 0, fold player: 6

----- send notify msg from 0 to 7(exclude) -----

player 3333(seat:0) doesn't need notify-msg

player 1111(seat:1) doesn't need notify-msg

send notify msg to player 7777(seat:2) 
notify/ 
1111 1920 2000 40 fold 
3333 1940 2000 20 fold 
8888 1614 2000 1122 call 
2222 1304 2000 0 fold 
5555 1860 2000 80 fold 
6666 2080 2000 0 fold 
4444 1960 2000 0 fold 
7777 938 2000 1122 raise 
total pot: 2384 
/notify 

player 4444(seat:3) doesn't need notify-msg

send notify msg to player 6666(seat:4) 
notify/ 
4444 1960 2000 0 fold 
7777 938 2000 1122 raise 
1111 1920 2000 40 fold 
3333 1940 2000 20 fold 
8888 1614 2000 1122 call 
2222 1304 2000 0 fold 
5555 1860 2000 80 fold 
6666 2080 2000 0 fold 
total pot: 2384 
/notify 

player 5555(seat:5) doesn't need notify-msg

send notify msg to player 2222(seat:6) 
notify/ 
5555 1860 2000 80 fold 
6666 2080 2000 0 fold 
4444 1960 2000 0 fold 
7777 938 2000 1122 raise 
1111 1920 2000 40 fold 
3333 1940 2000 20 fold 
8888 1614 2000 1122 call 
2222 1304 2000 0 fold 
total pot: 2384 
/notify 

---show down---
showdown/ 
common/ 
SPADES 9 
HEARTS A 
SPADES 6 
CLUBS Q 
SPADES 3 
/common 
1: 7777 SPADES Q DIAMONDS Q THREE_OF_A_KIND 
2: 8888 SPADES 10 DIAMONDS 7 HIGH_CARD 
/showdown 

---Allocate pot---
pot-win/ 
7777: 2384 
/pot-win 
it is player 3333's turn to be button

-----6 Hand-----

----- clean player data in socket -----
seat/ 
button: 3333 1940 2000 
small blind: 1111 1920 2000 
big blind: 7777 3322 2000 
4444 1960 2000 
6666 2080 2000 
5555 1860 2000 
2222 1304 2000 
8888 1614 2000 
/seat 
blind/ 
1111: 20 
7777: 40 
/blind 
player 1111:hold/ 
DIAMONDS 6 
DIAMONDS 10 
/hold 
player 7777:hold/ 
SPADES J 
SPADES Q 
/hold 
player 4444:hold/ 
CLUBS 5 
DIAMONDS A 
/hold 
player 6666:hold/ 
HEARTS 2 
SPADES A 
/hold 
player 5555:hold/ 
CLUBS 2 
CLUBS 8 
/hold 
player 2222:hold/ 
HEARTS 10 
HEARTS 6 
/hold 
player 8888:hold/ 
HEARTS 4 
HEARTS 5 
/hold 
player 3333:hold/ 
SPADES 2 
SPADES 4 
/hold 

---pre flop round bet---
valid player: 8, all in player: 0, fold player: 0

send inquire msg to player 4444(seat:2) 
inquire/ 
7777 3282 2000 40 blind 
1111 1900 2000 20 blind 
total pot: 60 
/inquire 
recv from player 4444: fold


send inquire msg to player 6666(seat:3) 
inquire/ 
4444 1960 2000 0 fold 
7777 3282 2000 40 blind 
1111 1900 2000 20 blind 
total pot: 60 
/inquire 
recv from player 6666: fold 


send inquire msg to player 5555(seat:4) 
inquire/ 
6666 2080 2000 0 fold 
4444 1960 2000 0 fold 
7777 3282 2000 40 blind 
1111 1900 2000 20 blind 
total pot: 60 
/inquire 
recv from player 5555: fold


send inquire msg to player 2222(seat:5) 
inquire/ 
5555 1860 2000 0 fold 
6666 2080 2000 0 fold 
4444 1960 2000 0 fold 
7777 3282 2000 40 blind 
1111 1900 2000 20 blind 
total pot: 60 
/inquire 
recv from player 2222: fold 

send inquire msg to player 8888(seat:6) 
inquire/ 
2222 1304 2000 0 fold 
5555 1860 2000 0 fold 
6666 2080 2000 0 fold 
4444 1960 2000 0 fold 
7777 3282 2000 40 blind 
1111 1900 2000 20 blind 
total pot: 60 
/inquire 
recv from player 8888: fold 


send inquire msg to player 3333(seat:7) 
inquire/ 
8888 1614 2000 0 fold 
2222 1304 2000 0 fold 
5555 1860 2000 0 fold 
6666 2080 2000 0 fold 
4444 1960 2000 0 fold 
7777 3282 2000 40 blind 
1111 1900 2000 20 blind 
total pot: 60 
/inquire 
recv from player 3333: raise 83 


send inquire msg to player 1111(seat:0) 
inquire/ 
3333 1817 2000 123 raise 
8888 1614 2000 0 fold 
2222 1304 2000 0 fold 
5555 1860 2000 0 fold 
6666 2080 2000 0 fold 
4444 1960 2000 0 fold 
7777 3282 2000 40 blind 
1111 1900 2000 20 blind 
total pot: 183 
/inquire 
recv from player 1111: fold 


send inquire msg to player 7777(seat:1) 
inquire/ 
1111 1900 2000 20 fold 
3333 1817 2000 123 raise 
8888 1614 2000 0 fold 
2222 1304 2000 0 fold 
5555 1860 2000 0 fold 
6666 2080 2000 0 fold 
4444 1960 2000 0 fold 
7777 3282 2000 40 blind 
total pot: 183 
/inquire 
recv from player 7777: raise 80 


player 4444(seat:2) doesn't need notify-msg

send notify msg to player 6666(seat:3) 
notify/ 
4444 1960 2000 0 fold 
7777 3116 2000 206 raise 
1111 1900 2000 20 fold 
3333 1817 2000 123 raise 
8888 1614 2000 0 fold 
2222 1304 2000 0 fold 
5555 1860 2000 0 fold 
6666 2080 2000 0 fold 
total pot: 349 
/notify 

player 5555(seat:4) doesn't need notify-msg

send notify msg to player 2222(seat:5) 
notify/ 
5555 1860 2000 0 fold 
6666 2080 2000 0 fold 
4444 1960 2000 0 fold 
7777 3116 2000 206 raise 
1111 1900 2000 20 fold 
3333 1817 2000 123 raise 
8888 1614 2000 0 fold 
2222 1304 2000 0 fold 
total pot: 349 
/notify 

send notify msg to player 8888(seat:6) 
notify/ 
2222 1304 2000 0 fold 
5555 1860 2000 0 fold 
6666 2080 2000 0 fold 
4444 1960 2000 0 fold 
7777 3116 2000 206 raise 
1111 1900 2000 20 fold 
3333 1817 2000 123 raise 
8888 1614 2000 0 fold 
total pot: 349 
/notify 

send inquire msg to player 3333(seat:7) 
inquire/ 
8888 1614 2000 0 fold 
2222 1304 2000 0 fold 
5555 1860 2000 0 fold 
6666 2080 2000 0 fold 
4444 1960 2000 0 fold 
7777 3116 2000 206 raise 
1111 1900 2000 20 fold 
3333 1817 2000 123 raise 
total pot: 349 
/inquire 
recv from player 3333: fold 

valid player: 8, all in player: 0, fold player: 7

----- send notify msg from 0 to 7(exclude) -----

player 1111(seat:0) doesn't need notify-msg

send notify msg to player 7777(seat:1) 
notify/ 
1111 1900 2000 20 fold 
3333 1817 2000 123 fold 
8888 1614 2000 0 fold 
2222 1304 2000 0 fold 
5555 1860 2000 0 fold 
6666 2080 2000 0 fold 
4444 1960 2000 0 fold 
7777 3116 2000 206 raise 
total pot: 349 
/notify 

player 4444(seat:2) doesn't need notify-msg

send notify msg to player 6666(seat:3) 
notify/ 
4444 1960 2000 0 fold 
7777 3116 2000 206 raise 
1111 1900 2000 20 fold 
3333 1817 2000 123 fold 
8888 1614 2000 0 fold 
2222 1304 2000 0 fold 
5555 1860 2000 0 fold 
6666 2080 2000 0 fold 
total pot: 349 
/notify 

player 5555(seat:4) doesn't need notify-msg

send notify msg to player 2222(seat:5) 
notify/ 
5555 1860 2000 0 fold 
6666 2080 2000 0 fold 
4444 1960 2000 0 fold 
7777 3116 2000 206 raise 
1111 1900 2000 20 fold 
3333 1817 2000 123 fold 
8888 1614 2000 0 fold 
2222 1304 2000 0 fold 
total pot: 349 
/notify 

send notify msg to player 8888(seat:6) 
notify/ 
2222 1304 2000 0 fold 
5555 1860 2000 0 fold 
6666 2080 2000 0 fold 
4444 1960 2000 0 fold 
7777 3116 2000 206 raise 
1111 1900 2000 20 fold 
3333 1817 2000 123 fold 
8888 1614 2000 0 fold 
total pot: 349 
/notify 

---flop round bet---
valid player: 8, all in player: 0, fold player: 7

---turn round bet---
valid player: 8, all in player: 0, fold player: 7

---river round bet---
valid player: 8, all in player: 0, fold player: 7

--- 1 players not fold, don't need show down---

---Allocate pot---
Only player at seat 1 not fold, win all the pot 349
pot-win/ 
7777: 349 
/pot-win 
it is player 1111's turn to be button

-----7 Hand-----

----- clean player data in socket -----
seat/ 
button: 1111 1900 2000 
small blind: 7777 3465 2000 
big blind: 4444 1960 2000 
6666 2080 2000 
5555 1860 2000 
2222 1304 2000 
8888 1614 2000 
3333 1817 2000 
/seat 
blind/ 
7777: 20 
4444: 40 
/blind 
player 7777:hold/ 
DIAMONDS 8 
HEARTS 2 
/hold 
player 4444:hold/ 
HEARTS 10 
HEARTS K 
/hold 
player 6666:hold/ 
SPADES 4 
SPADES 2 
/hold 
player 5555:hold/ 
HEARTS Q 
HEARTS 6 
/hold 
player 2222:hold/ 
HEARTS 4 
DIAMONDS 4 
/hold 
player 8888:hold/ 
CLUBS 5 
CLUBS 8 
/hold 
player 3333:hold/ 
SPADES K 
DIAMONDS 10 
/hold 
player 1111:hold/ 
SPADES 6 
CLUBS J 
/hold 

---pre flop round bet---
valid player: 8, all in player: 0, fold player: 0

send inquire msg to player 6666(seat:2) 
inquire/ 
4444 1920 2000 40 blind 
7777 3445 2000 20 blind 
total pot: 60 
/inquire 
recv from player 6666: fold 


send inquire msg to player 5555(seat:3) 
inquire/ 
6666 2080 2000 0 fold 
4444 1920 2000 40 blind 
7777 3445 2000 20 blind 
total pot: 60 
/inquire 
recv from player 5555: fold


send inquire msg to player 2222(seat:4) 
inquire/ 
5555 1860 2000 0 fold 
6666 2080 2000 0 fold 
4444 1920 2000 40 blind 
7777 3445 2000 20 blind 
total pot: 60 
/inquire 
recv from player 2222: fold 

send inquire msg to player 8888(seat:5) 
inquire/ 
2222 1304 2000 0 fold 
5555 1860 2000 0 fold 
6666 2080 2000 0 fold 
4444 1920 2000 40 blind 
7777 3445 2000 20 blind 
total pot: 60 
/inquire 
recv from player 8888: fold 


send inquire msg to player 3333(seat:6) 
inquire/ 
8888 1614 2000 0 fold 
2222 1304 2000 0 fold 
5555 1860 2000 0 fold 
6666 2080 2000 0 fold 
4444 1920 2000 40 blind 
7777 3445 2000 20 blind 
total pot: 60 
/inquire 
recv from player 3333: fold 


