

---GAME START @ 2015-5-11-14-31-23---
reg: 8888 callbot 
reg: 3333 randombot 
reg: 7777 simplebot 
reg: 4444 cleverbot 
reg: 5555 raisecallbot 
reg: 2222 randombot 
reg: 1111 randombot 
reg: 6666 callbot 

-----1 Hand-----
seat/ 
button: 8888 2000 8000 
small blind: 2222 2000 8000 
big blind: 4444 2000 8000 
6666 2000 8000 
3333 2000 8000 
5555 2000 8000 
1111 2000 8000 
7777 2000 8000 
/seat 
blind/ 
2222: 50 
4444: 100 
/blind 
player 2222:hold/ 
SPADES 6 
SPADES 7 
/hold 
player 4444:hold/ 
HEARTS A 
CLUBS A 
/hold 
player 6666:hold/ 
CLUBS J 
SPADES J 
/hold 
player 3333:hold/ 
CLUBS 7 
SPADES 9 
/hold 
player 5555:hold/ 
HEARTS 9 
HEARTS J 
/hold 
player 1111:hold/ 
DIAMONDS 5 
DIAMONDS 10 
/hold 
player 7777:hold/ 
HEARTS 10 
SPADES K 
/hold 
player 8888:hold/ 
CLUBS 6 
CLUBS 4 
/hold 

---pre flop round bet---
valid player: 8, all in player: 0, fold player: 0
send inquire msg to player 6666 
inquire/ 
4444 1900 8000 100 blind 
2222 1950 8000 50 blind 
total pot: 150 
/inquire 
recv from player 6666: check
send inquire msg to player 3333 
inquire/ 
6666 1900 8000 100 call 
4444 1900 8000 100 blind 
2222 1950 8000 50 blind 
total pot: 250 
/inquire 
recv from player 3333: check
send inquire msg to player 5555 
inquire/ 
3333 1900 8000 100 call 
6666 1900 8000 100 call 
4444 1900 8000 100 blind 
2222 1950 8000 50 blind 
total pot: 350 
/inquire 
recv from player 5555: raise 0
send inquire msg to player 1111 
inquire/ 
5555 1800 8000 200 raise 
3333 1900 8000 100 call 
6666 1900 8000 100 call 
4444 1900 8000 100 blind 
2222 1950 8000 50 blind 
total pot: 550 
/inquire 
recv from player 1111: check
send inquire msg to player 7777 
inquire/ 
1111 1800 8000 200 call 
5555 1800 8000 200 raise 
3333 1900 8000 100 call 
6666 1900 8000 100 call 
4444 1900 8000 100 blind 
2222 1950 8000 50 blind 
total pot: 750 
/inquire 
recv from player 7777: check
send inquire msg to player 8888 
inquire/ 
7777 1800 8000 200 call 
1111 1800 8000 200 call 
5555 1800 8000 200 raise 
3333 1900 8000 100 call 
6666 1900 8000 100 call 
4444 1900 8000 100 blind 
2222 1950 8000 50 blind 
total pot: 950 
/inquire 
recv from player 8888: check
send inquire msg to player 2222 
inquire/ 
8888 1800 8000 200 call 
7777 1800 8000 200 call 
1111 1800 8000 200 call 
5555 1800 8000 200 raise 
3333 1900 8000 100 call 
6666 1900 8000 100 call 
4444 1900 8000 100 blind 
2222 1950 8000 50 blind 
total pot: 1150 
/inquire 
recv from player 2222: check
send inquire msg to player 4444 
inquire/ 
2222 1800 8000 200 call 
8888 1800 8000 200 call 
7777 1800 8000 200 call 
1111 1800 8000 200 call 
5555 1800 8000 200 raise 
3333 1900 8000 100 call 
6666 1900 8000 100 call 
4444 1900 8000 100 blind 
total pot: 1300 
/inquire 
recv from player 4444: raise 393
send inquire msg to player 6666 
inquire/ 
4444 1407 8000 593 raise 
2222 1800 8000 200 call 
8888 1800 8000 200 call 
7777 1800 8000 200 call 
1111 1800 8000 200 call 
5555 1800 8000 200 raise 
3333 1900 8000 100 call 
6666 1900 8000 100 call 
total pot: 1793 
/inquire 
recv from player 6666: check
send inquire msg to player 3333 
inquire/ 
6666 1407 8000 593 call 
4444 1407 8000 593 raise 
2222 1800 8000 200 call 
8888 1800 8000 200 call 
7777 1800 8000 200 call 
1111 1800 8000 200 call 
5555 1800 8000 200 raise 
3333 1900 8000 100 call 
total pot: 2286 
/inquire 
recv from player 3333: fold
send inquire msg to player 5555 
inquire/ 
3333 1900 8000 100 fold 
6666 1407 8000 593 call 
4444 1407 8000 593 raise 
2222 1800 8000 200 call 
8888 1800 8000 200 call 
7777 1800 8000 200 call 
1111 1800 8000 200 call 
5555 1800 8000 200 raise 
total pot: 2286 
/inquire 
recv from player 5555: check
send inquire msg to player 1111 
inquire/ 
5555 1407 8000 593 call 
3333 1900 8000 100 fold 
6666 1407 8000 593 call 
4444 1407 8000 593 raise 
2222 1800 8000 200 call 
8888 1800 8000 200 call 
7777 1800 8000 200 call 
1111 1800 8000 200 call 
total pot: 2679 
/inquire 
recv from player 1111: fold
send inquire msg to player 7777 
inquire/ 
1111 1800 8000 200 fold 
5555 1407 8000 593 call 
3333 1900 8000 100 fold 
6666 1407 8000 593 call 
4444 1407 8000 593 raise 
2222 1800 8000 200 call 
8888 1800 8000 200 call 
7777 1800 8000 200 call 
total pot: 2679 
/inquire 
recv from player 7777: check
send inquire msg to player 8888 
inquire/ 
7777 1407 8000 593 call 
1111 1800 8000 200 fold 
5555 1407 8000 593 call 
3333 1900 8000 100 fold 
6666 1407 8000 593 call 
4444 1407 8000 593 raise 
2222 1800 8000 200 call 
8888 1800 8000 200 call 
total pot: 3072 
/inquire 
recv from player 8888: check
send inquire msg to player 2222 
inquire/ 
8888 1407 8000 593 call 
7777 1407 8000 593 call 
1111 1800 8000 200 fold 
5555 1407 8000 593 call 
3333 1900 8000 100 fold 
6666 1407 8000 593 call 
4444 1407 8000 593 raise 
2222 1800 8000 200 call 
total pot: 3465 
/inquire 
recv from player 2222: check
flop/ 
DIAMONDS 9 
DIAMONDS 8 
DIAMONDS K 
/flop 

---flop round bet---
valid player: 8, all in player: 0, fold player: 2
send inquire msg to player 2222 
inquire/ 
8888 1407 8000 593 call 
7777 1407 8000 593 call 
1111 1800 8000 200 fold 
5555 1407 8000 593 call 
3333 1900 8000 100 fold 
6666 1407 8000 593 call 
4444 1407 8000 593 raise 
2222 1407 8000 593 call 
total pot: 3858 
/inquire 
recv from player 2222: raise 0
send inquire msg to player 4444 
inquire/ 
2222 1307 8000 693 raise 
8888 1407 8000 593 call 
7777 1407 8000 593 call 
1111 1800 8000 200 fold 
5555 1407 8000 593 call 
3333 1900 8000 100 fold 
6666 1407 8000 593 call 
4444 1407 8000 593 raise 
total pot: 3958 
/inquire 
recv from player 4444: check
send inquire msg to player 6666 
inquire/ 
4444 1307 8000 693 call 
2222 1307 8000 693 raise 
8888 1407 8000 593 call 
7777 1407 8000 593 call 
1111 1800 8000 200 fold 
5555 1407 8000 593 call 
3333 1900 8000 100 fold 
6666 1407 8000 593 call 
total pot: 4058 
/inquire 
recv from player 6666: check
send inquire msg to player 5555 
inquire/ 
3333 1900 8000 100 fold 
6666 1307 8000 693 call 
4444 1307 8000 693 call 
2222 1307 8000 693 raise 
8888 1407 8000 593 call 
7777 1407 8000 593 call 
1111 1800 8000 200 fold 
5555 1407 8000 593 call 
total pot: 4158 
/inquire 
recv from player 5555: check
send inquire msg to player 7777 
inquire/ 
1111 1800 8000 200 fold 
5555 1307 8000 693 call 
3333 1900 8000 100 fold 
6666 1307 8000 693 call 
4444 1307 8000 693 call 
2222 1307 8000 693 raise 
8888 1407 8000 593 call 
7777 1407 8000 593 call 
total pot: 4258 
/inquire 
recv from player 7777: check
send inquire msg to player 8888 
inquire/ 
7777 1307 8000 693 call 
1111 1800 8000 200 fold 
5555 1307 8000 693 call 
3333 1900 8000 100 fold 
6666 1307 8000 693 call 
4444 1307 8000 693 call 
2222 1307 8000 693 raise 
8888 1407 8000 593 call 
total pot: 4358 
/inquire 
recv from player 8888: check
turn/ 
SPADES Q 
/turn 

---turn round bet---
valid player: 8, all in player: 0, fold player: 2
send inquire msg to player 2222 
inquire/ 
8888 1307 8000 693 call 
7777 1307 8000 693 call 
1111 1800 8000 200 fold 
5555 1307 8000 693 call 
3333 1900 8000 100 fold 
6666 1307 8000 693 call 
4444 1307 8000 693 call 
2222 1307 8000 693 raise 
total pot: 4458 
/inquire 
recv from player 2222: check
send inquire msg to player 4444 
inquire/ 
2222 1307 8000 693 check 
8888 1307 8000 693 call 
7777 1307 8000 693 call 
1111 1800 8000 200 fold 
5555 1307 8000 693 call 
3333 1900 8000 100 fold 
6666 1307 8000 693 call 
4444 1307 8000 693 call 
total pot: 4458 
/inquire 
recv from player 4444: check
send inquire msg to player 6666 
inquire/ 
4444 1307 8000 693 check 
2222 1307 8000 693 check 
8888 1307 8000 693 call 
7777 1307 8000 693 call 
1111 1800 8000 200 fold 
5555 1307 8000 693 call 
3333 1900 8000 100 fold 
6666 1307 8000 693 call 
total pot: 4458 
/inquire 
recv from player 6666: check
send inquire msg to player 5555 
inquire/ 
3333 1900 8000 100 fold 
6666 1307 8000 693 check 
4444 1307 8000 693 check 
2222 1307 8000 693 check 
8888 1307 8000 693 call 
7777 1307 8000 693 call 
1111 1800 8000 200 fold 
5555 1307 8000 693 call 
total pot: 4458 
/inquire 
recv from player 5555: check
send inquire msg to player 7777 
inquire/ 
1111 1800 8000 200 fold 
5555 1307 8000 693 check 
3333 1900 8000 100 fold 
6666 1307 8000 693 check 
4444 1307 8000 693 check 
2222 1307 8000 693 check 
8888 1307 8000 693 call 
7777 1307 8000 693 call 
total pot: 4458 
/inquire 
recv from player 7777: check
send inquire msg to player 8888 
inquire/ 
7777 1307 8000 693 check 
1111 1800 8000 200 fold 
5555 1307 8000 693 check 
3333 1900 8000 100 fold 
6666 1307 8000 693 check 
4444 1307 8000 693 check 
2222 1307 8000 693 check 
8888 1307 8000 693 call 
total pot: 4458 
/inquire 
recv from player 8888: check
river/ 
HEARTS 8 
/river 

---river round bet---
valid player: 8, all in player: 0, fold player: 2
send inquire msg to player 2222 
inquire/ 
8888 1307 8000 693 check 
7777 1307 8000 693 check 
1111 1800 8000 200 fold 
5555 1307 8000 693 check 
3333 1900 8000 100 fold 
6666 1307 8000 693 check 
4444 1307 8000 693 check 
2222 1307 8000 693 check 
total pot: 4458 
/inquire 
recv from player 2222: fold
send inquire msg to player 4444 
inquire/ 
2222 1307 8000 693 fold 
8888 1307 8000 693 check 
7777 1307 8000 693 check 
1111 1800 8000 200 fold 
5555 1307 8000 693 check 
3333 1900 8000 100 fold 
6666 1307 8000 693 check 
4444 1307 8000 693 check 
total pot: 4458 
/inquire 
recv from player 4444: check
send inquire msg to player 6666 
inquire/ 
4444 1307 8000 693 check 
2222 1307 8000 693 fold 
8888 1307 8000 693 check 
7777 1307 8000 693 check 
1111 1800 8000 200 fold 
5555 1307 8000 693 check 
3333 1900 8000 100 fold 
6666 1307 8000 693 check 
total pot: 4458 
/inquire 
recv from player 6666: check
send inquire msg to player 5555 
inquire/ 
3333 1900 8000 100 fold 
6666 1307 8000 693 check 
4444 1307 8000 693 check 
2222 1307 8000 693 fold 
8888 1307 8000 693 check 
7777 1307 8000 693 check 
1111 1800 8000 200 fold 
5555 1307 8000 693 check 
total pot: 4458 
/inquire 
recv from player 5555: raise 0
send inquire msg to player 7777 
inquire/ 
1111 1800 8000 200 fold 
5555 1207 8000 793 raise 
3333 1900 8000 100 fold 
6666 1307 8000 693 check 
4444 1307 8000 693 check 
2222 1307 8000 693 fold 
8888 1307 8000 693 check 
7777 1307 8000 693 check 
total pot: 4558 
/inquire 
recv from player 7777: check
send inquire msg to player 8888 
inquire/ 
7777 1207 8000 793 call 
1111 1800 8000 200 fold 
5555 1207 8000 793 raise 
3333 1900 8000 100 fold 
6666 1307 8000 693 check 
4444 1307 8000 693 check 
2222 1307 8000 693 fold 
8888 1307 8000 693 check 
total pot: 4658 
/inquire 
recv from player 8888: check
send inquire msg to player 4444 
inquire/ 
2222 1307 8000 693 fold 
8888 1207 8000 793 call 
7777 1207 8000 793 call 
1111 1800 8000 200 fold 
5555 1207 8000 793 raise 
3333 1900 8000 100 fold 
6666 1307 8000 693 check 
4444 1307 8000 693 check 
total pot: 4758 
/inquire 
recv from player 4444: check
send inquire msg to player 6666 
inquire/ 
4444 1207 8000 793 call 
2222 1307 8000 693 fold 
8888 1207 8000 793 call 
7777 1207 8000 793 call 
1111 1800 8000 200 fold 
5555 1207 8000 793 raise 
3333 1900 8000 100 fold 
6666 1307 8000 693 check 
total pot: 4858 
/inquire 
recv from player 6666: check

---show down---
showdown/ 
common/ 
DIAMONDS 9 
DIAMONDS 8 
DIAMONDS K 
SPADES Q 
HEARTS 8 
/common 
1: 4444 HEARTS A CLUBS A TWO_PAIR 
3: 6666 CLUBS J SPADES J TWO_PAIR 
4: 5555 HEARTS 9 HEARTS J TWO_PAIR 
2: 7777 HEARTS 10 SPADES K TWO_PAIR 
5: 8888 CLUBS 6 CLUBS 4 ONE_PAIR 
/showdown 

---Allocate pot---
pot-win/ 
4444: 4958 
/pot-win 
it is player 2222's turn to be button

-----2 Hand-----
seat/ 
button: 2222 1307 8000 
small blind: 4444 6165 8000 
big blind: 6666 1207 8000 
3333 1900 8000 
5555 1207 8000 
1111 1800 8000 
7777 1207 8000 
8888 1207 8000 
/seat 
blind/ 
4444: 50 
6666: 100 
/blind 
player 4444:hold/ 
SPADES Q 
SPADES A 
/hold 
player 6666:hold/ 
CLUBS 10 
DIAMONDS K 
/hold 
player 3333:hold/ 
CLUBS 3 
CLUBS 4 
/hold 
player 5555:hold/ 
CLUBS J 
CLUBS 8 
/hold 
player 1111:hold/ 
HEARTS 4 
HEARTS K 
/hold 
player 7777:hold/ 
CLUBS A 
SPADES 6 
/hold 
player 8888:hold/ 
CLUBS 5 
SPADES J 
/hold 
player 2222:hold/ 
SPADES 8 
SPADES 7 
/hold 

---pre flop round bet---
valid player: 8, all in player: 0, fold player: 0
send inquire msg to player 3333 
inquire/ 
6666 1107 8000 100 blind 
4444 6115 8000 50 blind 
total pot: 150 
/inquire 
recv from player 3333: fold
send inquire msg to player 5555 
inquire/ 
3333 1900 8000 0 fold 
6666 1107 8000 100 blind 
4444 6115 8000 50 blind 
total pot: 150 
/inquire 
recv from player 5555: raise 0
send inquire msg to player 1111 
inquire/ 
5555 1007 8000 200 raise 
3333 1900 8000 0 fold 
6666 1107 8000 100 blind 
4444 6115 8000 50 blind 
total pot: 350 
/inquire 
recv from player 1111: fold
send inquire msg to player 7777 
inquire/ 
1111 1800 8000 0 fold 
5555 1007 8000 200 raise 
3333 1900 8000 0 fold 
6666 1107 8000 100 blind 
4444 6115 8000 50 blind 
total pot: 350 
/inquire 
recv from player 7777: fold
send inquire msg to player 8888 
inquire/ 
7777 1207 8000 0 fold 
1111 1800 8000 0 fold 
5555 1007 8000 200 raise 
3333 1900 8000 0 fold 
6666 1107 8000 100 blind 
4444 6115 8000 50 blind 
total pot: 350 
/inquire 
recv from player 8888: check
send inquire msg to player 2222 
inquire/ 
8888 1007 8000 200 call 
7777 1207 8000 0 fold 
1111 1800 8000 0 fold 
5555 1007 8000 200 raise 
3333 1900 8000 0 fold 
6666 1107 8000 100 blind 
4444 6115 8000 50 blind 
total pot: 550 
/inquire 
recv from player 2222: fold
send inquire msg to player 4444 
inquire/ 
2222 1307 8000 0 fold 
8888 1007 8000 200 call 
7777 1207 8000 0 fold 
1111 1800 8000 0 fold 
5555 1007 8000 200 raise 
3333 1900 8000 0 fold 
6666 1107 8000 100 blind 
4444 6115 8000 50 blind 
total pot: 550 
/inquire 
recv from player 4444: raise 946
send inquire msg to player 6666 
inquire/ 
4444 5019 8000 1146 raise 
2222 1307 8000 0 fold 
8888 1007 8000 200 call 
7777 1207 8000 0 fold 
1111 1800 8000 0 fold 
5555 1007 8000 200 raise 
3333 1900 8000 0 fold 
6666 1107 8000 100 blind 
total pot: 1646 
/inquire 
recv from player 6666: check
send inquire msg to player 5555 
inquire/ 
3333 1900 8000 0 fold 
6666 61 8000 1146 call 
4444 5019 8000 1146 raise 
2222 1307 8000 0 fold 
8888 1007 8000 200 call 
7777 1207 8000 0 fold 
1111 1800 8000 0 fold 
5555 1007 8000 200 raise 
total pot: 2692 
/inquire 
recv from player 5555: raise 0
send inquire msg to player 8888 
inquire/ 
7777 1207 8000 0 fold 
1111 1800 8000 0 fold 
5555 0 8000 1207 all_in 
3333 1900 8000 0 fold 
6666 61 8000 1146 call 
4444 5019 8000 1146 raise 
2222 1307 8000 0 fold 
8888 1007 8000 200 call 
total pot: 3699 
/inquire 
recv from player 8888: check
send inquire msg to player 4444 
inquire/ 
2222 1307 8000 0 fold 
8888 0 8000 1207 all_in 
7777 1207 8000 0 fold 
1111 1800 8000 0 fold 
5555 0 8000 1207 all_in 
3333 1900 8000 0 fold 
6666 61 8000 1146 call 
4444 5019 8000 1146 raise 
total pot: 4706 
/inquire 
recv from player 4444: check
send inquire msg to player 6666 
inquire/ 
4444 4958 8000 1207 call 
2222 1307 8000 0 fold 
8888 0 8000 1207 all_in 
7777 1207 8000 0 fold 
1111 1800 8000 0 fold 
5555 0 8000 1207 all_in 
3333 1900 8000 0 fold 
6666 61 8000 1146 call 
total pot: 4767 
/inquire 
recv from player 6666: check
flop/ 
HEARTS 7 
SPADES 3 
HEARTS Q 
/flop 

---flop round bet---
valid player: 8, all in player: 3, fold player: 4
turn/ 
CLUBS 6 
/turn 

---turn round bet---
valid player: 8, all in player: 3, fold player: 4
river/ 
HEARTS 3 
/river 

---river round bet---
valid player: 8, all in player: 3, fold player: 4

---show down---
showdown/ 
common/ 
HEARTS 7 
SPADES 3 
HEARTS Q 
CLUBS 6 
HEARTS 3 
/common 
1: 4444 SPADES Q SPADES A TWO_PAIR 
2: 6666 CLUBS 10 DIAMONDS K ONE_PAIR 
3: 5555 CLUBS J CLUBS 8 ONE_PAIR 
4: 8888 CLUBS 5 SPADES J ONE_PAIR 
/showdown 

---Allocate pot---
pot-win/ 
4444: 4828 
/pot-win 
it is player 4444's turn to be button

-----3 Hand-----
seat/ 
button: 4444 9786 8000 
small blind: 6666 2000 6000 
big blind: 3333 1900 8000 
5555 2000 6000 
1111 1800 8000 
7777 1207 8000 
8888 2000 6000 
2222 1307 8000 
/seat 
blind/ 
6666: 50 
3333: 100 
/blind 
player 6666:hold/ 
SPADES 3 
SPADES 7 
/hold 
player 3333:hold/ 
HEARTS 6 
CLUBS Q 
/hold 
player 5555:hold/ 
HEARTS A 
SPADES 6 
/hold 
player 1111:hold/ 
HEARTS 8 
DIAMONDS A 
/hold 
player 7777:hold/ 
CLUBS 10 
CLUBS J 
/hold 
player 8888:hold/ 
CLUBS 2 
DIAMONDS 4 
/hold 
player 2222:hold/ 
HEARTS Q 
DIAMONDS Q 
/hold 
player 4444:hold/ 
CLUBS 8 
SPADES 10 
/hold 

---pre flop round bet---
valid player: 8, all in player: 0, fold player: 0
send inquire msg to player 5555 
inquire/ 
3333 1800 8000 100 blind 
6666 1950 6000 50 blind 
total pot: 150 
/inquire 
recv from player 5555: check
send inquire msg to player 1111 
inquire/ 
5555 1900 6000 100 call 
3333 1800 8000 100 blind 
6666 1950 6000 50 blind 
total pot: 250 
/inquire 
recv from player 1111: check
send inquire msg to player 7777 
inquire/ 
1111 1700 8000 100 call 
5555 1900 6000 100 call 
3333 1800 8000 100 blind 
6666 1950 6000 50 blind 
total pot: 350 
/inquire 
recv from player 7777: check
send inquire msg to player 8888 
inquire/ 
7777 1107 8000 100 call 
1111 1700 8000 100 call 
5555 1900 6000 100 call 
3333 1800 8000 100 blind 
6666 1950 6000 50 blind 
total pot: 450 
/inquire 
recv from player 8888: check
send inquire msg to player 2222 
inquire/ 
8888 1900 6000 100 call 
7777 1107 8000 100 call 
1111 1700 8000 100 call 
5555 1900 6000 100 call 
3333 1800 8000 100 blind 
6666 1950 6000 50 blind 
total pot: 550 
/inquire 
recv from player 2222: raise 0
send inquire msg to player 4444 
inquire/ 
2222 1107 8000 200 raise 
8888 1900 6000 100 call 
7777 1107 8000 100 call 
1111 1700 8000 100 call 
5555 1900 6000 100 call 
3333 1800 8000 100 blind 
6666 1950 6000 50 blind 
total pot: 750 
/inquire 
recv from player 4444: check
send inquire msg to player 6666 
inquire/ 
4444 9586 8000 200 call 
2222 1107 8000 200 raise 
8888 1900 6000 100 call 
7777 1107 8000 100 call 
1111 1700 8000 100 call 
5555 1900 6000 100 call 
3333 1800 8000 100 blind 
6666 1950 6000 50 blind 
total pot: 950 
/inquire 
recv from player 6666: check
send inquire msg to player 3333 
inquire/ 
6666 1800 6000 200 call 
4444 9586 8000 200 call 
2222 1107 8000 200 raise 
8888 1900 6000 100 call 
7777 1107 8000 100 call 
1111 1700 8000 100 call 
5555 1900 6000 100 call 
3333 1800 8000 100 blind 
total pot: 1100 
/inquire 
recv from player 3333: check
send inquire msg to player 5555 
inquire/ 
3333 1700 8000 200 call 
6666 1800 6000 200 call 
4444 9586 8000 200 call 
2222 1107 8000 200 raise 
8888 1900 6000 100 call 
7777 1107 8000 100 call 
1111 1700 8000 100 call 
5555 1900 6000 100 call 
total pot: 1200 
/inquire 
recv from player 5555: check
send inquire msg to player 1111 
inquire/ 
5555 1800 6000 200 call 
3333 1700 8000 200 call 
6666 1800 6000 200 call 
4444 9586 8000 200 call 
2222 1107 8000 200 raise 
8888 1900 6000 100 call 
7777 1107 8000 100 call 
1111 1700 8000 100 call 
total pot: 1300 
/inquire 
recv from player 1111: fold
send inquire msg to player 7777 
inquire/ 
1111 1700 8000 100 fold 
5555 1800 6000 200 call 
3333 1700 8000 200 call 
6666 1800 6000 200 call 
4444 9586 8000 200 call 
2222 1107 8000 200 raise 
8888 1900 6000 100 call 
7777 1107 8000 100 call 
total pot: 1300 
/inquire 
recv from player 7777: check
send inquire msg to player 8888 
inquire/ 
7777 1007 8000 200 call 
1111 1700 8000 100 fold 
5555 1800 6000 200 call 
3333 1700 8000 200 call 
6666 1800 6000 200 call 
4444 9586 8000 200 call 
2222 1107 8000 200 raise 
8888 1900 6000 100 call 
total pot: 1400 
/inquire 
recv from player 8888: check
flop/ 
HEARTS K 
HEARTS 3 
SPADES 5 
/flop 

---flop round bet---
valid player: 8, all in player: 0, fold player: 1
send inquire msg to player 6666 
inquire/ 
4444 9586 8000 200 call 
2222 1107 8000 200 raise 
8888 1800 6000 200 call 
7777 1007 8000 200 call 
1111 1700 8000 100 fold 
5555 1800 6000 200 call 
3333 1700 8000 200 call 
6666 1800 6000 200 call 
total pot: 1500 
/inquire 
recv from player 6666: check
send inquire msg to player 3333 
inquire/ 
6666 1800 6000 200 check 
4444 9586 8000 200 call 
2222 1107 8000 200 raise 
8888 1800 6000 200 call 
7777 1007 8000 200 call 
1111 1700 8000 100 fold 
5555 1800 6000 200 call 
3333 1700 8000 200 call 
total pot: 1500 
/inquire 
recv from player 3333: fold
send inquire msg to player 5555 
inquire/ 
3333 1700 8000 200 fold 
6666 1800 6000 200 check 
4444 9586 8000 200 call 
2222 1107 8000 200 raise 
8888 1800 6000 200 call 
7777 1007 8000 200 call 
1111 1700 8000 100 fold 
5555 1800 6000 200 call 
total pot: 1500 
/inquire 
recv from player 5555: raise 0
send inquire msg to player 7777 
inquire/ 
1111 1700 8000 100 fold 
5555 1700 6000 300 raise 
3333 1700 8000 200 fold 
6666 1800 6000 200 check 
4444 9586 8000 200 call 
2222 1107 8000 200 raise 
8888 1800 6000 200 call 
7777 1007 8000 200 call 
total pot: 1600 
/inquire 
recv from player 7777: check
send inquire msg to player 8888 
inquire/ 
7777 907 8000 300 call 
1111 1700 8000 100 fold 
5555 1700 6000 300 raise 
3333 1700 8000 200 fold 
6666 1800 6000 200 check 
4444 9586 8000 200 call 
2222 1107 8000 200 raise 
8888 1800 6000 200 call 
total pot: 1700 
/inquire 
recv from player 8888: check
send inquire msg to player 2222 
inquire/ 
8888 1700 6000 300 call 
7777 907 8000 300 call 
1111 1700 8000 100 fold 
5555 1700 6000 300 raise 
3333 1700 8000 200 fold 
6666 1800 6000 200 check 
4444 9586 8000 200 call 
2222 1107 8000 200 raise 
total pot: 1800 
/inquire 
recv from player 2222: fold
send inquire msg to player 4444 
inquire/ 
2222 1107 8000 200 fold 
8888 1700 6000 300 call 
7777 907 8000 300 call 
1111 1700 8000 100 fold 
5555 1700 6000 300 raise 
3333 1700 8000 200 fold 
6666 1800 6000 200 check 
4444 9586 8000 200 call 
total pot: 1800 
/inquire 
recv from player 4444: check
send inquire msg to player 6666 
inquire/ 
4444 9486 8000 300 call 
2222 1107 8000 200 fold 
8888 1700 6000 300 call 
7777 907 8000 300 call 
1111 1700 8000 100 fold 
5555 1700 6000 300 raise 
3333 1700 8000 200 fold 
6666 1800 6000 200 check 
total pot: 1900 
/inquire 
recv from player 6666: check
turn/ 
SPADES 9 
/turn 

---turn round bet---
valid player: 8, all in player: 0, fold player: 3
send inquire msg to player 6666 
inquire/ 
4444 9486 8000 300 call 
2222 1107 8000 200 fold 
8888 1700 6000 300 call 
7777 907 8000 300 call 
1111 1700 8000 100 fold 
5555 1700 6000 300 raise 
3333 1700 8000 200 fold 
6666 1700 6000 300 call 
total pot: 2000 
/inquire 
recv from player 6666: check
send inquire msg to player 5555 
inquire/ 
3333 1700 8000 200 fold 
6666 1700 6000 300 check 
4444 9486 8000 300 call 
2222 1107 8000 200 fold 
8888 1700 6000 300 call 
7777 907 8000 300 call 
1111 1700 8000 100 fold 
5555 1700 6000 300 raise 
total pot: 2000 
/inquire 
recv from player 5555: check
send inquire msg to player 7777 
inquire/ 
1111 1700 8000 100 fold 
5555 1700 6000 300 check 
3333 1700 8000 200 fold 
6666 1700 6000 300 check 
4444 9486 8000 300 call 
2222 1107 8000 200 fold 
8888 1700 6000 300 call 
7777 907 8000 300 call 
total pot: 2000 
/inquire 
recv from player 7777: check
send inquire msg to player 8888 
inquire/ 
7777 907 8000 300 check 
1111 1700 8000 100 fold 
5555 1700 6000 300 check 
3333 1700 8000 200 fold 
6666 1700 6000 300 check 
4444 9486 8000 300 call 
2222 1107 8000 200 fold 
8888 1700 6000 300 call 
total pot: 2000 
/inquire 
recv from player 8888: check
send inquire msg to player 4444 
inquire/ 
2222 1107 8000 200 fold 
8888 1700 6000 300 check 
7777 907 8000 300 check 
1111 1700 8000 100 fold 
5555 1700 6000 300 check 
3333 1700 8000 200 fold 
6666 1700 6000 300 check 
4444 9486 8000 300 call 
total pot: 2000 
/inquire 
recv from player 4444: check
river/ 
DIAMONDS J 
/river 

---river round bet---
valid player: 8, all in player: 0, fold player: 3
send inquire msg to player 6666 
inquire/ 
4444 9486 8000 300 check 
2222 1107 8000 200 fold 
8888 1700 6000 300 check 
7777 907 8000 300 check 
1111 1700 8000 100 fold 
5555 1700 6000 300 check 
3333 1700 8000 200 fold 
6666 1700 6000 300 check 
total pot: 2000 
/inquire 
recv from player 6666: check
send inquire msg to player 5555 
inquire/ 
3333 1700 8000 200 fold 
6666 1700 6000 300 check 
4444 9486 8000 300 check 
2222 1107 8000 200 fold 
8888 1700 6000 300 check 
7777 907 8000 300 check 
1111 1700 8000 100 fold 
5555 1700 6000 300 check 
total pot: 2000 
/inquire 
recv from player 5555: check
send inquire msg to player 7777 
inquire/ 
1111 1700 8000 100 fold 
5555 1700 6000 300 check 
3333 1700 8000 200 fold 
6666 1700 6000 300 check 
4444 9486 8000 300 check 
2222 1107 8000 200 fold 
8888 1700 6000 300 check 
7777 907 8000 300 check 
total pot: 2000 
/inquire 
recv from player 7777: check
send inquire msg to player 8888 
inquire/ 
7777 907 8000 300 check 
1111 1700 8000 100 fold 
5555 1700 6000 300 check 
3333 1700 8000 200 fold 
6666 1700 6000 300 check 
4444 9486 8000 300 check 
2222 1107 8000 200 fold 
8888 1700 6000 300 check 
total pot: 2000 
/inquire 
recv from player 8888: check
send inquire msg to player 4444 
inquire/ 
2222 1107 8000 200 fold 
8888 1700 6000 300 check 
7777 907 8000 300 check 
1111 1700 8000 100 fold 
5555 1700 6000 300 check 
3333 1700 8000 200 fold 
6666 1700 6000 300 check 
4444 9486 8000 300 check 
total pot: 2000 
/inquire 
recv from player 4444: check

---show down---
showdown/ 
common/ 
HEARTS K 
HEARTS 3 
SPADES 5 
SPADES 9 
DIAMONDS J 
/common 
2: 6666 SPADES 3 SPADES 7 ONE_PAIR 
3: 5555 HEARTS A SPADES 6 HIGH_CARD 
1: 7777 CLUBS 10 CLUBS J ONE_PAIR 
5: 8888 CLUBS 2 DIAMONDS 4 HIGH_CARD 
4: 4444 CLUBS 8 SPADES 10 HIGH_CARD 
/showdown 

---Allocate pot---
pot-win/ 
7777: 2000 
/pot-win 
it is player 6666's turn to be button

-----4 Hand-----
seat/ 
button: 6666 1700 6000 
small blind: 3333 1700 8000 
big blind: 5555 1700 6000 
1111 1700 8000 
7777 2907 8000 
8888 1700 6000 
2222 1107 8000 
4444 9486 8000 
/seat 
blind/ 
3333: 50 
5555: 100 
/blind 
player 3333:hold/ 
SPADES Q 
DIAMONDS 4 
/hold 
player 5555:hold/ 
HEARTS 5 
SPADES 8 
/hold 
player 1111:hold/ 
DIAMONDS 2 
SPADES 9 
/hold 
player 7777:hold/ 
SPADES K 
CLUBS 6 
/hold 
player 8888:hold/ 
CLUBS 7 
CLUBS J 
/hold 
player 2222:hold/ 
DIAMONDS 5 
SPADES 3 
/hold 
player 4444:hold/ 
SPADES 6 
HEARTS Q 
/hold 
player 6666:hold/ 
HEARTS A 
HEARTS 7 
/hold 

---pre flop round bet---
valid player: 8, all in player: 0, fold player: 0
send inquire msg to player 1111 
inquire/ 
5555 1600 6000 100 blind 
3333 1650 8000 50 blind 
total pot: 150 
/inquire 
recv from player 1111: fold
send inquire msg to player 7777 
inquire/ 
1111 1700 8000 0 fold 
5555 1600 6000 100 blind 
3333 1650 8000 50 blind 
total pot: 150 
/inquire 
recv from player 7777: raise 133
send inquire msg to player 8888 
inquire/ 
7777 2674 8000 233 raise 
1111 1700 8000 0 fold 
5555 1600 6000 100 blind 
3333 1650 8000 50 blind 
total pot: 383 
/inquire 
recv from player 8888: check
send inquire msg to player 2222 
inquire/ 
8888 1467 6000 233 call 
7777 2674 8000 233 raise 
1111 1700 8000 0 fold 
5555 1600 6000 100 blind 
3333 1650 8000 50 blind 
total pot: 616 
/inquire 
recv from player 2222: fold
send inquire msg to player 4444 
inquire/ 
2222 1107 8000 0 fold 
8888 1467 6000 233 call 
7777 2674 8000 233 raise 
1111 1700 8000 0 fold 
5555 1600 6000 100 blind 
3333 1650 8000 50 blind 
total pot: 616 
/inquire 
recv from player 4444: check
send inquire msg to player 6666 
inquire/ 
4444 9253 8000 233 call 
2222 1107 8000 0 fold 
8888 1467 6000 233 call 
7777 2674 8000 233 raise 
1111 1700 8000 0 fold 
5555 1600 6000 100 blind 
3333 1650 8000 50 blind 
total pot: 849 
/inquire 
recv from player 6666: check
send inquire msg to player 3333 
inquire/ 
6666 1467 6000 233 call 
4444 9253 8000 233 call 
2222 1107 8000 0 fold 
8888 1467 6000 233 call 
7777 2674 8000 233 raise 
1111 1700 8000 0 fold 
5555 1600 6000 100 blind 
3333 1650 8000 50 blind 
total pot: 1082 
/inquire 
recv from player 3333: fold
send inquire msg to player 5555 
inquire/ 
3333 1650 8000 50 fold 
6666 1467 6000 233 call 
4444 9253 8000 233 call 
2222 1107 8000 0 fold 
8888 1467 6000 233 call 
7777 2674 8000 233 raise 
1111 1700 8000 0 fold 
5555 1600 6000 100 blind 
total pot: 1082 
/inquire 
recv from player 5555: raise 0
send inquire msg to player 7777 
inquire/ 
1111 1700 8000 0 fold 
5555 1334 6000 366 raise 
3333 1650 8000 50 fold 
6666 1467 6000 233 call 
4444 9253 8000 233 call 
2222 1107 8000 0 fold 
8888 1467 6000 233 call 
7777 2674 8000 233 raise 
total pot: 1348 
/inquire 
recv from player 7777: check
send inquire msg to player 8888 
inquire/ 
7777 2541 8000 366 call 
1111 1700 8000 0 fold 
5555 1334 6000 366 raise 
3333 1650 8000 50 fold 
6666 1467 6000 233 call 
4444 9253 8000 233 call 
2222 1107 8000 0 fold 
8888 1467 6000 233 call 
total pot: 1481 
/inquire 
recv from player 8888: check
send inquire msg to player 4444 
inquire/ 
2222 1107 8000 0 fold 
8888 1334 6000 366 call 
7777 2541 8000 366 call 
1111 1700 8000 0 fold 
5555 1334 6000 366 raise 
3333 1650 8000 50 fold 
6666 1467 6000 233 call 
4444 9253 8000 233 call 
total pot: 1614 
/inquire 
recv from player 4444: check
send inquire msg to player 6666 
inquire/ 
4444 9120 8000 366 call 
2222 1107 8000 0 fold 
8888 1334 6000 366 call 
7777 2541 8000 366 call 
1111 1700 8000 0 fold 
5555 1334 6000 366 raise 
3333 1650 8000 50 fold 
6666 1467 6000 233 call 
total pot: 1747 
/inquire 
recv from player 6666: check
flop/ 
HEARTS 3 
DIAMONDS J 
SPADES 4 
/flop 

---flop round bet---
valid player: 8, all in player: 0, fold player: 3
send inquire msg to player 5555 
inquire/ 
3333 1650 8000 50 fold 
6666 1334 6000 366 call 
4444 9120 8000 366 call 
2222 1107 8000 0 fold 
8888 1334 6000 366 call 
7777 2541 8000 366 call 
1111 1700 8000 0 fold 
5555 1334 6000 366 raise 
total pot: 1880 
/inquire 
recv from player 5555: raise 0
send inquire msg to player 7777 
inquire/ 
1111 1700 8000 0 fold 
5555 1234 6000 466 raise 
3333 1650 8000 50 fold 
6666 1334 6000 366 call 
4444 9120 8000 366 call 
2222 1107 8000 0 fold 
8888 1334 6000 366 call 
7777 2541 8000 366 call 
total pot: 1980 
/inquire 
recv from player 7777: check
send inquire msg to player 8888 
inquire/ 
7777 2441 8000 466 call 
1111 1700 8000 0 fold 
5555 1234 6000 466 raise 
3333 1650 8000 50 fold 
6666 1334 6000 366 call 
4444 9120 8000 366 call 
2222 1107 8000 0 fold 
8888 1334 6000 366 call 
total pot: 2080 
/inquire 
recv from player 8888: check
send inquire msg to player 4444 
inquire/ 
2222 1107 8000 0 fold 
8888 1234 6000 466 call 
7777 2441 8000 466 call 
1111 1700 8000 0 fold 
5555 1234 6000 466 raise 
3333 1650 8000 50 fold 
6666 1334 6000 366 call 
4444 9120 8000 366 call 
total pot: 2180 
/inquire 
recv from player 4444: check
send inquire msg to player 6666 
inquire/ 
4444 9020 8000 466 call 
2222 1107 8000 0 fold 
8888 1234 6000 466 call 
7777 2441 8000 466 call 
1111 1700 8000 0 fold 
5555 1234 6000 466 raise 
3333 1650 8000 50 fold 
6666 1334 6000 366 call 
total pot: 2280 
/inquire 
recv from player 6666: check
turn/ 
CLUBS K 
/turn 

---turn round bet---
valid player: 8, all in player: 0, fold player: 3
send inquire msg to player 5555 
inquire/ 
3333 1650 8000 50 fold 
6666 1234 6000 466 call 
4444 9020 8000 466 call 
2222 1107 8000 0 fold 
8888 1234 6000 466 call 
7777 2441 8000 466 call 
1111 1700 8000 0 fold 
5555 1234 6000 466 raise 
total pot: 2380 
/inquire 
recv from player 5555: raise 0
send inquire msg to player 7777 
inquire/ 
1111 1700 8000 0 fold 
5555 1134 6000 566 raise 
3333 1650 8000 50 fold 
6666 1234 6000 466 call 
4444 9020 8000 466 call 
2222 1107 8000 0 fold 
8888 1234 6000 466 call 
7777 2441 8000 466 call 
total pot: 2480 
/inquire 
recv from player 7777: check
send inquire msg to player 8888 
inquire/ 
7777 2341 8000 566 call 
1111 1700 8000 0 fold 
5555 1134 6000 566 raise 
3333 1650 8000 50 fold 
6666 1234 6000 466 call 
4444 9020 8000 466 call 
2222 1107 8000 0 fold 
8888 1234 6000 466 call 
total pot: 2580 
/inquire 
recv from player 8888: check
send inquire msg to player 4444 
inquire/ 
2222 1107 8000 0 fold 
8888 1134 6000 566 call 
7777 2341 8000 566 call 
1111 1700 8000 0 fold 
5555 1134 6000 566 raise 
3333 1650 8000 50 fold 
6666 1234 6000 466 call 
4444 9020 8000 466 call 
total pot: 2680 
/inquire 
recv from player 4444: check
send inquire msg to player 6666 
inquire/ 
4444 8920 8000 566 call 
2222 1107 8000 0 fold 
8888 1134 6000 566 call 
7777 2341 8000 566 call 
1111 1700 8000 0 fold 
5555 1134 6000 566 raise 
3333 1650 8000 50 fold 
6666 1234 6000 466 call 
total pot: 2780 
/inquire 
recv from player 6666: check
river/ 
HEARTS 10 
/river 

---river round bet---
valid player: 8, all in player: 0, fold player: 3
send inquire msg to player 5555 
inquire/ 
3333 1650 8000 50 fold 
6666 1134 6000 566 call 
4444 8920 8000 566 call 
2222 1107 8000 0 fold 
8888 1134 6000 566 call 
7777 2341 8000 566 call 
1111 1700 8000 0 fold 
5555 1134 6000 566 raise 
total pot: 2880 
/inquire 
recv from player 5555: check
send inquire msg to player 7777 
inquire/ 
1111 1700 8000 0 fold 
5555 1134 6000 566 check 
3333 1650 8000 50 fold 
6666 1134 6000 566 call 
4444 8920 8000 566 call 
2222 1107 8000 0 fold 
8888 1134 6000 566 call 
7777 2341 8000 566 call 
total pot: 2880 
/inquire 
recv from player 7777: check
send inquire msg to player 8888 
inquire/ 
7777 2341 8000 566 check 
1111 1700 8000 0 fold 
5555 1134 6000 566 check 
3333 1650 8000 50 fold 
6666 1134 6000 566 call 
4444 8920 8000 566 call 
2222 1107 8000 0 fold 
8888 1134 6000 566 call 
total pot: 2880 
/inquire 
recv from player 8888: check
send inquire msg to player 4444 
inquire/ 
2222 1107 8000 0 fold 
8888 1134 6000 566 check 
7777 2341 8000 566 check 
1111 1700 8000 0 fold 
5555 1134 6000 566 check 
3333 1650 8000 50 fold 
6666 1134 6000 566 call 
4444 8920 8000 566 call 
total pot: 2880 
/inquire 
recv from player 4444: check
send inquire msg to player 6666 
inquire/ 
4444 8920 8000 566 check 
2222 1107 8000 0 fold 
8888 1134 6000 566 check 
7777 2341 8000 566 check 
1111 1700 8000 0 fold 
5555 1134 6000 566 check 
3333 1650 8000 50 fold 
6666 1134 6000 566 call 
total pot: 2880 
/inquire 
recv from player 6666: check

---show down---
showdown/ 
common/ 
HEARTS 3 
DIAMONDS J 
SPADES 4 
CLUBS K 
HEARTS 10 
/common 
5: 5555 HEARTS 5 SPADES 8 HIGH_CARD 
1: 7777 SPADES K CLUBS 6 ONE_PAIR 
2: 8888 CLUBS 7 CLUBS J ONE_PAIR 
4: 4444 SPADES 6 HEARTS Q HIGH_CARD 
3: 6666 HEARTS A HEARTS 7 HIGH_CARD 
/showdown 

---Allocate pot---
pot-win/ 
7777: 2880 
/pot-win 
it is player 3333's turn to be button

-----5 Hand-----
seat/ 
button: 3333 1650 8000 
small blind: 5555 1134 6000 
big blind: 1111 1700 8000 
7777 5221 8000 
8888 1134 6000 
2222 1107 8000 
4444 8920 8000 
6666 1134 6000 
/seat 
blind/ 
5555: 50 
1111: 100 
/blind 
player 5555:hold/ 
HEARTS 8 
DIAMONDS 6 
/hold 
player 1111:hold/ 
DIAMONDS Q 
CLUBS 10 
/hold 
player 7777:hold/ 
SPADES 3 
DIAMONDS K 
/hold 
player 8888:hold/ 
DIAMONDS 4 
CLUBS 8 
/hold 
player 2222:hold/ 
CLUBS Q 
CLUBS 3 
/hold 
player 4444:hold/ 
SPADES 5 
SPADES 6 
/hold 
player 6666:hold/ 
CLUBS 6 
HEARTS K 
/hold 
player 3333:hold/ 
HEARTS 7 
HEARTS 9 
/hold 

---pre flop round bet---
valid player: 8, all in player: 0, fold player: 0
send inquire msg to player 7777 
inquire/ 
1111 1600 8000 100 blind 
5555 1084 6000 50 blind 
total pot: 150 
/inquire 
recv from player 7777: raise 235
send inquire msg to player 8888 
inquire/ 
7777 4886 8000 335 raise 
1111 1600 8000 100 blind 
5555 1084 6000 50 blind 
total pot: 485 
/inquire 
recv from player 8888: check
send inquire msg to player 2222 
inquire/ 
8888 799 6000 335 call 
7777 4886 8000 335 raise 
1111 1600 8000 100 blind 
5555 1084 6000 50 blind 
total pot: 820 
/inquire 
recv from player 2222: fold
send inquire msg to player 4444 
inquire/ 
2222 1107 8000 0 fold 
8888 799 6000 335 call 
7777 4886 8000 335 raise 
1111 1600 8000 100 blind 
5555 1084 6000 50 blind 
total pot: 820 
/inquire 
recv from player 4444: check
send inquire msg to player 6666 
inquire/ 
4444 8585 8000 335 call 
2222 1107 8000 0 fold 
8888 799 6000 335 call 
7777 4886 8000 335 raise 
1111 1600 8000 100 blind 
5555 1084 6000 50 blind 
total pot: 1155 
/inquire 
recv from player 6666: check
send inquire msg to player 3333 
inquire/ 
6666 799 6000 335 call 
4444 8585 8000 335 call 
2222 1107 8000 0 fold 
8888 799 6000 335 call 
7777 4886 8000 335 raise 
1111 1600 8000 100 blind 
5555 1084 6000 50 blind 
total pot: 1490 
/inquire 
recv from player 3333: raise 0
send inquire msg to player 5555 
inquire/ 
3333 1080 8000 570 raise 
6666 799 6000 335 call 
4444 8585 8000 335 call 
2222 1107 8000 0 fold 
8888 799 6000 335 call 
7777 4886 8000 335 raise 
1111 1600 8000 100 blind 
5555 1084 6000 50 blind 
total pot: 2060 
/inquire 
recv from player 5555: raise 0
send inquire msg to player 1111 
inquire/ 
5555 329 6000 805 raise 
3333 1080 8000 570 raise 
6666 799 6000 335 call 
4444 8585 8000 335 call 
2222 1107 8000 0 fold 
8888 799 6000 335 call 
7777 4886 8000 335 raise 
1111 1600 8000 100 blind 
total pot: 2815 
/inquire 
recv from player 1111: raise 0
send inquire msg to player 7777 
inquire/ 
1111 660 8000 1040 raise 
5555 329 6000 805 raise 
3333 1080 8000 570 raise 
6666 799 6000 335 call 
4444 8585 8000 335 call 
2222 1107 8000 0 fold 
8888 799 6000 335 call 
7777 4886 8000 335 raise 
total pot: 3755 
/inquire 
recv from player 7777: check
send inquire msg to player 8888 
inquire/ 
7777 4181 8000 1040 call 
1111 660 8000 1040 raise 
5555 329 6000 805 raise 
3333 1080 8000 570 raise 
6666 799 6000 335 call 
4444 8585 8000 335 call 
2222 1107 8000 0 fold 
8888 799 6000 335 call 
total pot: 4460 
/inquire 
recv from player 8888: check
send inquire msg to player 4444 
inquire/ 
2222 1107 8000 0 fold 
8888 94 6000 1040 call 
7777 4181 8000 1040 call 
1111 660 8000 1040 raise 
5555 329 6000 805 raise 
3333 1080 8000 570 raise 
6666 799 6000 335 call 
4444 8585 8000 335 call 
total pot: 5165 
/inquire 
recv from player 4444: check
send inquire msg to player 6666 
inquire/ 
4444 7880 8000 1040 call 
2222 1107 8000 0 fold 
8888 94 6000 1040 call 
7777 4181 8000 1040 call 
1111 660 8000 1040 raise 
5555 329 6000 805 raise 
3333 1080 8000 570 raise 
6666 799 6000 335 call 
total pot: 5870 
/inquire 
recv from player 6666: check
send inquire msg to player 3333 
inquire/ 
6666 94 6000 1040 call 
4444 7880 8000 1040 call 
2222 1107 8000 0 fold 
8888 94 6000 1040 call 
7777 4181 8000 1040 call 
1111 660 8000 1040 raise 
5555 329 6000 805 raise 
3333 1080 8000 570 raise 
total pot: 6575 
/inquire 
recv from player 3333: fold
send inquire msg to player 5555 
inquire/ 
3333 1080 8000 570 fold 
6666 94 6000 1040 call 
4444 7880 8000 1040 call 
2222 1107 8000 0 fold 
8888 94 6000 1040 call 
7777 4181 8000 1040 call 
1111 660 8000 1040 raise 
5555 329 6000 805 raise 
total pot: 6575 
/inquire 
recv from player 5555: check
flop/ 
CLUBS 9 
DIAMONDS 5 
SPADES 8 
/flop 

---flop round bet---
valid player: 8, all in player: 0, fold player: 2
send inquire msg to player 5555 
inquire/ 
3333 1080 8000 570 fold 
6666 94 6000 1040 call 
4444 7880 8000 1040 call 
2222 1107 8000 0 fold 
8888 94 6000 1040 call 
7777 4181 8000 1040 call 
1111 660 8000 1040 raise 
5555 94 6000 1040 call 
total pot: 6810 
/inquire 
recv from player 5555: check
send inquire msg to player 1111 
inquire/ 
5555 94 6000 1040 check 
3333 1080 8000 570 fold 
6666 94 6000 1040 call 
4444 7880 8000 1040 call 
2222 1107 8000 0 fold 
8888 94 6000 1040 call 
7777 4181 8000 1040 call 
1111 660 8000 1040 raise 
total pot: 6810 
/inquire 
recv from player 1111: fold
send inquire msg to player 7777 
inquire/ 
1111 660 8000 1040 fold 
5555 94 6000 1040 check 
3333 1080 8000 570 fold 
6666 94 6000 1040 call 
4444 7880 8000 1040 call 
2222 1107 8000 0 fold 
8888 94 6000 1040 call 
7777 4181 8000 1040 call 
total pot: 6810 
/inquire 
recv from player 7777: check
