

---GAME START @ 2015-5-14-19-13-11---
reg: 1111 randombot 
reg: 3333 callbot 
reg: 6666 simplebot 
reg: 2222 randombot 
reg: 7777 cleverbot 
reg: 4444 simplebot 
reg: 5555 raisecallbot 
reg: 8888 callbot 

-----1 Hand-----

----- clean player data in socket -----
seat/ 
button: 2222 2000 8000 
small blind: 5555 2000 8000 
big blind: 3333 2000 8000 
7777 2000 8000 
6666 2000 8000 
1111 2000 8000 
8888 2000 8000 
4444 2000 8000 
/seat 
blind/ 
5555: 50 
3333: 100 
/blind 
player 5555:hold/ 
SPADES 3 
HEARTS 10 
/hold 
player 3333:hold/ 
SPADES K 
DIAMONDS 9 
/hold 
player 7777:hold/ 
SPADES Q 
SPADES 10 
/hold 
player 6666:hold/ 
DIAMONDS 4 
HEARTS 3 
/hold 
player 1111:hold/ 
DIAMONDS K 
HEARTS 2 
/hold 
player 8888:hold/ 
HEARTS 6 
CLUBS 8 
/hold 
player 4444:hold/ 
CLUBS 5 
DIAMONDS J 
/hold 
player 2222:hold/ 
DIAMONDS 3 
SPADES 4 
/hold 

---pre flop round bet---
valid player: 8, all in player: 0, fold player: 0
send inquire msg to player 7777 
inquire/ 
3333 1900 8000 100 blind 
5555 1950 8000 50 blind 
total pot: 150 
/inquire 
recv from player 7777: check
send inquire msg to player 6666 
inquire/ 
7777 1900 8000 100 call 
3333 1900 8000 100 blind 
5555 1950 8000 50 blind 
total pot: 250 
/inquire 
recv from player 6666: check
send inquire msg to player 1111 
inquire/ 
6666 1900 8000 100 call 
7777 1900 8000 100 call 
3333 1900 8000 100 blind 
5555 1950 8000 50 blind 
total pot: 350 
/inquire 
recv from player 1111: fold
send inquire msg to player 8888 
inquire/ 
1111 2000 8000 0 fold 
6666 1900 8000 100 call 
7777 1900 8000 100 call 
3333 1900 8000 100 blind 
5555 1950 8000 50 blind 
total pot: 350 
/inquire 
recv from player 8888: check
send inquire msg to player 4444 
inquire/ 
8888 1900 8000 100 call 
1111 2000 8000 0 fold 
6666 1900 8000 100 call 
7777 1900 8000 100 call 
3333 1900 8000 100 blind 
5555 1950 8000 50 blind 
total pot: 450 
/inquire 
recv from player 4444: check
send inquire msg to player 2222 
inquire/ 
4444 1900 8000 100 call 
8888 1900 8000 100 call 
1111 2000 8000 0 fold 
6666 1900 8000 100 call 
7777 1900 8000 100 call 
3333 1900 8000 100 blind 
5555 1950 8000 50 blind 
total pot: 550 
/inquire 
recv from player 2222: fold
send inquire msg to player 5555 
inquire/ 
2222 2000 8000 0 fold 
4444 1900 8000 100 call 
8888 1900 8000 100 call 
1111 2000 8000 0 fold 
6666 1900 8000 100 call 
7777 1900 8000 100 call 
3333 1900 8000 100 blind 
5555 1950 8000 50 blind 
total pot: 550 
/inquire 
recv from player 5555: check
send inquire msg to player 3333 
inquire/ 
5555 1900 8000 100 call 
2222 2000 8000 0 fold 
4444 1900 8000 100 call 
8888 1900 8000 100 call 
1111 2000 8000 0 fold 
6666 1900 8000 100 call 
7777 1900 8000 100 call 
3333 1900 8000 100 blind 
total pot: 600 
/inquire 
recv from player 3333: check
flop/ 
HEARTS K 
DIAMONDS 8 
SPADES 7 
/flop 

---flop round bet---
valid player: 8, all in player: 0, fold player: 2
send inquire msg to player 5555 
inquire/ 
2222 2000 8000 0 fold 
4444 1900 8000 100 call 
8888 1900 8000 100 call 
1111 2000 8000 0 fold 
6666 1900 8000 100 call 
7777 1900 8000 100 call 
3333 1900 8000 100 check 
5555 1900 8000 100 call 
total pot: 600 
/inquire 
recv from player 5555: raise 0
send inquire msg to player 3333 
inquire/ 
5555 1800 8000 200 raise 
2222 2000 8000 0 fold 
4444 1900 8000 100 call 
8888 1900 8000 100 call 
1111 2000 8000 0 fold 
6666 1900 8000 100 call 
7777 1900 8000 100 call 
3333 1900 8000 100 check 
total pot: 700 
/inquire 
recv from player 3333: check
send inquire msg to player 7777 
inquire/ 
3333 1800 8000 200 call 
5555 1800 8000 200 raise 
2222 2000 8000 0 fold 
4444 1900 8000 100 call 
8888 1900 8000 100 call 
1111 2000 8000 0 fold 
6666 1900 8000 100 call 
7777 1900 8000 100 call 
total pot: 800 
/inquire 
recv from player 7777: check
send inquire msg to player 6666 
inquire/ 
7777 1800 8000 200 call 
3333 1800 8000 200 call 
5555 1800 8000 200 raise 
2222 2000 8000 0 fold 
4444 1900 8000 100 call 
8888 1900 8000 100 call 
1111 2000 8000 0 fold 
6666 1900 8000 100 call 
total pot: 900 
/inquire 
recv from player 6666: fold
send inquire msg to player 1111 
inquire/ 
6666 1900 8000 100 fold 
7777 1800 8000 200 call 
3333 1800 8000 200 call 
5555 1800 8000 200 raise 
2222 2000 8000 0 fold 
4444 1900 8000 100 call 
8888 1900 8000 100 call 
1111 2000 8000 0 fold 
total pot: 900 
/inquire 
send inquire msg to player 8888 
inquire/ 
1111 2000 8000 0 fold 
6666 1900 8000 100 fold 
7777 1800 8000 200 call 
3333 1800 8000 200 call 
5555 1800 8000 200 raise 
2222 2000 8000 0 fold 
4444 1900 8000 100 call 
8888 1900 8000 100 call 
total pot: 900 
/inquire 
recv from player 8888: check
send inquire msg to player 4444 
inquire/ 
8888 1800 8000 200 call 
1111 2000 8000 0 fold 
6666 1900 8000 100 fold 
7777 1800 8000 200 call 
3333 1800 8000 200 call 
5555 1800 8000 200 raise 
2222 2000 8000 0 fold 
4444 1900 8000 100 call 
total pot: 1000 
/inquire 
recv from player 4444: fold
turn/ 
HEARTS 4 
/turn 

---turn round bet---
valid player: 8, all in player: 0, fold player: 4
send inquire msg to player 5555 
inquire/ 
2222 2000 8000 0 fold 
4444 1900 8000 100 fold 
8888 1800 8000 200 call 
1111 2000 8000 0 fold 
6666 1900 8000 100 fold 
7777 1800 8000 200 call 
3333 1800 8000 200 call 
5555 1800 8000 200 raise 
total pot: 1000 
/inquire 
recv from player 5555: check
send inquire msg to player 3333 
inquire/ 
5555 1800 8000 200 check 
2222 2000 8000 0 fold 
4444 1900 8000 100 fold 
8888 1800 8000 200 call 
1111 2000 8000 0 fold 
6666 1900 8000 100 fold 
7777 1800 8000 200 call 
3333 1800 8000 200 call 
total pot: 1000 
/inquire 
recv from player 3333: check
send inquire msg to player 7777 
inquire/ 
3333 1800 8000 200 check 
5555 1800 8000 200 check 
2222 2000 8000 0 fold 
4444 1900 8000 100 fold 
8888 1800 8000 200 call 
1111 2000 8000 0 fold 
6666 1900 8000 100 fold 
7777 1800 8000 200 call 
total pot: 1000 
/inquire 
recv from player 7777: check
send inquire msg to player 6666 
inquire/ 
7777 1800 8000 200 check 
3333 1800 8000 200 check 
5555 1800 8000 200 check 
2222 2000 8000 0 fold 
4444 1900 8000 100 fold 
8888 1800 8000 200 call 
1111 2000 8000 0 fold 
6666 1900 8000 100 fold 
total pot: 1000 
/inquire 
send inquire msg to player 1111 
inquire/ 
6666 1900 8000 100 fold 
7777 1800 8000 200 check 
3333 1800 8000 200 check 
5555 1800 8000 200 check 
2222 2000 8000 0 fold 
4444 1900 8000 100 fold 
8888 1800 8000 200 call 
1111 2000 8000 0 fold 
total pot: 1000 
/inquire 
send inquire msg to player 8888 
inquire/ 
1111 2000 8000 0 fold 
6666 1900 8000 100 fold 
7777 1800 8000 200 check 
3333 1800 8000 200 check 
5555 1800 8000 200 check 
2222 2000 8000 0 fold 
4444 1900 8000 100 fold 
8888 1800 8000 200 call 
total pot: 1000 
/inquire 
recv from player 8888: check
river/ 
SPADES 8 
/river 

---river round bet---
valid player: 8, all in player: 0, fold player: 4
send inquire msg to player 5555 
inquire/ 
2222 2000 8000 0 fold 
4444 1900 8000 100 fold 
8888 1800 8000 200 check 
1111 2000 8000 0 fold 
6666 1900 8000 100 fold 
7777 1800 8000 200 check 
3333 1800 8000 200 check 
5555 1800 8000 200 check 
total pot: 1000 
/inquire 
recv from player 5555: raise 0
send inquire msg to player 3333 
inquire/ 
5555 1700 8000 300 raise 
2222 2000 8000 0 fold 
4444 1900 8000 100 fold 
8888 1800 8000 200 check 
1111 2000 8000 0 fold 
6666 1900 8000 100 fold 
7777 1800 8000 200 check 
3333 1800 8000 200 check 
total pot: 1100 
/inquire 
recv from player 3333: check
send inquire msg to player 7777 
inquire/ 
3333 1700 8000 300 call 
5555 1700 8000 300 raise 
2222 2000 8000 0 fold 
4444 1900 8000 100 fold 
8888 1800 8000 200 check 
1111 2000 8000 0 fold 
6666 1900 8000 100 fold 
7777 1800 8000 200 check 
total pot: 1200 
/inquire 
recv from player 7777: fold
send inquire msg to player 6666 
inquire/ 
7777 1800 8000 200 fold 
3333 1700 8000 300 call 
5555 1700 8000 300 raise 
2222 2000 8000 0 fold 
4444 1900 8000 100 fold 
8888 1800 8000 200 check 
1111 2000 8000 0 fold 
6666 1900 8000 100 fold 
total pot: 1200 
/inquire 
send inquire msg to player 1111 
inquire/ 
6666 1900 8000 100 fold 
7777 1800 8000 200 fold 
3333 1700 8000 300 call 
5555 1700 8000 300 raise 
2222 2000 8000 0 fold 
4444 1900 8000 100 fold 
8888 1800 8000 200 check 
1111 2000 8000 0 fold 
total pot: 1200 
/inquire 
send inquire msg to player 8888 
inquire/ 
1111 2000 8000 0 fold 
6666 1900 8000 100 fold 
7777 1800 8000 200 fold 
3333 1700 8000 300 call 
5555 1700 8000 300 raise 
2222 2000 8000 0 fold 
4444 1900 8000 100 fold 
8888 1800 8000 200 check 
total pot: 1200 
/inquire 
recv from player 8888: check

---show down---
showdown/ 
common/ 
HEARTS K 
DIAMONDS 8 
SPADES 7 
HEARTS 4 
SPADES 8 
/common 
3: 5555 SPADES 3 HEARTS 10 ONE_PAIR 
2: 3333 SPADES K DIAMONDS 9 TWO_PAIR 
1: 8888 HEARTS 6 CLUBS 8 THREE_OF_A_KIND 
/showdown 

---Allocate pot---
pot-win/ 
8888: 1300 
/pot-win 
it is player 5555's turn to be button

-----2 Hand-----

----- clean player data in socket -----
seat/ 
button: 5555 1700 8000 
small blind: 3333 1700 8000 
big blind: 7777 1800 8000 
6666 1900 8000 
1111 2000 8000 
8888 3000 8000 
4444 1900 8000 
2222 2000 8000 
/seat 
blind/ 
3333: 50 
7777: 100 
/blind 
player 3333:hold/ 
DIAMONDS 7 
HEARTS 9 
/hold 
player 7777:hold/ 
HEARTS 7 
DIAMONDS A 
/hold 
player 6666:hold/ 
SPADES 4 
HEARTS 8 
/hold 
player 1111:hold/ 
CLUBS 4 
SPADES Q 
/hold 
player 8888:hold/ 
HEARTS K 
DIAMONDS 4 
/hold 
player 4444:hold/ 
DIAMONDS 8 
DIAMONDS J 
/hold 
player 2222:hold/ 
DIAMONDS Q 
CLUBS 6 
/hold 
player 5555:hold/ 
SPADES 7 
HEARTS 5 
/hold 

---pre flop round bet---
valid player: 8, all in player: 0, fold player: 0
send inquire msg to player 6666 
inquire/ 
7777 1700 8000 100 blind 
3333 1650 8000 50 blind 
total pot: 150 
/inquire 
recv from player 6666: check
send inquire msg to player 1111 
inquire/ 
6666 1800 8000 100 call 
7777 1700 8000 100 blind 
3333 1650 8000 50 blind 
total pot: 250 
/inquire 
recv from player 1111: check
send inquire msg to player 8888 
inquire/ 
1111 1900 8000 100 call 
6666 1800 8000 100 call 
7777 1700 8000 100 blind 
3333 1650 8000 50 blind 
total pot: 350 
/inquire 
recv from player 8888: check
send inquire msg to player 4444 
inquire/ 
8888 2900 8000 100 call 
1111 1900 8000 100 call 
6666 1800 8000 100 call 
7777 1700 8000 100 blind 
3333 1650 8000 50 blind 
total pot: 450 
/inquire 
recv from player 4444: raise 169
send inquire msg to player 2222 
inquire/ 
4444 1631 8000 269 raise 
8888 2900 8000 100 call 
1111 1900 8000 100 call 
6666 1800 8000 100 call 
7777 1700 8000 100 blind 
3333 1650 8000 50 blind 
total pot: 719 
/inquire 
recv from player 2222: check
send inquire msg to player 5555 
inquire/ 
2222 1731 8000 269 call 
4444 1631 8000 269 raise 
8888 2900 8000 100 call 
1111 1900 8000 100 call 
6666 1800 8000 100 call 
7777 1700 8000 100 blind 
3333 1650 8000 50 blind 
total pot: 988 
/inquire 
recv from player 5555: check
send inquire msg to player 3333 
inquire/ 
5555 1431 8000 269 call 
2222 1731 8000 269 call 
4444 1631 8000 269 raise 
8888 2900 8000 100 call 
1111 1900 8000 100 call 
6666 1800 8000 100 call 
7777 1700 8000 100 blind 
3333 1650 8000 50 blind 
total pot: 1257 
/inquire 
recv from player 3333: check
send inquire msg to player 7777 
inquire/ 
3333 1431 8000 269 call 
5555 1431 8000 269 call 
2222 1731 8000 269 call 
4444 1631 8000 269 raise 
8888 2900 8000 100 call 
1111 1900 8000 100 call 
6666 1800 8000 100 call 
7777 1700 8000 100 blind 
total pot: 1476 
/inquire 
recv from player 7777: check
send inquire msg to player 6666 
inquire/ 
7777 1531 8000 269 call 
3333 1431 8000 269 call 
5555 1431 8000 269 call 
2222 1731 8000 269 call 
4444 1631 8000 269 raise 
8888 2900 8000 100 call 
1111 1900 8000 100 call 
6666 1800 8000 100 call 
total pot: 1645 
/inquire 
recv from player 6666: check
send inquire msg to player 1111 
inquire/ 
6666 1631 8000 269 call 
7777 1531 8000 269 call 
3333 1431 8000 269 call 
5555 1431 8000 269 call 
2222 1731 8000 269 call 
4444 1631 8000 269 raise 
8888 2900 8000 100 call 
1111 1900 8000 100 call 
total pot: 1814 
/inquire 
recv from player 1111: fold
send inquire msg to player 8888 
inquire/ 
1111 1900 8000 100 fold 
6666 1631 8000 269 call 
7777 1531 8000 269 call 
3333 1431 8000 269 call 
5555 1431 8000 269 call 
2222 1731 8000 269 call 
4444 1631 8000 269 raise 
8888 2900 8000 100 call 
total pot: 1814 
/inquire 
recv from player 8888: check
flop/ 
DIAMONDS 5 
DIAMONDS 9 
SPADES 5 
/flop 

---flop round bet---
valid player: 8, all in player: 0, fold player: 1
send inquire msg to player 3333 
inquire/ 
5555 1431 8000 269 call 
2222 1731 8000 269 call 
4444 1631 8000 269 raise 
8888 2731 8000 269 call 
1111 1900 8000 100 fold 
6666 1631 8000 269 call 
7777 1531 8000 269 call 
3333 1431 8000 269 call 
total pot: 1983 
/inquire 
recv from player 3333: check
send inquire msg to player 7777 
inquire/ 
3333 1431 8000 269 check 
5555 1431 8000 269 call 
2222 1731 8000 269 call 
4444 1631 8000 269 raise 
8888 2731 8000 269 call 
1111 1900 8000 100 fold 
6666 1631 8000 269 call 
7777 1531 8000 269 call 
total pot: 1983 
/inquire 
recv from player 7777: check
send inquire msg to player 6666 
inquire/ 
7777 1531 8000 269 check 
3333 1431 8000 269 check 
5555 1431 8000 269 call 
2222 1731 8000 269 call 
4444 1631 8000 269 raise 
8888 2731 8000 269 call 
1111 1900 8000 100 fold 
6666 1631 8000 269 call 
total pot: 1983 
/inquire 
recv from player 6666: check
send inquire msg to player 1111 
inquire/ 
6666 1631 8000 269 check 
7777 1531 8000 269 check 
3333 1431 8000 269 check 
5555 1431 8000 269 call 
2222 1731 8000 269 call 
4444 1631 8000 269 raise 
8888 2731 8000 269 call 
1111 1900 8000 100 fold 
total pot: 1983 
/inquire 
send inquire msg to player 8888 
inquire/ 
1111 1900 8000 100 fold 
6666 1631 8000 269 check 
7777 1531 8000 269 check 
3333 1431 8000 269 check 
5555 1431 8000 269 call 
2222 1731 8000 269 call 
4444 1631 8000 269 raise 
8888 2731 8000 269 call 
total pot: 1983 
/inquire 
recv from player 8888: check
send inquire msg to player 4444 
inquire/ 
8888 2731 8000 269 check 
1111 1900 8000 100 fold 
6666 1631 8000 269 check 
7777 1531 8000 269 check 
3333 1431 8000 269 check 
5555 1431 8000 269 call 
2222 1731 8000 269 call 
4444 1631 8000 269 raise 
total pot: 1983 
/inquire 
recv from player 4444: check
send inquire msg to player 2222 
inquire/ 
4444 1631 8000 269 check 
8888 2731 8000 269 check 
1111 1900 8000 100 fold 
6666 1631 8000 269 check 
7777 1531 8000 269 check 
3333 1431 8000 269 check 
5555 1431 8000 269 call 
2222 1731 8000 269 call 
total pot: 1983 
/inquire 
recv from player 2222: fold
send inquire msg to player 5555 
inquire/ 
2222 1731 8000 269 fold 
4444 1631 8000 269 check 
8888 2731 8000 269 check 
1111 1900 8000 100 fold 
6666 1631 8000 269 check 
7777 1531 8000 269 check 
3333 1431 8000 269 check 
5555 1431 8000 269 call 
total pot: 1983 
/inquire 
recv from player 5555: check
turn/ 
DIAMONDS 2 
/turn 

---turn round bet---
valid player: 8, all in player: 0, fold player: 2
send inquire msg to player 3333 
inquire/ 
5555 1431 8000 269 check 
2222 1731 8000 269 fold 
4444 1631 8000 269 check 
8888 2731 8000 269 check 
1111 1900 8000 100 fold 
6666 1631 8000 269 check 
7777 1531 8000 269 check 
3333 1431 8000 269 check 
total pot: 1983 
/inquire 
recv from player 3333: check
send inquire msg to player 7777 
inquire/ 
3333 1431 8000 269 check 
5555 1431 8000 269 check 
2222 1731 8000 269 fold 
4444 1631 8000 269 check 
8888 2731 8000 269 check 
1111 1900 8000 100 fold 
6666 1631 8000 269 check 
7777 1531 8000 269 check 
total pot: 1983 
/inquire 
recv from player 7777: check
send inquire msg to player 6666 
inquire/ 
7777 1531 8000 269 check 
3333 1431 8000 269 check 
5555 1431 8000 269 check 
2222 1731 8000 269 fold 
4444 1631 8000 269 check 
8888 2731 8000 269 check 
1111 1900 8000 100 fold 
6666 1631 8000 269 check 
total pot: 1983 
/inquire 
recv from player 6666: check
send inquire msg to player 1111 
inquire/ 
6666 1631 8000 269 check 
7777 1531 8000 269 check 
3333 1431 8000 269 check 
5555 1431 8000 269 check 
2222 1731 8000 269 fold 
4444 1631 8000 269 check 
8888 2731 8000 269 check 
1111 1900 8000 100 fold 
total pot: 1983 
/inquire 
send inquire msg to player 8888 
inquire/ 
1111 1900 8000 100 fold 
6666 1631 8000 269 check 
7777 1531 8000 269 check 
3333 1431 8000 269 check 
5555 1431 8000 269 check 
2222 1731 8000 269 fold 
4444 1631 8000 269 check 
8888 2731 8000 269 check 
total pot: 1983 
/inquire 
recv from player 8888: check
send inquire msg to player 4444 
inquire/ 
8888 2731 8000 269 check 
1111 1900 8000 100 fold 
6666 1631 8000 269 check 
7777 1531 8000 269 check 
3333 1431 8000 269 check 
5555 1431 8000 269 check 
2222 1731 8000 269 fold 
4444 1631 8000 269 check 
total pot: 1983 
/inquire 
recv from player 4444: raise 419
send inquire msg to player 2222 
inquire/ 
4444 1212 8000 688 raise 
8888 2731 8000 269 check 
1111 1900 8000 100 fold 
6666 1631 8000 269 check 
7777 1531 8000 269 check 
3333 1431 8000 269 check 
5555 1431 8000 269 check 
2222 1731 8000 269 fold 
total pot: 2402 
/inquire 
send inquire msg to player 5555 
inquire/ 
2222 1731 8000 269 fold 
4444 1212 8000 688 raise 
8888 2731 8000 269 check 
1111 1900 8000 100 fold 
6666 1631 8000 269 check 
7777 1531 8000 269 check 
3333 1431 8000 269 check 
5555 1431 8000 269 check 
total pot: 2402 
/inquire 
recv from player 5555: raise 0
send inquire msg to player 3333 
inquire/ 
5555 593 8000 1107 raise 
2222 1731 8000 269 fold 
4444 1212 8000 688 raise 
8888 2731 8000 269 check 
1111 1900 8000 100 fold 
6666 1631 8000 269 check 
7777 1531 8000 269 check 
3333 1431 8000 269 check 
total pot: 3240 
/inquire 
recv from player 3333: check
send inquire msg to player 7777 
inquire/ 
3333 593 8000 1107 call 
5555 593 8000 1107 raise 
2222 1731 8000 269 fold 
4444 1212 8000 688 raise 
8888 2731 8000 269 check 
1111 1900 8000 100 fold 
6666 1631 8000 269 check 
7777 1531 8000 269 check 
total pot: 4078 
/inquire 
recv from player 7777: fold
send inquire msg to player 6666 
inquire/ 
7777 1531 8000 269 fold 
3333 593 8000 1107 call 
5555 593 8000 1107 raise 
2222 1731 8000 269 fold 
4444 1212 8000 688 raise 
8888 2731 8000 269 check 
1111 1900 8000 100 fold 
6666 1631 8000 269 check 
total pot: 4078 
/inquire 
recv from player 6666: fold
send inquire msg to player 1111 
inquire/ 
6666 1631 8000 269 fold 
7777 1531 8000 269 fold 
3333 593 8000 1107 call 
5555 593 8000 1107 raise 
2222 1731 8000 269 fold 
4444 1212 8000 688 raise 
8888 2731 8000 269 check 
1111 1900 8000 100 fold 
total pot: 4078 
/inquire 
send inquire msg to player 8888 
inquire/ 
1111 1900 8000 100 fold 
6666 1631 8000 269 fold 
7777 1531 8000 269 fold 
3333 593 8000 1107 call 
5555 593 8000 1107 raise 
2222 1731 8000 269 fold 
4444 1212 8000 688 raise 
8888 2731 8000 269 check 
total pot: 4078 
/inquire 
recv from player 8888: check
send inquire msg to player 4444 
inquire/ 
8888 1893 8000 1107 call 
1111 1900 8000 100 fold 
6666 1631 8000 269 fold 
7777 1531 8000 269 fold 
3333 593 8000 1107 call 
5555 593 8000 1107 raise 
2222 1731 8000 269 fold 
4444 1212 8000 688 raise 
total pot: 4916 
/inquire 
recv from player 4444: check
river/ 
SPADES 6 
/river 

---river round bet---
valid player: 8, all in player: 0, fold player: 4
send inquire msg to player 3333 
inquire/ 
5555 593 8000 1107 raise 
2222 1731 8000 269 fold 
4444 793 8000 1107 call 
8888 1893 8000 1107 call 
1111 1900 8000 100 fold 
6666 1631 8000 269 fold 
7777 1531 8000 269 fold 
3333 593 8000 1107 call 
total pot: 5335 
/inquire 
recv from player 3333: check
send inquire msg to player 7777 
inquire/ 
3333 593 8000 1107 check 
5555 593 8000 1107 raise 
2222 1731 8000 269 fold 
4444 793 8000 1107 call 
8888 1893 8000 1107 call 
1111 1900 8000 100 fold 
6666 1631 8000 269 fold 
7777 1531 8000 269 fold 
total pot: 5335 
/inquire 
send inquire msg to player 6666 
inquire/ 
7777 1531 8000 269 fold 
3333 593 8000 1107 check 
5555 593 8000 1107 raise 
2222 1731 8000 269 fold 
4444 793 8000 1107 call 
8888 1893 8000 1107 call 
1111 1900 8000 100 fold 
6666 1631 8000 269 fold 
total pot: 5335 
/inquire 
send inquire msg to player 1111 
inquire/ 
6666 1631 8000 269 fold 
7777 1531 8000 269 fold 
3333 593 8000 1107 check 
5555 593 8000 1107 raise 
2222 1731 8000 269 fold 
4444 793 8000 1107 call 
8888 1893 8000 1107 call 
1111 1900 8000 100 fold 
total pot: 5335 
/inquire 
send inquire msg to player 8888 
inquire/ 
1111 1900 8000 100 fold 
6666 1631 8000 269 fold 
7777 1531 8000 269 fold 
3333 593 8000 1107 check 
5555 593 8000 1107 raise 
2222 1731 8000 269 fold 
4444 793 8000 1107 call 
8888 1893 8000 1107 call 
total pot: 5335 
/inquire 
recv from player 8888: check
send inquire msg to player 4444 
inquire/ 
8888 1893 8000 1107 check 
1111 1900 8000 100 fold 
6666 1631 8000 269 fold 
7777 1531 8000 269 fold 
3333 593 8000 1107 check 
5555 593 8000 1107 raise 
2222 1731 8000 269 fold 
4444 793 8000 1107 call 
total pot: 5335 
/inquire 
recv from player 4444: fold
send inquire msg to player 2222 
inquire/ 
4444 793 8000 1107 fold 
8888 1893 8000 1107 check 
1111 1900 8000 100 fold 
6666 1631 8000 269 fold 
7777 1531 8000 269 fold 
3333 593 8000 1107 check 
5555 593 8000 1107 raise 
2222 1731 8000 269 fold 
total pot: 5335 
/inquire 
send inquire msg to player 5555 
inquire/ 
2222 1731 8000 269 fold 
4444 793 8000 1107 fold 
8888 1893 8000 1107 check 
1111 1900 8000 100 fold 
6666 1631 8000 269 fold 
7777 1531 8000 269 fold 
3333 593 8000 1107 check 
5555 593 8000 1107 raise 
total pot: 5335 
/inquire 
recv from player 5555: raise 0
send inquire msg to player 3333 
inquire/ 
5555 493 8000 1207 raise 
2222 1731 8000 269 fold 
4444 793 8000 1107 fold 
8888 1893 8000 1107 check 
1111 1900 8000 100 fold 
6666 1631 8000 269 fold 
7777 1531 8000 269 fold 
3333 593 8000 1107 check 
total pot: 5435 
/inquire 
recv from player 3333: check
send inquire msg to player 7777 
inquire/ 
3333 493 8000 1207 call 
5555 493 8000 1207 raise 
2222 1731 8000 269 fold 
4444 793 8000 1107 fold 
8888 1893 8000 1107 check 
1111 1900 8000 100 fold 
6666 1631 8000 269 fold 
7777 1531 8000 269 fold 
total pot: 5535 
/inquire 
send inquire msg to player 6666 
inquire/ 
7777 1531 8000 269 fold 
3333 493 8000 1207 call 
5555 493 8000 1207 raise 
2222 1731 8000 269 fold 
4444 793 8000 1107 fold 
8888 1893 8000 1107 check 
1111 1900 8000 100 fold 
6666 1631 8000 269 fold 
total pot: 5535 
/inquire 
send inquire msg to player 1111 
inquire/ 
6666 1631 8000 269 fold 
7777 1531 8000 269 fold 
3333 493 8000 1207 call 
5555 493 8000 1207 raise 
2222 1731 8000 269 fold 
4444 793 8000 1107 fold 
8888 1893 8000 1107 check 
1111 1900 8000 100 fold 
total pot: 5535 
/inquire 
send inquire msg to player 8888 
inquire/ 
1111 1900 8000 100 fold 
6666 1631 8000 269 fold 
7777 1531 8000 269 fold 
3333 493 8000 1207 call 
5555 493 8000 1207 raise 
2222 1731 8000 269 fold 
4444 793 8000 1107 fold 
8888 1893 8000 1107 check 
total pot: 5535 
/inquire 
recv from player 8888: check

---show down---
showdown/ 
common/ 
DIAMONDS 5 
DIAMONDS 9 
SPADES 5 
DIAMONDS 2 
SPADES 6 
/common 
2: 3333 DIAMONDS 7 HEARTS 9 TWO_PAIR 
3: 8888 HEARTS K DIAMONDS 4 ONE_PAIR 
1: 5555 SPADES 7 HEARTS 5 THREE_OF_A_KIND 
/showdown 

---Allocate pot---
pot-win/ 
5555: 5635 
/pot-win 
it is player 3333's turn to be button

-----3 Hand-----

----- clean player data in socket -----
seat/ 
button: 3333 493 8000 
small blind: 7777 1531 8000 
big blind: 6666 1631 8000 
1111 1900 8000 
8888 1793 8000 
4444 793 8000 
2222 1731 8000 
5555 6128 8000 
/seat 
blind/ 
7777: 50 
6666: 100 
/blind 
player 7777:hold/ 
CLUBS 6 
HEARTS 4 
/hold 
player 6666:hold/ 
SPADES 7 
DIAMONDS 8 
/hold 
player 1111:hold/ 
CLUBS K 
SPADES 8 
/hold 
player 8888:hold/ 
HEARTS Q 
SPADES 10 
/hold 
player 4444:hold/ 
DIAMONDS J 
CLUBS 9 
/hold 
player 2222:hold/ 
DIAMONDS Q 
SPADES 5 
/hold 
player 5555:hold/ 
SPADES A 
SPADES Q 
/hold 
player 3333:hold/ 
CLUBS 4 
CLUBS A 
/hold 

---pre flop round bet---
valid player: 8, all in player: 0, fold player: 0
send inquire msg to player 1111 
inquire/ 
6666 1531 8000 100 blind 
7777 1481 8000 50 blind 
total pot: 150 
/inquire 
recv from player 1111: check
send inquire msg to player 8888 
inquire/ 
1111 1800 8000 100 call 
6666 1531 8000 100 blind 
7777 1481 8000 50 blind 
total pot: 250 
/inquire 
recv from player 8888: check
send inquire msg to player 4444 
inquire/ 
8888 1693 8000 100 call 
1111 1800 8000 100 call 
6666 1531 8000 100 blind 
7777 1481 8000 50 blind 
total pot: 350 
/inquire 
recv from player 4444: check
send inquire msg to player 2222 
inquire/ 
4444 693 8000 100 call 
8888 1693 8000 100 call 
1111 1800 8000 100 call 
6666 1531 8000 100 blind 
7777 1481 8000 50 blind 
total pot: 450 
/inquire 
recv from player 2222: fold
send inquire msg to player 5555 
inquire/ 
2222 1731 8000 0 fold 
4444 693 8000 100 call 
8888 1693 8000 100 call 
1111 1800 8000 100 call 
6666 1531 8000 100 blind 
7777 1481 8000 50 blind 
total pot: 450 
/inquire 
recv from player 5555: check
send inquire msg to player 3333 
inquire/ 
5555 6028 8000 100 call 
2222 1731 8000 0 fold 
4444 693 8000 100 call 
8888 1693 8000 100 call 
1111 1800 8000 100 call 
6666 1531 8000 100 blind 
7777 1481 8000 50 blind 
total pot: 550 
/inquire 
recv from player 3333: check
send inquire msg to player 7777 
inquire/ 
3333 393 8000 100 call 
5555 6028 8000 100 call 
2222 1731 8000 0 fold 
4444 693 8000 100 call 
8888 1693 8000 100 call 
1111 1800 8000 100 call 
6666 1531 8000 100 blind 
7777 1481 8000 50 blind 
total pot: 650 
/inquire 
recv from player 7777: check
send inquire msg to player 6666 
inquire/ 
7777 1431 8000 100 call 
3333 393 8000 100 call 
5555 6028 8000 100 call 
2222 1731 8000 0 fold 
4444 693 8000 100 call 
8888 1693 8000 100 call 
1111 1800 8000 100 call 
6666 1531 8000 100 blind 
total pot: 700 
/inquire 
recv from player 6666: check
flop/ 
CLUBS 8 
CLUBS J 
HEARTS 6 
/flop 

---flop round bet---
valid player: 8, all in player: 0, fold player: 1
send inquire msg to player 7777 
inquire/ 
3333 393 8000 100 call 
5555 6028 8000 100 call 
2222 1731 8000 0 fold 
4444 693 8000 100 call 
8888 1693 8000 100 call 
1111 1800 8000 100 call 
6666 1531 8000 100 check 
7777 1431 8000 100 call 
total pot: 700 
/inquire 
recv from player 7777: check
send inquire msg to player 6666 
inquire/ 
7777 1431 8000 100 check 
3333 393 8000 100 call 
5555 6028 8000 100 call 
2222 1731 8000 0 fold 
4444 693 8000 100 call 
8888 1693 8000 100 call 
1111 1800 8000 100 call 
6666 1531 8000 100 check 
total pot: 700 
/inquire 
recv from player 6666: check
send inquire msg to player 1111 
inquire/ 
6666 1531 8000 100 check 
7777 1431 8000 100 check 
3333 393 8000 100 call 
5555 6028 8000 100 call 
2222 1731 8000 0 fold 
4444 693 8000 100 call 
8888 1693 8000 100 call 
1111 1800 8000 100 call 
total pot: 700 
/inquire 
recv from player 1111: fold
send inquire msg to player 8888 
inquire/ 
1111 1800 8000 100 fold 
6666 1531 8000 100 check 
7777 1431 8000 100 check 
3333 393 8000 100 call 
5555 6028 8000 100 call 
2222 1731 8000 0 fold 
4444 693 8000 100 call 
8888 1693 8000 100 call 
total pot: 700 
/inquire 
recv from player 8888: check
send inquire msg to player 4444 
inquire/ 
8888 1693 8000 100 check 
1111 1800 8000 100 fold 
6666 1531 8000 100 check 
7777 1431 8000 100 check 
3333 393 8000 100 call 
5555 6028 8000 100 call 
2222 1731 8000 0 fold 
4444 693 8000 100 call 
total pot: 700 
/inquire 
recv from player 4444: check
send inquire msg to player 2222 
inquire/ 
4444 693 8000 100 check 
8888 1693 8000 100 check 
1111 1800 8000 100 fold 
6666 1531 8000 100 check 
7777 1431 8000 100 check 
3333 393 8000 100 call 
5555 6028 8000 100 call 
2222 1731 8000 0 fold 
total pot: 700 
/inquire 
send inquire msg to player 5555 
inquire/ 
2222 1731 8000 0 fold 
4444 693 8000 100 check 
8888 1693 8000 100 check 
1111 1800 8000 100 fold 
6666 1531 8000 100 check 
7777 1431 8000 100 check 
3333 393 8000 100 call 
5555 6028 8000 100 call 
total pot: 700 
/inquire 
recv from player 5555: check
send inquire msg to player 3333 
inquire/ 
5555 6028 8000 100 check 
2222 1731 8000 0 fold 
4444 693 8000 100 check 
8888 1693 8000 100 check 
1111 1800 8000 100 fold 
6666 1531 8000 100 check 
7777 1431 8000 100 check 
3333 393 8000 100 call 
total pot: 700 
/inquire 
recv from player 3333: check
turn/ 
DIAMONDS 7 
/turn 

---turn round bet---
valid player: 8, all in player: 0, fold player: 2
send inquire msg to player 7777 
inquire/ 
3333 393 8000 100 check 
5555 6028 8000 100 check 
2222 1731 8000 0 fold 
4444 693 8000 100 check 
8888 1693 8000 100 check 
1111 1800 8000 100 fold 
6666 1531 8000 100 check 
7777 1431 8000 100 check 
total pot: 700 
/inquire 
recv from player 7777: check
send inquire msg to player 6666 
inquire/ 
7777 1431 8000 100 check 
3333 393 8000 100 check 
5555 6028 8000 100 check 
2222 1731 8000 0 fold 
4444 693 8000 100 check 
8888 1693 8000 100 check 
1111 1800 8000 100 fold 
6666 1531 8000 100 check 
total pot: 700 
/inquire 
recv from player 6666: raise 201
send inquire msg to player 1111 
inquire/ 
6666 1330 8000 301 raise 
7777 1431 8000 100 check 
3333 393 8000 100 check 
5555 6028 8000 100 check 
2222 1731 8000 0 fold 
4444 693 8000 100 check 
8888 1693 8000 100 check 
1111 1800 8000 100 fold 
total pot: 901 
/inquire 
send inquire msg to player 8888 
inquire/ 
1111 1800 8000 100 fold 
6666 1330 8000 301 raise 
7777 1431 8000 100 check 
3333 393 8000 100 check 
5555 6028 8000 100 check 
2222 1731 8000 0 fold 
4444 693 8000 100 check 
8888 1693 8000 100 check 
total pot: 901 
/inquire 
recv from player 8888: check
send inquire msg to player 4444 
inquire/ 
8888 1492 8000 301 call 
1111 1800 8000 100 fold 
6666 1330 8000 301 raise 
7777 1431 8000 100 check 
3333 393 8000 100 check 
5555 6028 8000 100 check 
2222 1731 8000 0 fold 
4444 693 8000 100 check 
total pot: 1102 
/inquire 
recv from player 4444: check
send inquire msg to player 2222 
inquire/ 
4444 492 8000 301 call 
8888 1492 8000 301 call 
1111 1800 8000 100 fold 
6666 1330 8000 301 raise 
7777 1431 8000 100 check 
3333 393 8000 100 check 
5555 6028 8000 100 check 
2222 1731 8000 0 fold 
total pot: 1303 
/inquire 
send inquire msg to player 5555 
inquire/ 
2222 1731 8000 0 fold 
4444 492 8000 301 call 
8888 1492 8000 301 call 
1111 1800 8000 100 fold 
6666 1330 8000 301 raise 
7777 1431 8000 100 check 
3333 393 8000 100 check 
5555 6028 8000 100 check 
total pot: 1303 
/inquire 
recv from player 5555: raise 0
send inquire msg to player 3333 
inquire/ 
5555 5626 8000 502 raise 
2222 1731 8000 0 fold 
4444 492 8000 301 call 
8888 1492 8000 301 call 
1111 1800 8000 100 fold 
6666 1330 8000 301 raise 
7777 1431 8000 100 check 
3333 393 8000 100 check 
total pot: 1705 
/inquire 
recv from player 3333: check
send inquire msg to player 7777 
inquire/ 
3333 0 8000 493 all_in 
5555 5626 8000 502 raise 
2222 1731 8000 0 fold 
4444 492 8000 301 call 
8888 1492 8000 301 call 
1111 1800 8000 100 fold 
6666 1330 8000 301 raise 
7777 1431 8000 100 check 
total pot: 2098 
/inquire 
recv from player 7777: fold
send inquire msg to player 6666 
inquire/ 
7777 1431 8000 100 fold 
3333 0 8000 493 all_in 
5555 5626 8000 502 raise 
2222 1731 8000 0 fold 
4444 492 8000 301 call 
8888 1492 8000 301 call 
1111 1800 8000 100 fold 
6666 1330 8000 301 raise 
total pot: 2098 
/inquire 
recv from player 6666: check
send inquire msg to player 1111 
inquire/ 
6666 1129 8000 502 call 
7777 1431 8000 100 fold 
3333 0 8000 493 all_in 
5555 5626 8000 502 raise 
2222 1731 8000 0 fold 
4444 492 8000 301 call 
8888 1492 8000 301 call 
1111 1800 8000 100 fold 
total pot: 2299 
/inquire 
send inquire msg to player 8888 
inquire/ 
1111 1800 8000 100 fold 
6666 1129 8000 502 call 
7777 1431 8000 100 fold 
3333 0 8000 493 all_in 
5555 5626 8000 502 raise 
2222 1731 8000 0 fold 
4444 492 8000 301 call 
8888 1492 8000 301 call 
total pot: 2299 
/inquire 
recv from player 8888: check
send inquire msg to player 4444 
inquire/ 
8888 1291 8000 502 call 
1111 1800 8000 100 fold 
6666 1129 8000 502 call 
7777 1431 8000 100 fold 
3333 0 8000 493 all_in 
5555 5626 8000 502 raise 
2222 1731 8000 0 fold 
4444 492 8000 301 call 
total pot: 2500 
/inquire 
recv from player 4444: fold
river/ 
CLUBS 2 
/river 

---river round bet---
valid player: 8, all in player: 1, fold player: 4
send inquire msg to player 7777 
inquire/ 
3333 0 8000 493 all_in 
5555 5626 8000 502 raise 
2222 1731 8000 0 fold 
4444 492 8000 301 fold 
8888 1291 8000 502 call 
1111 1800 8000 100 fold 
6666 1129 8000 502 call 
7777 1431 8000 100 fold 
total pot: 2500 
/inquire 
send inquire msg to player 6666 
inquire/ 
7777 1431 8000 100 fold 
3333 0 8000 493 all_in 
5555 5626 8000 502 raise 
2222 1731 8000 0 fold 
4444 492 8000 301 fold 
8888 1291 8000 502 call 
1111 1800 8000 100 fold 
6666 1129 8000 502 call 
total pot: 2500 
/inquire 
recv from player 6666: check
send inquire msg to player 1111 
inquire/ 
6666 1129 8000 502 check 
7777 1431 8000 100 fold 
3333 0 8000 493 all_in 
5555 5626 8000 502 raise 
2222 1731 8000 0 fold 
4444 492 8000 301 fold 
8888 1291 8000 502 call 
1111 1800 8000 100 fold 
total pot: 2500 
/inquire 
send inquire msg to player 8888 
inquire/ 
1111 1800 8000 100 fold 
6666 1129 8000 502 check 
7777 1431 8000 100 fold 
3333 0 8000 493 all_in 
5555 5626 8000 502 raise 
2222 1731 8000 0 fold 
4444 492 8000 301 fold 
8888 1291 8000 502 call 
total pot: 2500 
/inquire 
recv from player 8888: check
send inquire msg to player 4444 
inquire/ 
8888 1291 8000 502 check 
1111 1800 8000 100 fold 
6666 1129 8000 502 check 
7777 1431 8000 100 fold 
3333 0 8000 493 all_in 
5555 5626 8000 502 raise 
2222 1731 8000 0 fold 
4444 492 8000 301 fold 
total pot: 2500 
/inquire 
send inquire msg to player 2222 
inquire/ 
4444 492 8000 301 fold 
8888 1291 8000 502 check 
1111 1800 8000 100 fold 
6666 1129 8000 502 check 
7777 1431 8000 100 fold 
3333 0 8000 493 all_in 
5555 5626 8000 502 raise 
2222 1731 8000 0 fold 
total pot: 2500 
/inquire 
send inquire msg to player 5555 
inquire/ 
2222 1731 8000 0 fold 
4444 492 8000 301 fold 
8888 1291 8000 502 check 
1111 1800 8000 100 fold 
6666 1129 8000 502 check 
7777 1431 8000 100 fold 
3333 0 8000 493 all_in 
5555 5626 8000 502 raise 
total pot: 2500 
/inquire 
recv from player 5555: raise 0
send inquire msg to player 3333 
inquire/ 
5555 5526 8000 602 raise 
2222 1731 8000 0 fold 
4444 492 8000 301 fold 
8888 1291 8000 502 check 
1111 1800 8000 100 fold 
6666 1129 8000 502 check 
7777 1431 8000 100 fold 
3333 0 8000 493 all_in 
total pot: 2600 
/inquire 
send inquire msg to player 7777 
inquire/ 
3333 0 8000 493 all_in 
5555 5526 8000 602 raise 
2222 1731 8000 0 fold 
4444 492 8000 301 fold 
8888 1291 8000 502 check 
1111 1800 8000 100 fold 
6666 1129 8000 502 check 
7777 1431 8000 100 fold 
total pot: 2600 
/inquire 
send inquire msg to player 6666 
inquire/ 
7777 1431 8000 100 fold 
3333 0 8000 493 all_in 
5555 5526 8000 602 raise 
2222 1731 8000 0 fold 
4444 492 8000 301 fold 
8888 1291 8000 502 check 
1111 1800 8000 100 fold 
6666 1129 8000 502 check 
total pot: 2600 
/inquire 
recv from player 6666: check
send inquire msg to player 1111 
inquire/ 
6666 1029 8000 602 call 
7777 1431 8000 100 fold 
3333 0 8000 493 all_in 
5555 5526 8000 602 raise 
2222 1731 8000 0 fold 
4444 492 8000 301 fold 
8888 1291 8000 502 check 
1111 1800 8000 100 fold 
total pot: 2700 
/inquire 
send inquire msg to player 8888 
inquire/ 
1111 1800 8000 100 fold 
6666 1029 8000 602 call 
7777 1431 8000 100 fold 
3333 0 8000 493 all_in 
5555 5526 8000 602 raise 
2222 1731 8000 0 fold 
4444 492 8000 301 fold 
8888 1291 8000 502 check 
total pot: 2700 
/inquire 
recv from player 8888: check

---show down---
showdown/ 
common/ 
CLUBS 8 
CLUBS J 
HEARTS 6 
DIAMONDS 7 
CLUBS 2 
/common 
2: 6666 SPADES 7 DIAMONDS 8 TWO_PAIR 
4: 8888 HEARTS Q SPADES 10 HIGH_CARD 
3: 5555 SPADES A SPADES Q HIGH_CARD 
1: 3333 CLUBS 4 CLUBS A FLUSH 
/showdown 

---Allocate pot---
pot-win/ 
3333: 2473 
6666: 327 
/pot-win 
it is player 7777's turn to be button

-----4 Hand-----

----- clean player data in socket -----
seat/ 
button: 7777 1431 8000 
small blind: 6666 1356 8000 
big blind: 1111 1800 8000 
8888 1191 8000 
4444 492 8000 
2222 1731 8000 
5555 5526 8000 
3333 2473 8000 
/seat 
blind/ 
6666: 50 
1111: 100 
/blind 
player 6666:hold/ 
CLUBS 3 
CLUBS 10 
/hold 
player 1111:hold/ 
DIAMONDS J 
SPADES 8 
/hold 
player 8888:hold/ 
SPADES J 
HEARTS Q 
/hold 
player 4444:hold/ 
DIAMONDS 6 
DIAMONDS 8 
/hold 
player 2222:hold/ 
DIAMONDS K 
SPADES 5 
/hold 
player 5555:hold/ 
HEARTS J 
HEARTS 8 
/hold 
player 3333:hold/ 
CLUBS 4 
DIAMONDS 5 
/hold 
player 7777:hold/ 
HEARTS 4 
SPADES 2 
/hold 

---pre flop round bet---
valid player: 8, all in player: 0, fold player: 0
send inquire msg to player 8888 
inquire/ 
1111 1700 8000 100 blind 
6666 1306 8000 50 blind 
total pot: 150 
/inquire 
recv from player 8888: check
send inquire msg to player 4444 
inquire/ 
8888 1091 8000 100 call 
1111 1700 8000 100 blind 
6666 1306 8000 50 blind 
total pot: 250 
/inquire 
recv from player 4444: check
send inquire msg to player 2222 
inquire/ 
4444 392 8000 100 call 
8888 1091 8000 100 call 
1111 1700 8000 100 blind 
6666 1306 8000 50 blind 
total pot: 350 
/inquire 
recv from player 2222: fold
send inquire msg to player 5555 
inquire/ 
2222 1731 8000 0 fold 
4444 392 8000 100 call 
8888 1091 8000 100 call 
1111 1700 8000 100 blind 
6666 1306 8000 50 blind 
total pot: 350 
/inquire 
recv from player 5555: raise 0
send inquire msg to player 3333 
inquire/ 
5555 5326 8000 200 raise 
2222 1731 8000 0 fold 
4444 392 8000 100 call 
8888 1091 8000 100 call 
1111 1700 8000 100 blind 
6666 1306 8000 50 blind 
total pot: 550 
/inquire 
recv from player 3333: check
send inquire msg to player 7777 
inquire/ 
3333 2273 8000 200 call 
5555 5326 8000 200 raise 
2222 1731 8000 0 fold 
4444 392 8000 100 call 
8888 1091 8000 100 call 
1111 1700 8000 100 blind 
6666 1306 8000 50 blind 
total pot: 750 
/inquire 
recv from player 7777: fold
send inquire msg to player 6666 
inquire/ 
7777 1431 8000 0 fold 
3333 2273 8000 200 call 
5555 5326 8000 200 raise 
2222 1731 8000 0 fold 
4444 392 8000 100 call 
8888 1091 8000 100 call 
1111 1700 8000 100 blind 
6666 1306 8000 50 blind 
total pot: 750 
/inquire 
recv from player 6666: check
send inquire msg to player 1111 
inquire/ 
6666 1156 8000 200 call 
7777 1431 8000 0 fold 
3333 2273 8000 200 call 
5555 5326 8000 200 raise 
2222 1731 8000 0 fold 
4444 392 8000 100 call 
8888 1091 8000 100 call 
1111 1700 8000 100 blind 
total pot: 900 
/inquire 
recv from player 1111: check
send inquire msg to player 8888 
inquire/ 
1111 1600 8000 200 call 
6666 1156 8000 200 call 
7777 1431 8000 0 fold 
3333 2273 8000 200 call 
5555 5326 8000 200 raise 
2222 1731 8000 0 fold 
4444 392 8000 100 call 
8888 1091 8000 100 call 
total pot: 1000 
/inquire 
recv from player 8888: check
send inquire msg to player 4444 
inquire/ 
8888 991 8000 200 call 
1111 1600 8000 200 call 
6666 1156 8000 200 call 
7777 1431 8000 0 fold 
3333 2273 8000 200 call 
5555 5326 8000 200 raise 
2222 1731 8000 0 fold 
4444 392 8000 100 call 
total pot: 1100 
/inquire 
recv from player 4444: check
flop/ 
HEARTS A 
DIAMONDS 9 
CLUBS A 
/flop 

---flop round bet---
valid player: 8, all in player: 0, fold player: 2
send inquire msg to player 6666 
inquire/ 
7777 1431 8000 0 fold 
3333 2273 8000 200 call 
5555 5326 8000 200 raise 
2222 1731 8000 0 fold 
4444 292 8000 200 call 
8888 991 8000 200 call 
1111 1600 8000 200 call 
6666 1156 8000 200 call 
total pot: 1200 
/inquire 
recv from player 6666: check
send inquire msg to player 1111 
inquire/ 
6666 1156 8000 200 check 
7777 1431 8000 0 fold 
3333 2273 8000 200 call 
5555 5326 8000 200 raise 
2222 1731 8000 0 fold 
4444 292 8000 200 call 
8888 991 8000 200 call 
1111 1600 8000 200 call 
total pot: 1200 
/inquire 
recv from player 1111: fold
send inquire msg to player 8888 
inquire/ 
