

---GAME START @ 2015-5-13-23-46-42---
reg: 3333 callbot 
reg: 1111 randombot 
reg: 7777 cleverbot 
reg: 5555 raisecallbot 
reg: 8888 callbot 
reg: 2222 randombot 
reg: 4444 simplebot 
reg: 6666 simplebot 

-----1 Hand-----

----- clean player data in socket -----
seat/ 
button: 6666 2000 8000 
small blind: 3333 2000 8000 
big blind: 8888 2000 8000 
7777 2000 8000 
4444 2000 8000 
2222 2000 8000 
1111 2000 8000 
5555 2000 8000 
/seat 
blind/ 
3333: 50 
8888: 100 
/blind 
player 3333:hold/ 
SPADES 9 
CLUBS 7 
/hold 
player 8888:hold/ 
HEARTS J 
DIAMONDS 10 
/hold 
player 7777:hold/ 
HEARTS 4 
DIAMONDS 3 
/hold 
player 4444:hold/ 
CLUBS 5 
SPADES 2 
/hold 
player 2222:hold/ 
HEARTS 7 
SPADES 8 
/hold 
player 1111:hold/ 
HEARTS 8 
CLUBS 6 
/hold 
player 5555:hold/ 
HEARTS 2 
CLUBS Q 
/hold 
player 6666:hold/ 
CLUBS 9 
HEARTS 9 
/hold 

---pre flop round bet---
valid player: 8, all in player: 0, fold player: 0
send inquire msg to player 7777 
inquire/ 
8888 1900 8000 100 blind 
3333 1950 8000 50 blind 
total pot: 150 
/inquire 
recv from player 7777: check
send inquire msg to player 4444 
inquire/ 
7777 1900 8000 100 call 
8888 1900 8000 100 blind 
3333 1950 8000 50 blind 
total pot: 250 
/inquire 
recv from player 4444: check
send inquire msg to player 2222 
inquire/ 
4444 1900 8000 100 call 
7777 1900 8000 100 call 
8888 1900 8000 100 blind 
3333 1950 8000 50 blind 
total pot: 350 
/inquire 
recv from player 2222: fold
send inquire msg to player 1111 
inquire/ 
2222 2000 8000 0 fold 
4444 1900 8000 100 call 
7777 1900 8000 100 call 
8888 1900 8000 100 blind 
3333 1950 8000 50 blind 
total pot: 350 
/inquire 
recv from player 1111: fold
send inquire msg to player 5555 
inquire/ 
1111 2000 8000 0 fold 
2222 2000 8000 0 fold 
4444 1900 8000 100 call 
7777 1900 8000 100 call 
8888 1900 8000 100 blind 
3333 1950 8000 50 blind 
total pot: 350 
/inquire 
recv from player 5555: check
send inquire msg to player 6666 
inquire/ 
5555 1900 8000 100 call 
1111 2000 8000 0 fold 
2222 2000 8000 0 fold 
4444 1900 8000 100 call 
7777 1900 8000 100 call 
8888 1900 8000 100 blind 
3333 1950 8000 50 blind 
total pot: 450 
/inquire 
recv from player 6666: raise 261
send inquire msg to player 3333 
inquire/ 
6666 1639 8000 361 raise 
5555 1900 8000 100 call 
1111 2000 8000 0 fold 
2222 2000 8000 0 fold 
4444 1900 8000 100 call 
7777 1900 8000 100 call 
8888 1900 8000 100 blind 
3333 1950 8000 50 blind 
total pot: 811 
/inquire 
recv from player 3333: check
send inquire msg to player 8888 
inquire/ 
3333 1639 8000 361 call 
6666 1639 8000 361 raise 
5555 1900 8000 100 call 
1111 2000 8000 0 fold 
2222 2000 8000 0 fold 
4444 1900 8000 100 call 
7777 1900 8000 100 call 
8888 1900 8000 100 blind 
total pot: 1122 
/inquire 
recv from player 8888: check
send inquire msg to player 7777 
inquire/ 
8888 1639 8000 361 call 
3333 1639 8000 361 call 
6666 1639 8000 361 raise 
5555 1900 8000 100 call 
1111 2000 8000 0 fold 
2222 2000 8000 0 fold 
4444 1900 8000 100 call 
7777 1900 8000 100 call 
total pot: 1383 
/inquire 
recv from player 7777: fold
send inquire msg to player 4444 
inquire/ 
7777 1900 8000 100 fold 
8888 1639 8000 361 call 
3333 1639 8000 361 call 
6666 1639 8000 361 raise 
5555 1900 8000 100 call 
1111 2000 8000 0 fold 
2222 2000 8000 0 fold 
4444 1900 8000 100 call 
total pot: 1383 
/inquire 
recv from player 4444: fold
send inquire msg to player 2222 
inquire/ 
4444 1900 8000 100 fold 
7777 1900 8000 100 fold 
8888 1639 8000 361 call 
3333 1639 8000 361 call 
6666 1639 8000 361 raise 
5555 1900 8000 100 call 
1111 2000 8000 0 fold 
2222 2000 8000 0 fold 
total pot: 1383 
/inquire 
send inquire msg to player 1111 
inquire/ 
2222 2000 8000 0 fold 
4444 1900 8000 100 fold 
7777 1900 8000 100 fold 
8888 1639 8000 361 call 
3333 1639 8000 361 call 
6666 1639 8000 361 raise 
5555 1900 8000 100 call 
1111 2000 8000 0 fold 
total pot: 1383 
/inquire 
send inquire msg to player 5555 
inquire/ 
1111 2000 8000 0 fold 
2222 2000 8000 0 fold 
4444 1900 8000 100 fold 
7777 1900 8000 100 fold 
8888 1639 8000 361 call 
3333 1639 8000 361 call 
6666 1639 8000 361 raise 
5555 1900 8000 100 call 
total pot: 1383 
/inquire 
recv from player 5555: raise 0
send inquire msg to player 6666 
inquire/ 
5555 1378 8000 622 raise 
1111 2000 8000 0 fold 
2222 2000 8000 0 fold 
4444 1900 8000 100 fold 
7777 1900 8000 100 fold 
8888 1639 8000 361 call 
3333 1639 8000 361 call 
6666 1639 8000 361 raise 
total pot: 1905 
/inquire 
recv from player 6666: check
send inquire msg to player 3333 
inquire/ 
6666 1378 8000 622 call 
5555 1378 8000 622 raise 
1111 2000 8000 0 fold 
2222 2000 8000 0 fold 
4444 1900 8000 100 fold 
7777 1900 8000 100 fold 
8888 1639 8000 361 call 
3333 1639 8000 361 call 
total pot: 2166 
/inquire 
recv from player 3333: check
send inquire msg to player 8888 
inquire/ 
3333 1378 8000 622 call 
6666 1378 8000 622 call 
5555 1378 8000 622 raise 
1111 2000 8000 0 fold 
2222 2000 8000 0 fold 
4444 1900 8000 100 fold 
7777 1900 8000 100 fold 
8888 1639 8000 361 call 
total pot: 2427 
/inquire 
recv from player 8888: check
flop/ 
DIAMONDS 7 
DIAMONDS 2 
DIAMONDS 6 
/flop 

---flop round bet---
valid player: 8, all in player: 0, fold player: 4
send inquire msg to player 3333 
inquire/ 
6666 1378 8000 622 call 
5555 1378 8000 622 raise 
1111 2000 8000 0 fold 
2222 2000 8000 0 fold 
4444 1900 8000 100 fold 
7777 1900 8000 100 fold 
8888 1378 8000 622 call 
3333 1378 8000 622 call 
total pot: 2688 
/inquire 
recv from player 3333: check
send inquire msg to player 8888 
inquire/ 
3333 1378 8000 622 check 
6666 1378 8000 622 call 
5555 1378 8000 622 raise 
1111 2000 8000 0 fold 
2222 2000 8000 0 fold 
4444 1900 8000 100 fold 
7777 1900 8000 100 fold 
8888 1378 8000 622 call 
total pot: 2688 
/inquire 
recv from player 8888: check
send inquire msg to player 7777 
inquire/ 
8888 1378 8000 622 check 
3333 1378 8000 622 check 
6666 1378 8000 622 call 
5555 1378 8000 622 raise 
1111 2000 8000 0 fold 
2222 2000 8000 0 fold 
4444 1900 8000 100 fold 
7777 1900 8000 100 fold 
total pot: 2688 
/inquire 
send inquire msg to player 4444 
inquire/ 
7777 1900 8000 100 fold 
8888 1378 8000 622 check 
3333 1378 8000 622 check 
6666 1378 8000 622 call 
5555 1378 8000 622 raise 
1111 2000 8000 0 fold 
2222 2000 8000 0 fold 
4444 1900 8000 100 fold 
total pot: 2688 
/inquire 
send inquire msg to player 2222 
inquire/ 
4444 1900 8000 100 fold 
7777 1900 8000 100 fold 
8888 1378 8000 622 check 
3333 1378 8000 622 check 
6666 1378 8000 622 call 
5555 1378 8000 622 raise 
1111 2000 8000 0 fold 
2222 2000 8000 0 fold 
total pot: 2688 
/inquire 
send inquire msg to player 1111 
inquire/ 
2222 2000 8000 0 fold 
4444 1900 8000 100 fold 
7777 1900 8000 100 fold 
8888 1378 8000 622 check 
3333 1378 8000 622 check 
6666 1378 8000 622 call 
5555 1378 8000 622 raise 
1111 2000 8000 0 fold 
total pot: 2688 
/inquire 
send inquire msg to player 5555 
inquire/ 
1111 2000 8000 0 fold 
2222 2000 8000 0 fold 
4444 1900 8000 100 fold 
7777 1900 8000 100 fold 
8888 1378 8000 622 check 
3333 1378 8000 622 check 
6666 1378 8000 622 call 
5555 1378 8000 622 raise 
total pot: 2688 
/inquire 
recv from player 5555: raise 0
send inquire msg to player 6666 
inquire/ 
5555 1278 8000 722 raise 
1111 2000 8000 0 fold 
2222 2000 8000 0 fold 
4444 1900 8000 100 fold 
7777 1900 8000 100 fold 
8888 1378 8000 622 check 
3333 1378 8000 622 check 
6666 1378 8000 622 call 
total pot: 2788 
/inquire 
recv from player 6666: check
send inquire msg to player 3333 
inquire/ 
6666 1278 8000 722 call 
5555 1278 8000 722 raise 
1111 2000 8000 0 fold 
2222 2000 8000 0 fold 
4444 1900 8000 100 fold 
7777 1900 8000 100 fold 
8888 1378 8000 622 check 
3333 1378 8000 622 check 
total pot: 2888 
/inquire 
recv from player 3333: check
send inquire msg to player 8888 
inquire/ 
3333 1278 8000 722 call 
6666 1278 8000 722 call 
5555 1278 8000 722 raise 
1111 2000 8000 0 fold 
2222 2000 8000 0 fold 
4444 1900 8000 100 fold 
7777 1900 8000 100 fold 
8888 1378 8000 622 check 
total pot: 2988 
/inquire 
recv from player 8888: check
turn/ 
SPADES 5 
/turn 

---turn round bet---
valid player: 8, all in player: 0, fold player: 4
send inquire msg to player 3333 
inquire/ 
6666 1278 8000 722 call 
5555 1278 8000 722 raise 
1111 2000 8000 0 fold 
2222 2000 8000 0 fold 
4444 1900 8000 100 fold 
7777 1900 8000 100 fold 
8888 1278 8000 722 call 
3333 1278 8000 722 call 
total pot: 3088 
/inquire 
recv from player 3333: check
send inquire msg to player 8888 
inquire/ 
3333 1278 8000 722 check 
6666 1278 8000 722 call 
5555 1278 8000 722 raise 
1111 2000 8000 0 fold 
2222 2000 8000 0 fold 
4444 1900 8000 100 fold 
7777 1900 8000 100 fold 
8888 1278 8000 722 call 
total pot: 3088 
/inquire 
recv from player 8888: check
send inquire msg to player 7777 
inquire/ 
8888 1278 8000 722 check 
3333 1278 8000 722 check 
6666 1278 8000 722 call 
5555 1278 8000 722 raise 
1111 2000 8000 0 fold 
2222 2000 8000 0 fold 
4444 1900 8000 100 fold 
7777 1900 8000 100 fold 
total pot: 3088 
/inquire 
send inquire msg to player 4444 
inquire/ 
7777 1900 8000 100 fold 
8888 1278 8000 722 check 
3333 1278 8000 722 check 
6666 1278 8000 722 call 
5555 1278 8000 722 raise 
1111 2000 8000 0 fold 
2222 2000 8000 0 fold 
4444 1900 8000 100 fold 
total pot: 3088 
/inquire 
send inquire msg to player 2222 
inquire/ 
4444 1900 8000 100 fold 
7777 1900 8000 100 fold 
8888 1278 8000 722 check 
3333 1278 8000 722 check 
6666 1278 8000 722 call 
5555 1278 8000 722 raise 
1111 2000 8000 0 fold 
2222 2000 8000 0 fold 
total pot: 3088 
/inquire 
send inquire msg to player 1111 
inquire/ 
2222 2000 8000 0 fold 
4444 1900 8000 100 fold 
7777 1900 8000 100 fold 
8888 1278 8000 722 check 
3333 1278 8000 722 check 
6666 1278 8000 722 call 
5555 1278 8000 722 raise 
1111 2000 8000 0 fold 
total pot: 3088 
/inquire 
send inquire msg to player 5555 
inquire/ 
1111 2000 8000 0 fold 
2222 2000 8000 0 fold 
4444 1900 8000 100 fold 
7777 1900 8000 100 fold 
8888 1278 8000 722 check 
3333 1278 8000 722 check 
6666 1278 8000 722 call 
5555 1278 8000 722 raise 
total pot: 3088 
/inquire 
recv from player 5555: check
send inquire msg to player 6666 
inquire/ 
5555 1278 8000 722 check 
1111 2000 8000 0 fold 
2222 2000 8000 0 fold 
4444 1900 8000 100 fold 
7777 1900 8000 100 fold 
8888 1278 8000 722 check 
3333 1278 8000 722 check 
6666 1278 8000 722 call 
total pot: 3088 
/inquire 
recv from player 6666: check
river/ 
SPADES J 
/river 

---river round bet---
valid player: 8, all in player: 0, fold player: 4
send inquire msg to player 3333 
inquire/ 
6666 1278 8000 722 check 
5555 1278 8000 722 check 
1111 2000 8000 0 fold 
2222 2000 8000 0 fold 
4444 1900 8000 100 fold 
7777 1900 8000 100 fold 
8888 1278 8000 722 check 
3333 1278 8000 722 check 
total pot: 3088 
/inquire 
recv from player 3333: check
send inquire msg to player 8888 
inquire/ 
3333 1278 8000 722 check 
6666 1278 8000 722 check 
5555 1278 8000 722 check 
1111 2000 8000 0 fold 
2222 2000 8000 0 fold 
4444 1900 8000 100 fold 
7777 1900 8000 100 fold 
8888 1278 8000 722 check 
total pot: 3088 
/inquire 
recv from player 8888: check
send inquire msg to player 7777 
inquire/ 
8888 1278 8000 722 check 
3333 1278 8000 722 check 
6666 1278 8000 722 check 
5555 1278 8000 722 check 
1111 2000 8000 0 fold 
2222 2000 8000 0 fold 
4444 1900 8000 100 fold 
7777 1900 8000 100 fold 
total pot: 3088 
/inquire 
send inquire msg to player 4444 
inquire/ 
7777 1900 8000 100 fold 
8888 1278 8000 722 check 
3333 1278 8000 722 check 
6666 1278 8000 722 check 
5555 1278 8000 722 check 
1111 2000 8000 0 fold 
2222 2000 8000 0 fold 
4444 1900 8000 100 fold 
total pot: 3088 
/inquire 
send inquire msg to player 2222 
inquire/ 
4444 1900 8000 100 fold 
7777 1900 8000 100 fold 
8888 1278 8000 722 check 
3333 1278 8000 722 check 
6666 1278 8000 722 check 
5555 1278 8000 722 check 
1111 2000 8000 0 fold 
2222 2000 8000 0 fold 
total pot: 3088 
/inquire 
send inquire msg to player 1111 
inquire/ 
2222 2000 8000 0 fold 
4444 1900 8000 100 fold 
7777 1900 8000 100 fold 
8888 1278 8000 722 check 
3333 1278 8000 722 check 
6666 1278 8000 722 check 
5555 1278 8000 722 check 
1111 2000 8000 0 fold 
total pot: 3088 
/inquire 
send inquire msg to player 5555 
inquire/ 
1111 2000 8000 0 fold 
2222 2000 8000 0 fold 
4444 1900 8000 100 fold 
7777 1900 8000 100 fold 
8888 1278 8000 722 check 
3333 1278 8000 722 check 
6666 1278 8000 722 check 
5555 1278 8000 722 check 
total pot: 3088 
/inquire 
recv from player 5555: raise 0
send inquire msg to player 6666 
inquire/ 
5555 1178 8000 822 raise 
1111 2000 8000 0 fold 
2222 2000 8000 0 fold 
4444 1900 8000 100 fold 
7777 1900 8000 100 fold 
8888 1278 8000 722 check 
3333 1278 8000 722 check 
6666 1278 8000 722 check 
total pot: 3188 
/inquire 
recv from player 6666: check
send inquire msg to player 3333 
inquire/ 
6666 1178 8000 822 call 
5555 1178 8000 822 raise 
1111 2000 8000 0 fold 
2222 2000 8000 0 fold 
4444 1900 8000 100 fold 
7777 1900 8000 100 fold 
8888 1278 8000 722 check 
3333 1278 8000 722 check 
total pot: 3288 
/inquire 
recv from player 3333: check
send inquire msg to player 8888 
inquire/ 
3333 1178 8000 822 call 
6666 1178 8000 822 call 
5555 1178 8000 822 raise 
1111 2000 8000 0 fold 
2222 2000 8000 0 fold 
4444 1900 8000 100 fold 
7777 1900 8000 100 fold 
8888 1278 8000 722 check 
total pot: 3388 
/inquire 
recv from player 8888: check

---show down---
showdown/ 
common/ 
DIAMONDS 7 
DIAMONDS 2 
DIAMONDS 6 
SPADES 5 
SPADES J 
/common 
3: 3333 SPADES 9 CLUBS 7 ONE_PAIR 
1: 8888 HEARTS J DIAMONDS 10 ONE_PAIR 
4: 5555 HEARTS 2 CLUBS Q ONE_PAIR 
2: 6666 CLUBS 9 HEARTS 9 ONE_PAIR 
/showdown 

---Allocate pot---
pot-win/ 
8888: 3488 
/pot-win 
it is player 3333's turn to be button

-----2 Hand-----

----- clean player data in socket -----
seat/ 
button: 3333 1178 8000 
small blind: 8888 4666 8000 
big blind: 7777 1900 8000 
4444 1900 8000 
2222 2000 8000 
1111 2000 8000 
5555 1178 8000 
6666 1178 8000 
/seat 
blind/ 
8888: 50 
7777: 100 
/blind 
player 8888:hold/ 
HEARTS J 
SPADES 5 
/hold 
player 7777:hold/ 
CLUBS A 
SPADES 6 
/hold 
player 4444:hold/ 
SPADES 8 
HEARTS 4 
/hold 
player 2222:hold/ 
HEARTS 8 
SPADES J 
/hold 
player 1111:hold/ 
DIAMONDS 7 
HEARTS 6 
/hold 
player 5555:hold/ 
HEARTS 9 
DIAMONDS 2 
/hold 
player 6666:hold/ 
SPADES 4 
HEARTS 2 
/hold 
player 3333:hold/ 
CLUBS K 
DIAMONDS 3 
/hold 

---pre flop round bet---
valid player: 8, all in player: 0, fold player: 0
send inquire msg to player 4444 
inquire/ 
7777 1800 8000 100 blind 
8888 4616 8000 50 blind 
total pot: 150 
/inquire 
recv from player 4444: check
send inquire msg to player 2222 
inquire/ 
4444 1800 8000 100 call 
7777 1800 8000 100 blind 
8888 4616 8000 50 blind 
total pot: 250 
/inquire 
recv from player 2222: fold
send inquire msg to player 1111 
inquire/ 
2222 2000 8000 0 fold 
4444 1800 8000 100 call 
7777 1800 8000 100 blind 
8888 4616 8000 50 blind 
total pot: 250 
/inquire 
recv from player 1111: check
send inquire msg to player 5555 
inquire/ 
1111 1900 8000 100 call 
2222 2000 8000 0 fold 
4444 1800 8000 100 call 
7777 1800 8000 100 blind 
8888 4616 8000 50 blind 
total pot: 350 
/inquire 
recv from player 5555: check
send inquire msg to player 6666 
inquire/ 
5555 1078 8000 100 call 
1111 1900 8000 100 call 
2222 2000 8000 0 fold 
4444 1800 8000 100 call 
7777 1800 8000 100 blind 
8888 4616 8000 50 blind 
total pot: 450 
/inquire 
recv from player 6666: fold
send inquire msg to player 3333 
inquire/ 
6666 1178 8000 0 fold 
5555 1078 8000 100 call 
1111 1900 8000 100 call 
2222 2000 8000 0 fold 
4444 1800 8000 100 call 
7777 1800 8000 100 blind 
8888 4616 8000 50 blind 
total pot: 450 
/inquire 
recv from player 3333: check
send inquire msg to player 8888 
inquire/ 
3333 1078 8000 100 call 
6666 1178 8000 0 fold 
5555 1078 8000 100 call 
1111 1900 8000 100 call 
2222 2000 8000 0 fold 
4444 1800 8000 100 call 
7777 1800 8000 100 blind 
8888 4616 8000 50 blind 
total pot: 550 
/inquire 
recv from player 8888: check
send inquire msg to player 7777 
inquire/ 
8888 4566 8000 100 call 
3333 1078 8000 100 call 
6666 1178 8000 0 fold 
5555 1078 8000 100 call 
1111 1900 8000 100 call 
2222 2000 8000 0 fold 
4444 1800 8000 100 call 
7777 1800 8000 100 blind 
total pot: 600 
/inquire 
recv from player 7777: check
flop/ 
DIAMONDS J 
CLUBS Q 
CLUBS 4 
/flop 

---flop round bet---
valid player: 8, all in player: 0, fold player: 2
send inquire msg to player 8888 
inquire/ 
3333 1078 8000 100 call 
6666 1178 8000 0 fold 
5555 1078 8000 100 call 
1111 1900 8000 100 call 
2222 2000 8000 0 fold 
4444 1800 8000 100 call 
7777 1800 8000 100 check 
8888 4566 8000 100 call 
total pot: 600 
/inquire 
recv from player 8888: check
send inquire msg to player 7777 
inquire/ 
8888 4566 8000 100 check 
3333 1078 8000 100 call 
6666 1178 8000 0 fold 
5555 1078 8000 100 call 
1111 1900 8000 100 call 
2222 2000 8000 0 fold 
4444 1800 8000 100 call 
7777 1800 8000 100 check 
total pot: 600 
/inquire 
recv from player 7777: check
send inquire msg to player 4444 
inquire/ 
7777 1800 8000 100 check 
8888 4566 8000 100 check 
3333 1078 8000 100 call 
6666 1178 8000 0 fold 
5555 1078 8000 100 call 
1111 1900 8000 100 call 
2222 2000 8000 0 fold 
4444 1800 8000 100 call 
total pot: 600 
/inquire 
recv from player 4444: check
send inquire msg to player 2222 
inquire/ 
4444 1800 8000 100 check 
7777 1800 8000 100 check 
8888 4566 8000 100 check 
3333 1078 8000 100 call 
6666 1178 8000 0 fold 
5555 1078 8000 100 call 
1111 1900 8000 100 call 
2222 2000 8000 0 fold 
total pot: 600 
/inquire 
send inquire msg to player 1111 
inquire/ 
2222 2000 8000 0 fold 
4444 1800 8000 100 check 
7777 1800 8000 100 check 
8888 4566 8000 100 check 
3333 1078 8000 100 call 
6666 1178 8000 0 fold 
5555 1078 8000 100 call 
1111 1900 8000 100 call 
total pot: 600 
/inquire 
recv from player 1111: check
send inquire msg to player 5555 
inquire/ 
1111 1900 8000 100 check 
2222 2000 8000 0 fold 
4444 1800 8000 100 check 
7777 1800 8000 100 check 
8888 4566 8000 100 check 
3333 1078 8000 100 call 
6666 1178 8000 0 fold 
5555 1078 8000 100 call 
total pot: 600 
/inquire 
recv from player 5555: check
send inquire msg to player 6666 
inquire/ 
5555 1078 8000 100 check 
1111 1900 8000 100 check 
2222 2000 8000 0 fold 
4444 1800 8000 100 check 
7777 1800 8000 100 check 
8888 4566 8000 100 check 
3333 1078 8000 100 call 
6666 1178 8000 0 fold 
total pot: 600 
/inquire 
send inquire msg to player 3333 
inquire/ 
6666 1178 8000 0 fold 
5555 1078 8000 100 check 
1111 1900 8000 100 check 
2222 2000 8000 0 fold 
4444 1800 8000 100 check 
7777 1800 8000 100 check 
8888 4566 8000 100 check 
3333 1078 8000 100 call 
total pot: 600 
/inquire 
recv from player 3333: check
turn/ 
DIAMONDS K 
/turn 

---turn round bet---
valid player: 8, all in player: 0, fold player: 2
send inquire msg to player 8888 
inquire/ 
3333 1078 8000 100 check 
6666 1178 8000 0 fold 
5555 1078 8000 100 check 
1111 1900 8000 100 check 
2222 2000 8000 0 fold 
4444 1800 8000 100 check 
7777 1800 8000 100 check 
8888 4566 8000 100 check 
total pot: 600 
/inquire 
recv from player 8888: check
send inquire msg to player 7777 
inquire/ 
8888 4566 8000 100 check 
3333 1078 8000 100 check 
6666 1178 8000 0 fold 
5555 1078 8000 100 check 
1111 1900 8000 100 check 
2222 2000 8000 0 fold 
4444 1800 8000 100 check 
7777 1800 8000 100 check 
total pot: 600 
/inquire 
recv from player 7777: check
send inquire msg to player 4444 
inquire/ 
7777 1800 8000 100 check 
8888 4566 8000 100 check 
3333 1078 8000 100 check 
6666 1178 8000 0 fold 
5555 1078 8000 100 check 
1111 1900 8000 100 check 
2222 2000 8000 0 fold 
4444 1800 8000 100 check 
total pot: 600 
/inquire 
recv from player 4444: check
send inquire msg to player 2222 
inquire/ 
4444 1800 8000 100 check 
7777 1800 8000 100 check 
8888 4566 8000 100 check 
3333 1078 8000 100 check 
6666 1178 8000 0 fold 
5555 1078 8000 100 check 
1111 1900 8000 100 check 
2222 2000 8000 0 fold 
total pot: 600 
/inquire 
send inquire msg to player 1111 
inquire/ 
2222 2000 8000 0 fold 
4444 1800 8000 100 check 
7777 1800 8000 100 check 
8888 4566 8000 100 check 
3333 1078 8000 100 check 
6666 1178 8000 0 fold 
5555 1078 8000 100 check 
1111 1900 8000 100 check 
total pot: 600 
/inquire 
recv from player 1111: fold
send inquire msg to player 5555 
inquire/ 
1111 1900 8000 100 fold 
2222 2000 8000 0 fold 
4444 1800 8000 100 check 
7777 1800 8000 100 check 
8888 4566 8000 100 check 
3333 1078 8000 100 check 
6666 1178 8000 0 fold 
5555 1078 8000 100 check 
total pot: 600 
/inquire 
recv from player 5555: raise 0
send inquire msg to player 6666 
inquire/ 
5555 978 8000 200 raise 
1111 1900 8000 100 fold 
2222 2000 8000 0 fold 
4444 1800 8000 100 check 
7777 1800 8000 100 check 
8888 4566 8000 100 check 
3333 1078 8000 100 check 
6666 1178 8000 0 fold 
total pot: 700 
/inquire 
send inquire msg to player 3333 
inquire/ 
6666 1178 8000 0 fold 
5555 978 8000 200 raise 
1111 1900 8000 100 fold 
2222 2000 8000 0 fold 
4444 1800 8000 100 check 
7777 1800 8000 100 check 
8888 4566 8000 100 check 
3333 1078 8000 100 check 
total pot: 700 
/inquire 
recv from player 3333: check
send inquire msg to player 8888 
inquire/ 
3333 978 8000 200 call 
6666 1178 8000 0 fold 
5555 978 8000 200 raise 
1111 1900 8000 100 fold 
2222 2000 8000 0 fold 
4444 1800 8000 100 check 
7777 1800 8000 100 check 
8888 4566 8000 100 check 
total pot: 800 
/inquire 
recv from player 8888: check
send inquire msg to player 7777 
inquire/ 
8888 4466 8000 200 call 
3333 978 8000 200 call 
6666 1178 8000 0 fold 
5555 978 8000 200 raise 
1111 1900 8000 100 fold 
2222 2000 8000 0 fold 
4444 1800 8000 100 check 
7777 1800 8000 100 check 
total pot: 900 
/inquire 
recv from player 7777: fold
send inquire msg to player 4444 
inquire/ 
7777 1800 8000 100 fold 
8888 4466 8000 200 call 
3333 978 8000 200 call 
6666 1178 8000 0 fold 
5555 978 8000 200 raise 
1111 1900 8000 100 fold 
2222 2000 8000 0 fold 
4444 1800 8000 100 check 
total pot: 900 
/inquire 
recv from player 4444: fold
river/ 
CLUBS J 
/river 

---river round bet---
valid player: 8, all in player: 0, fold player: 5
send inquire msg to player 8888 
inquire/ 
3333 978 8000 200 call 
6666 1178 8000 0 fold 
5555 978 8000 200 raise 
1111 1900 8000 100 fold 
2222 2000 8000 0 fold 
4444 1800 8000 100 fold 
7777 1800 8000 100 fold 
8888 4466 8000 200 call 
total pot: 900 
/inquire 
recv from player 8888: check
send inquire msg to player 7777 
inquire/ 
8888 4466 8000 200 check 
3333 978 8000 200 call 
6666 1178 8000 0 fold 
5555 978 8000 200 raise 
1111 1900 8000 100 fold 
2222 2000 8000 0 fold 
4444 1800 8000 100 fold 
7777 1800 8000 100 fold 
total pot: 900 
/inquire 
send inquire msg to player 4444 
inquire/ 
7777 1800 8000 100 fold 
8888 4466 8000 200 check 
3333 978 8000 200 call 
6666 1178 8000 0 fold 
5555 978 8000 200 raise 
1111 1900 8000 100 fold 
2222 2000 8000 0 fold 
4444 1800 8000 100 fold 
total pot: 900 
/inquire 
send inquire msg to player 2222 
inquire/ 
4444 1800 8000 100 fold 
7777 1800 8000 100 fold 
8888 4466 8000 200 check 
3333 978 8000 200 call 
6666 1178 8000 0 fold 
5555 978 8000 200 raise 
1111 1900 8000 100 fold 
2222 2000 8000 0 fold 
total pot: 900 
/inquire 
send inquire msg to player 1111 
inquire/ 
2222 2000 8000 0 fold 
4444 1800 8000 100 fold 
7777 1800 8000 100 fold 
8888 4466 8000 200 check 
3333 978 8000 200 call 
6666 1178 8000 0 fold 
5555 978 8000 200 raise 
1111 1900 8000 100 fold 
total pot: 900 
/inquire 
send inquire msg to player 5555 
inquire/ 
1111 1900 8000 100 fold 
2222 2000 8000 0 fold 
4444 1800 8000 100 fold 
7777 1800 8000 100 fold 
8888 4466 8000 200 check 
3333 978 8000 200 call 
6666 1178 8000 0 fold 
5555 978 8000 200 raise 
total pot: 900 
/inquire 
recv from player 5555: check
send inquire msg to player 6666 
inquire/ 
5555 978 8000 200 check 
1111 1900 8000 100 fold 
2222 2000 8000 0 fold 
4444 1800 8000 100 fold 
7777 1800 8000 100 fold 
8888 4466 8000 200 check 
3333 978 8000 200 call 
6666 1178 8000 0 fold 
total pot: 900 
/inquire 
send inquire msg to player 3333 
inquire/ 
6666 1178 8000 0 fold 
5555 978 8000 200 check 
1111 1900 8000 100 fold 
2222 2000 8000 0 fold 
4444 1800 8000 100 fold 
7777 1800 8000 100 fold 
8888 4466 8000 200 check 
3333 978 8000 200 call 
total pot: 900 
/inquire 
recv from player 3333: check

---show down---
showdown/ 
common/ 
DIAMONDS J 
CLUBS Q 
CLUBS 4 
DIAMONDS K 
CLUBS J 
/common 
1: 8888 HEARTS J SPADES 5 THREE_OF_A_KIND 
3: 5555 HEARTS 9 DIAMONDS 2 ONE_PAIR 
2: 3333 CLUBS K DIAMONDS 3 TWO_PAIR 
/showdown 

---Allocate pot---
pot-win/ 
8888: 900 
/pot-win 
it is player 8888's turn to be button

-----3 Hand-----

----- clean player data in socket -----
seat/ 
button: 8888 5366 8000 
small blind: 7777 1800 8000 
big blind: 4444 1800 8000 
2222 2000 8000 
1111 1900 8000 
5555 978 8000 
6666 1178 8000 
3333 978 8000 
/seat 
blind/ 
7777: 50 
4444: 100 
/blind 
player 7777:hold/ 
CLUBS 4 
DIAMONDS 3 
/hold 
player 4444:hold/ 
CLUBS 9 
HEARTS J 
/hold 
player 2222:hold/ 
DIAMONDS J 
CLUBS 10 
/hold 
player 1111:hold/ 
HEARTS A 
DIAMONDS 5 
/hold 
player 5555:hold/ 
HEARTS 2 
HEARTS 6 
/hold 
player 6666:hold/ 
SPADES 6 
SPADES A 
/hold 
player 3333:hold/ 
CLUBS J 
DIAMONDS 8 
/hold 
player 8888:hold/ 
SPADES Q 
DIAMONDS K 
/hold 

---pre flop round bet---
valid player: 8, all in player: 0, fold player: 0
send inquire msg to player 2222 
inquire/ 
4444 1700 8000 100 blind 
7777 1750 8000 50 blind 
total pot: 150 
/inquire 
recv from player 2222: fold
send inquire msg to player 1111 
inquire/ 
2222 2000 8000 0 fold 
4444 1700 8000 100 blind 
7777 1750 8000 50 blind 
total pot: 150 
/inquire 
recv from player 1111: fold
send inquire msg to player 5555 
inquire/ 
1111 1900 8000 0 fold 
2222 2000 8000 0 fold 
4444 1700 8000 100 blind 
7777 1750 8000 50 blind 
total pot: 150 
/inquire 
recv from player 5555: check
send inquire msg to player 6666 
inquire/ 
5555 878 8000 100 call 
1111 1900 8000 0 fold 
2222 2000 8000 0 fold 
4444 1700 8000 100 blind 
7777 1750 8000 50 blind 
total pot: 250 
/inquire 
recv from player 6666: check
send inquire msg to player 3333 
inquire/ 
6666 1078 8000 100 call 
5555 878 8000 100 call 
1111 1900 8000 0 fold 
2222 2000 8000 0 fold 
4444 1700 8000 100 blind 
7777 1750 8000 50 blind 
total pot: 350 
/inquire 
recv from player 3333: check
send inquire msg to player 8888 
inquire/ 
3333 878 8000 100 call 
6666 1078 8000 100 call 
5555 878 8000 100 call 
1111 1900 8000 0 fold 
2222 2000 8000 0 fold 
4444 1700 8000 100 blind 
7777 1750 8000 50 blind 
total pot: 450 
/inquire 
recv from player 8888: check
send inquire msg to player 7777 
inquire/ 
8888 5266 8000 100 call 
3333 878 8000 100 call 
6666 1078 8000 100 call 
5555 878 8000 100 call 
1111 1900 8000 0 fold 
2222 2000 8000 0 fold 
4444 1700 8000 100 blind 
7777 1750 8000 50 blind 
total pot: 550 
/inquire 
recv from player 7777: check
send inquire msg to player 4444 
inquire/ 
7777 1700 8000 100 call 
8888 5266 8000 100 call 
3333 878 8000 100 call 
6666 1078 8000 100 call 
5555 878 8000 100 call 
1111 1900 8000 0 fold 
2222 2000 8000 0 fold 
4444 1700 8000 100 blind 
total pot: 600 
/inquire 
recv from player 4444: raise 17
send inquire msg to player 2222 
inquire/ 
4444 1600 8000 200 raise 
7777 1700 8000 100 call 
8888 5266 8000 100 call 
3333 878 8000 100 call 
6666 1078 8000 100 call 
5555 878 8000 100 call 
1111 1900 8000 0 fold 
2222 2000 8000 0 fold 
total pot: 700 
/inquire 
send inquire msg to player 1111 
inquire/ 
2222 2000 8000 0 fold 
4444 1600 8000 200 raise 
7777 1700 8000 100 call 
8888 5266 8000 100 call 
3333 878 8000 100 call 
6666 1078 8000 100 call 
5555 878 8000 100 call 
1111 1900 8000 0 fold 
total pot: 700 
/inquire 
send inquire msg to player 5555 
inquire/ 
1111 1900 8000 0 fold 
2222 2000 8000 0 fold 
4444 1600 8000 200 raise 
7777 1700 8000 100 call 
8888 5266 8000 100 call 
3333 878 8000 100 call 
6666 1078 8000 100 call 
5555 878 8000 100 call 
total pot: 700 
/inquire 
recv from player 5555: raise 0
send inquire msg to player 6666 
inquire/ 
5555 678 8000 300 raise 
1111 1900 8000 0 fold 
2222 2000 8000 0 fold 
4444 1600 8000 200 raise 
7777 1700 8000 100 call 
8888 5266 8000 100 call 
3333 878 8000 100 call 
6666 1078 8000 100 call 
total pot: 900 
/inquire 
recv from player 6666: check
send inquire msg to player 3333 
inquire/ 
6666 878 8000 300 call 
5555 678 8000 300 raise 
1111 1900 8000 0 fold 
2222 2000 8000 0 fold 
4444 1600 8000 200 raise 
7777 1700 8000 100 call 
8888 5266 8000 100 call 
3333 878 8000 100 call 
total pot: 1100 
/inquire 
recv from player 3333: check
send inquire msg to player 8888 
inquire/ 
3333 678 8000 300 call 
6666 878 8000 300 call 
5555 678 8000 300 raise 
1111 1900 8000 0 fold 
2222 2000 8000 0 fold 
4444 1600 8000 200 raise 
7777 1700 8000 100 call 
8888 5266 8000 100 call 
total pot: 1300 
/inquire 
recv from player 8888: check
send inquire msg to player 7777 
inquire/ 
8888 5066 8000 300 call 
3333 678 8000 300 call 
6666 878 8000 300 call 
5555 678 8000 300 raise 
1111 1900 8000 0 fold 
2222 2000 8000 0 fold 
4444 1600 8000 200 raise 
7777 1700 8000 100 call 
total pot: 1500 
/inquire 
recv from player 7777: fold
send inquire msg to player 4444 
inquire/ 
7777 1700 8000 100 fold 
8888 5066 8000 300 call 
3333 678 8000 300 call 
6666 878 8000 300 call 
5555 678 8000 300 raise 
1111 1900 8000 0 fold 
2222 2000 8000 0 fold 
4444 1600 8000 200 raise 
total pot: 1500 
/inquire 
recv from player 4444: check
flop/ 
CLUBS 7 
SPADES 3 
DIAMONDS 2 
/flop 

---flop round bet---
valid player: 8, all in player: 0, fold player: 3
send inquire msg to player 7777 
inquire/ 
8888 5066 8000 300 call 
3333 678 8000 300 call 
6666 878 8000 300 call 
5555 678 8000 300 raise 
1111 1900 8000 0 fold 
2222 2000 8000 0 fold 
4444 1500 8000 300 call 
7777 1700 8000 100 fold 
total pot: 1600 
/inquire 
send inquire msg to player 4444 
inquire/ 
7777 1700 8000 100 fold 
8888 5066 8000 300 call 
3333 678 8000 300 call 
6666 878 8000 300 call 
5555 678 8000 300 raise 
1111 1900 8000 0 fold 
2222 2000 8000 0 fold 
4444 1500 8000 300 call 
total pot: 1600 
/inquire 
recv from player 4444: check
send inquire msg to player 2222 
inquire/ 
4444 1500 8000 300 check 
7777 1700 8000 100 fold 
8888 5066 8000 300 call 
3333 678 8000 300 call 
6666 878 8000 300 call 
5555 678 8000 300 raise 
1111 1900 8000 0 fold 
2222 2000 8000 0 fold 
total pot: 1600 
/inquire 
send inquire msg to player 1111 
inquire/ 
2222 2000 8000 0 fold 
4444 1500 8000 300 check 
7777 1700 8000 100 fold 
8888 5066 8000 300 call 
3333 678 8000 300 call 
6666 878 8000 300 call 
5555 678 8000 300 raise 
1111 1900 8000 0 fold 
total pot: 1600 
/inquire 
send inquire msg to player 5555 
inquire/ 
1111 1900 8000 0 fold 
2222 2000 8000 0 fold 
4444 1500 8000 300 check 
7777 1700 8000 100 fold 
8888 5066 8000 300 call 
3333 678 8000 300 call 
6666 878 8000 300 call 
5555 678 8000 300 raise 
total pot: 1600 
/inquire 
recv from player 5555: raise 0
send inquire msg to player 6666 
inquire/ 
5555 578 8000 400 raise 
1111 1900 8000 0 fold 
2222 2000 8000 0 fold 
4444 1500 8000 300 check 
7777 1700 8000 100 fold 
8888 5066 8000 300 call 
3333 678 8000 300 call 
6666 878 8000 300 call 
total pot: 1700 
/inquire 
recv from player 6666: check
send inquire msg to player 3333 
inquire/ 
6666 778 8000 400 call 
5555 578 8000 400 raise 
1111 1900 8000 0 fold 
2222 2000 8000 0 fold 
4444 1500 8000 300 check 
7777 1700 8000 100 fold 
8888 5066 8000 300 call 
3333 678 8000 300 call 
total pot: 1800 
/inquire 
recv from player 3333: check
send inquire msg to player 8888 
inquire/ 
3333 578 8000 400 call 
6666 778 8000 400 call 
5555 578 8000 400 raise 
1111 1900 8000 0 fold 
2222 2000 8000 0 fold 
4444 1500 8000 300 check 
7777 1700 8000 100 fold 
8888 5066 8000 300 call 
total pot: 1900 
/inquire 
recv from player 8888: check
send inquire msg to player 7777 
inquire/ 
8888 4966 8000 400 call 
3333 578 8000 400 call 
6666 778 8000 400 call 
5555 578 8000 400 raise 
1111 1900 8000 0 fold 
2222 2000 8000 0 fold 
4444 1500 8000 300 check 
7777 1700 8000 100 fold 
total pot: 2000 
/inquire 
send inquire msg to player 4444 
inquire/ 
7777 1700 8000 100 fold 
8888 4966 8000 400 call 
3333 578 8000 400 call 
6666 778 8000 400 call 
5555 578 8000 400 raise 
1111 1900 8000 0 fold 
2222 2000 8000 0 fold 
4444 1500 8000 300 check 
total pot: 2000 
/inquire 
recv from player 4444: check
turn/ 
CLUBS 8 
/turn 

---turn round bet---
valid player: 8, all in player: 0, fold player: 3
send inquire msg to player 7777 
inquire/ 
8888 4966 8000 400 call 
3333 578 8000 400 call 
6666 778 8000 400 call 
5555 578 8000 400 raise 
1111 1900 8000 0 fold 
2222 2000 8000 0 fold 
4444 1400 8000 400 call 
7777 1700 8000 100 fold 
total pot: 2100 
/inquire 
send inquire msg to player 4444 
inquire/ 
7777 1700 8000 100 fold 
8888 4966 8000 400 call 
3333 578 8000 400 call 
6666 778 8000 400 call 
5555 578 8000 400 raise 
1111 1900 8000 0 fold 
2222 2000 8000 0 fold 
4444 1400 8000 400 call 
total pot: 2100 
/inquire 
recv from player 4444: check
send inquire msg to player 2222 
inquire/ 
4444 1400 8000 400 check 
7777 1700 8000 100 fold 
8888 4966 8000 400 call 
3333 578 8000 400 call 
6666 778 8000 400 call 
5555 578 8000 400 raise 
1111 1900 8000 0 fold 
2222 2000 8000 0 fold 
total pot: 2100 
/inquire 
send inquire msg to player 1111 
inquire/ 
2222 2000 8000 0 fold 
4444 1400 8000 400 check 
7777 1700 8000 100 fold 
8888 4966 8000 400 call 
3333 578 8000 400 call 
6666 778 8000 400 call 
5555 578 8000 400 raise 
1111 1900 8000 0 fold 
total pot: 2100 
/inquire 
send inquire msg to player 5555 
inquire/ 
1111 1900 8000 0 fold 
2222 2000 8000 0 fold 
4444 1400 8000 400 check 
7777 1700 8000 100 fold 
8888 4966 8000 400 call 
3333 578 8000 400 call 
6666 778 8000 400 call 
5555 578 8000 400 raise 
total pot: 2100 
/inquire 
recv from player 5555: raise 0
send inquire msg to player 6666 
inquire/ 
5555 478 8000 500 raise 
1111 1900 8000 0 fold 
2222 2000 8000 0 fold 
4444 1400 8000 400 check 
7777 1700 8000 100 fold 
8888 4966 8000 400 call 
3333 578 8000 400 call 
6666 778 8000 400 call 
total pot: 2200 
/inquire 
recv from player 6666: fold
send inquire msg to player 3333 
inquire/ 
6666 778 8000 400 fold 
5555 478 8000 500 raise 
1111 1900 8000 0 fold 
2222 2000 8000 0 fold 
4444 1400 8000 400 check 
7777 1700 8000 100 fold 
8888 4966 8000 400 call 
3333 578 8000 400 call 
total pot: 2200 
/inquire 
recv from player 3333: check
send inquire msg to player 8888 
inquire/ 
3333 478 8000 500 call 
6666 778 8000 400 fold 
5555 478 8000 500 raise 
1111 1900 8000 0 fold 
2222 2000 8000 0 fold 
4444 1400 8000 400 check 
7777 1700 8000 100 fold 
8888 4966 8000 400 call 
total pot: 2300 
/inquire 
recv from player 8888: check
send inquire msg to player 7777 
inquire/ 
8888 4866 8000 500 call 
3333 478 8000 500 call 
6666 778 8000 400 fold 
5555 478 8000 500 raise 
1111 1900 8000 0 fold 
2222 2000 8000 0 fold 
4444 1400 8000 400 check 
7777 1700 8000 100 fold 
total pot: 2400 
/inquire 
send inquire msg to player 4444 
inquire/ 
7777 1700 8000 100 fold 
8888 4866 8000 500 call 
3333 478 8000 500 call 
6666 778 8000 400 fold 
5555 478 8000 500 raise 
1111 1900 8000 0 fold 
2222 2000 8000 0 fold 
4444 1400 8000 400 check 
total pot: 2400 
/inquire 
recv from player 4444: check
river/ 
SPADES K 
/river 

---river round bet---
valid player: 8, all in player: 0, fold player: 4
send inquire msg to player 7777 
inquire/ 
8888 4866 8000 500 call 
3333 478 8000 500 call 
6666 778 8000 400 fold 
5555 478 8000 500 raise 
1111 1900 8000 0 fold 
2222 2000 8000 0 fold 
4444 1300 8000 500 call 
7777 1700 8000 100 fold 
total pot: 2500 
/inquire 
send inquire msg to player 4444 
inquire/ 
7777 1700 8000 100 fold 
8888 4866 8000 500 call 
3333 478 8000 500 call 
6666 778 8000 400 fold 
5555 478 8000 500 raise 
1111 1900 8000 0 fold 
2222 2000 8000 0 fold 
4444 1300 8000 500 call 
total pot: 2500 
/inquire 
recv from player 4444: check
send inquire msg to player 2222 
inquire/ 
4444 1300 8000 500 check 
7777 1700 8000 100 fold 
8888 4866 8000 500 call 
3333 478 8000 500 call 
6666 778 8000 400 fold 
5555 478 8000 500 raise 
1111 1900 8000 0 fold 
2222 2000 8000 0 fold 
total pot: 2500 
/inquire 
send inquire msg to player 1111 
inquire/ 
2222 2000 8000 0 fold 
4444 1300 8000 500 check 
7777 1700 8000 100 fold 
8888 4866 8000 500 call 
3333 478 8000 500 call 
6666 778 8000 400 fold 
5555 478 8000 500 raise 
1111 1900 8000 0 fold 
total pot: 2500 
/inquire 
send inquire msg to player 5555 
inquire/ 
1111 1900 8000 0 fold 
2222 2000 8000 0 fold 
4444 1300 8000 500 check 
7777 1700 8000 100 fold 
8888 4866 8000 500 call 
3333 478 8000 500 call 
6666 778 8000 400 fold 
5555 478 8000 500 raise 
total pot: 2500 
/inquire 
recv from player 5555: check
send inquire msg to player 6666 
inquire/ 
5555 478 8000 500 check 
1111 1900 8000 0 fold 
2222 2000 8000 0 fold 
4444 1300 8000 500 check 
7777 1700 8000 100 fold 
8888 4866 8000 500 call 
3333 478 8000 500 call 
6666 778 8000 400 fold 
total pot: 2500 
/inquire 
send inquire msg to player 3333 
inquire/ 
6666 778 8000 400 fold 
5555 478 8000 500 check 
1111 1900 8000 0 fold 
2222 2000 8000 0 fold 
4444 1300 8000 500 check 
7777 1700 8000 100 fold 
8888 4866 8000 500 call 
3333 478 8000 500 call 
total pot: 2500 
/inquire 
recv from player 3333: check
send inquire msg to player 8888 
inquire/ 
3333 478 8000 500 check 
6666 778 8000 400 fold 
5555 478 8000 500 check 
1111 1900 8000 0 fold 
2222 2000 8000 0 fold 
4444 1300 8000 500 check 
7777 1700 8000 100 fold 
8888 4866 8000 500 call 
total pot: 2500 
/inquire 
recv from player 8888: check

---show down---
showdown/ 
common/ 
CLUBS 7 
SPADES 3 
DIAMONDS 2 
CLUBS 8 
SPADES K 
/common 
4: 4444 CLUBS 9 HEARTS J HIGH_CARD 
3: 5555 HEARTS 2 HEARTS 6 ONE_PAIR 
2: 3333 CLUBS J DIAMONDS 8 ONE_PAIR 
1: 8888 SPADES Q DIAMONDS K ONE_PAIR 
/showdown 

---Allocate pot---
pot-win/ 
8888: 2500 
/pot-win 
it is player 7777's turn to be button

-----4 Hand-----

----- clean player data in socket -----
seat/ 
button: 7777 1700 8000 
small blind: 4444 1300 8000 
big blind: 2222 2000 8000 
1111 1900 8000 
5555 478 8000 
6666 778 8000 
3333 478 8000 
8888 7366 8000 
/seat 
blind/ 
4444: 50 
2222: 100 
/blind 
player 4444:hold/ 
DIAMONDS Q 
HEARTS 4 
/hold 
player 2222:hold/ 
SPADES 4 
DIAMONDS 9 
/hold 
player 1111:hold/ 
CLUBS 4 
DIAMONDS 8 
/hold 
player 5555:hold/ 
CLUBS 7 
CLUBS 10 
/hold 
player 6666:hold/ 
HEARTS 9 
SPADES 7 
/hold 
player 3333:hold/ 
HEARTS 3 
CLUBS 5 
/hold 
player 8888:hold/ 
HEARTS 5 
DIAMONDS 2 
/hold 
player 7777:hold/ 
SPADES 8 
CLUBS 6 
/hold 

---pre flop round bet---
valid player: 8, all in player: 0, fold player: 0
send inquire msg to player 1111 
inquire/ 
2222 1900 8000 100 blind 
4444 1250 8000 50 blind 
total pot: 150 
/inquire 
recv from player 1111: check
send inquire msg to player 5555 
inquire/ 
1111 1800 8000 100 call 
2222 1900 8000 100 blind 
4444 1250 8000 50 blind 
total pot: 250 
/inquire 
recv from player 5555: raise 0
send inquire msg to player 6666 
inquire/ 
5555 278 8000 200 raise 
1111 1800 8000 100 call 
2222 1900 8000 100 blind 
4444 1250 8000 50 blind 
total pot: 450 
/inquire 
recv from player 6666: fold
send inquire msg to player 3333 
inquire/ 
6666 778 8000 0 fold 
5555 278 8000 200 raise 
1111 1800 8000 100 call 
2222 1900 8000 100 blind 
4444 1250 8000 50 blind 
total pot: 450 
/inquire 
recv from player 3333: check
send inquire msg to player 8888 
inquire/ 
3333 278 8000 200 call 
6666 778 8000 0 fold 
5555 278 8000 200 raise 
1111 1800 8000 100 call 
2222 1900 8000 100 blind 
4444 1250 8000 50 blind 
total pot: 650 
/inquire 
recv from player 8888: check
send inquire msg to player 7777 
inquire/ 
8888 7166 8000 200 call 
3333 278 8000 200 call 
6666 778 8000 0 fold 
5555 278 8000 200 raise 
1111 1800 8000 100 call 
2222 1900 8000 100 blind 
4444 1250 8000 50 blind 
