

===VERSION 1.24===
---GAME START @ 2015-5-26-0-55-36---

wait registration for 30 seconds
reg: 2222 new 
reg: 4444 DSB  reg: 5555 DSB  reg: 6666 DSB  reg:3333 tnt
reg: 8888 DSB  reg: 1111 Young need_notify  
reg: 7777 cleverbot need_notify 
close registration

-----1 Hand-----

----- clean player data in socket -----
seat/ 
button: 5555 2000 2000 
small blind: 3333 2000 2000 
big blind: 2222 2000 2000 
7777 2000 2000 
8888 2000 2000 
6666 2000 2000 
4444 2000 2000 
1111 2000 2000 
/seat 
blind/ 
3333: 20 
2222: 40 
/blind 
player 3333:hold/ 
DIAMONDS 7 
CLUBS 6 
/hold 
player 2222:hold/ 
DIAMONDS 5 
DIAMONDS 6 
/hold 
player 7777:hold/ 
DIAMONDS J 
CLUBS 2 
/hold 
player 8888:hold/ 
CLUBS 4 
SPADES 5 
/hold 
player 6666:hold/ 
SPADES J 
SPADES Q 
/hold 
player 4444:hold/ 
CLUBS K 
CLUBS 3 
/hold 
player 1111:hold/ 
CLUBS 10 
SPADES 6 
/hold 
player 5555:hold/ 
DIAMONDS 10 
HEARTS A 
/hold 

---pre flop round bet---
valid player: 8, all in player: 0, fold player: 0
send inquire msg to player 7777 
inquire/ 
2222 1960 2000 40 blind 
3333 1980 2000 20 blind 
total pot: 60 
/inquire 
recv from player 7777: fold 

send inquire msg to player 8888 
inquire/ 
7777 2000 2000 0 fold 
2222 1960 2000 40 blind 
3333 1980 2000 20 blind 
total pot: 60 
/inquire 
recv from player 8888: call 
send inquire msg to player 6666 
inquire/ 
8888 1960 2000 40 call 
7777 2000 2000 0 fold 
2222 1960 2000 40 blind 
3333 1980 2000 20 blind 
total pot: 100 
/inquire 
recv from player 6666: raise 200 
send inquire msg to player 4444 
inquire/ 
6666 1760 2000 240 raise 
8888 1960 2000 40 call 
7777 2000 2000 0 fold 
2222 1960 2000 40 blind 
3333 1980 2000 20 blind 
total pot: 340 
/inquire 
recv from player 4444: call 
send inquire msg to player 1111 
inquire/ 
4444 1760 2000 240 call 
6666 1760 2000 240 raise 
8888 1960 2000 40 call 
7777 2000 2000 0 fold 
2222 1960 2000 40 blind 
3333 1980 2000 20 blind 
total pot: 580 
/inquire 
recv from player 1111: fold 

send inquire msg to player 5555 
inquire/ 
1111 2000 2000 0 fold 
4444 1760 2000 240 call 
6666 1760 2000 240 raise 
8888 1960 2000 40 call 
7777 2000 2000 0 fold 
2222 1960 2000 40 blind 
3333 1980 2000 20 blind 
total pot: 580 
/inquire 
recv from player 5555: fold 
send inquire msg to player 3333 
inquire/ 
5555 2000 2000 0 fold 
1111 2000 2000 0 fold 
4444 1760 2000 240 call 
6666 1760 2000 240 raise 
8888 1960 2000 40 call 
7777 2000 2000 0 fold 
2222 1960 2000 40 blind 
3333 1980 2000 20 blind 
total pot: 580 
/inquire 
recv from player 3333: fold
send inquire msg to player 2222 
inquire/ 
3333 1980 2000 20 fold 
5555 2000 2000 0 fold 
1111 2000 2000 0 fold 
4444 1760 2000 240 call 
6666 1760 2000 240 raise 
8888 1960 2000 40 call 
7777 2000 2000 0 fold 
2222 1960 2000 40 blind 
total pot: 580 
/inquire 
recv from player 2222: fold 

send notify msg to player 7777 
notify/ 
2222 1960 2000 40 fold 
3333 1980 2000 20 fold 
5555 2000 2000 0 fold 
1111 2000 2000 0 fold 
4444 1760 2000 240 call 
6666 1760 2000 240 raise 
8888 1960 2000 40 call 
7777 2000 2000 0 fold 
total pot: 580 
/notify 
send inquire msg to player 8888 
inquire/ 
7777 2000 2000 0 fold 
2222 1960 2000 40 fold 
3333 1980 2000 20 fold 
5555 2000 2000 0 fold 
1111 2000 2000 0 fold 
4444 1760 2000 240 call 
6666 1760 2000 240 raise 
8888 1960 2000 40 call 
total pot: 580 
/inquire 
recv from player 8888: fold 
flop/ 
SPADES 8 
DIAMONDS 8 
CLUBS 5 
/flop 

---flop round bet---
valid player: 8, all in player: 0, fold player: 6
send notify msg to player 7777 
notify/ 
2222 1960 2000 40 fold 
3333 1980 2000 20 fold 
5555 2000 2000 0 fold 
1111 2000 2000 0 fold 
4444 1760 2000 240 call 
6666 1760 2000 240 raise 
8888 1960 2000 40 fold 
7777 2000 2000 0 fold 
total pot: 580 
/notify 
send inquire msg to player 6666 
inquire/ 
8888 1960 2000 40 fold 
7777 2000 2000 0 fold 
2222 1960 2000 40 fold 
3333 1980 2000 20 fold 
5555 2000 2000 0 fold 
1111 2000 2000 0 fold 
4444 1760 2000 240 call 
6666 1760 2000 240 raise 
total pot: 580 
/inquire 
recv from player 6666: fold 
send inquire msg to player 4444 
inquire/ 
6666 1760 2000 240 fold 
8888 1960 2000 40 fold 
7777 2000 2000 0 fold 
2222 1960 2000 40 fold 
3333 1980 2000 20 fold 
5555 2000 2000 0 fold 
1111 2000 2000 0 fold 
4444 1760 2000 240 call 
total pot: 580 
/inquire 
recv from player 4444: call 

---turn round bet---
valid player: 8, all in player: 0, fold player: 7

---river round bet---
valid player: 8, all in player: 0, fold player: 7

----- notify msg last round -----
send notify msg to player 1111 
notify/ 
4444 1760 2000 240 check 
6666 1760 2000 240 fold 
8888 1960 2000 40 fold 
7777 2000 2000 0 fold 
2222 1960 2000 40 fold 
3333 1980 2000 20 fold 
5555 2000 2000 0 fold 
1111 2000 2000 0 fold 
total pot: 580 
/notify 
send notify msg to player 7777 
notify/ 
2222 1960 2000 40 fold 
3333 1980 2000 20 fold 
5555 2000 2000 0 fold 
1111 2000 2000 0 fold 
4444 1760 2000 240 check 
6666 1760 2000 240 fold 
8888 1960 2000 40 fold 
7777 2000 2000 0 fold 
total pot: 580 
/notify 

--- 1 players not fold, don't need show down---

---Allocate pot---
Only player at seat 5 not fold, win all the pot 580
pot-win/ 
4444: 580 
/pot-win 
it is player 3333's turn to be button

-----2 Hand-----

----- clean player data in socket -----
seat/ 
button: 3333 1980 2000 
small blind: 2222 1960 2000 
big blind: 7777 2000 2000 
8888 1960 2000 
6666 1760 2000 
4444 2340 2000 
1111 2000 2000 
5555 2000 2000 
/seat 
blind/ 
2222: 20 
7777: 40 
/blind 
player 2222:hold/ 
HEARTS 2 
HEARTS Q 
/hold 
player 7777:hold/ 
CLUBS A 
SPADES 9 
/hold 
player 8888:hold/ 
CLUBS J 
CLUBS 4 
/hold 
player 6666:hold/ 
CLUBS 6 
SPADES A 
/hold 
player 4444:hold/ 
SPADES J 
HEARTS 3 
/hold 
player 1111:hold/ 
SPADES Q 
SPADES K 
/hold 
player 5555:hold/ 
DIAMONDS 6 
DIAMONDS K 
/hold 
player 3333:hold/ 
DIAMONDS 4 
HEARTS 4 
/hold 

---pre flop round bet---
valid player: 8, all in player: 0, fold player: 0
send inquire msg to player 8888 
inquire/ 
7777 1960 2000 40 blind 
2222 1940 2000 20 blind 
total pot: 60 
/inquire 
recv from player 8888: call 
send inquire msg to player 6666 
inquire/ 
8888 1920 2000 40 call 
7777 1960 2000 40 blind 
2222 1940 2000 20 blind 
total pot: 100 
/inquire 
recv from player 6666: call 
send inquire msg to player 4444 
inquire/ 
6666 1720 2000 40 call 
8888 1920 2000 40 call 
7777 1960 2000 40 blind 
2222 1940 2000 20 blind 
total pot: 140 
/inquire 
recv from player 4444: fold 
send inquire msg to player 1111 
inquire/ 
4444 2340 2000 0 fold 
6666 1720 2000 40 call 
8888 1920 2000 40 call 
7777 1960 2000 40 blind 
2222 1940 2000 20 blind 
total pot: 140 
/inquire 
recv from player 1111: call 

send inquire msg to player 5555 
inquire/ 
1111 1960 2000 40 call 
4444 2340 2000 0 fold 
6666 1720 2000 40 call 
8888 1920 2000 40 call 
7777 1960 2000 40 blind 
2222 1940 2000 20 blind 
total pot: 180 
/inquire 
recv from player 5555: call 
send inquire msg to player 3333 
inquire/ 
5555 1960 2000 40 call 
1111 1960 2000 40 call 
4444 2340 2000 0 fold 
6666 1720 2000 40 call 
8888 1920 2000 40 call 
7777 1960 2000 40 blind 
2222 1940 2000 20 blind 
total pot: 220 
/inquire 
recv from player 3333: fold
send inquire msg to player 2222 
inquire/ 
3333 1980 2000 0 fold 
5555 1960 2000 40 call 
1111 1960 2000 40 call 
4444 2340 2000 0 fold 
6666 1720 2000 40 call 
8888 1920 2000 40 call 
7777 1960 2000 40 blind 
2222 1940 2000 20 blind 
total pot: 220 
/inquire 
recv from player 2222: call 

send inquire msg to player 7777 
inquire/ 
2222 1920 2000 40 call 
3333 1980 2000 0 fold 
5555 1960 2000 40 call 
1111 1960 2000 40 call 
4444 2340 2000 0 fold 
6666 1720 2000 40 call 
8888 1920 2000 40 call 
7777 1960 2000 40 blind 
total pot: 240 
/inquire 
recv from player 7777: check 

flop/ 
DIAMONDS 7 
HEARTS K 
DIAMONDS 3 
/flop 

---flop round bet---
valid player: 8, all in player: 0, fold player: 2
send inquire msg to player 2222 
inquire/ 
3333 1980 2000 0 fold 
5555 1960 2000 40 call 
1111 1960 2000 40 call 
4444 2340 2000 0 fold 
6666 1720 2000 40 call 
8888 1920 2000 40 call 
7777 1960 2000 40 check 
2222 1920 2000 40 call 
total pot: 240 
/inquire 
recv from player 2222: call 

send inquire msg to player 7777 
inquire/ 
2222 1920 2000 40 check 
3333 1980 2000 0 fold 
5555 1960 2000 40 call 
1111 1960 2000 40 call 
4444 2340 2000 0 fold 
6666 1720 2000 40 call 
8888 1920 2000 40 call 
7777 1960 2000 40 check 
total pot: 240 
/inquire 
recv from player 7777: call 

send inquire msg to player 8888 
inquire/ 
7777 1960 2000 40 check 
2222 1920 2000 40 check 
3333 1980 2000 0 fold 
5555 1960 2000 40 call 
1111 1960 2000 40 call 
4444 2340 2000 0 fold 
6666 1720 2000 40 call 
8888 1920 2000 40 call 
total pot: 240 
/inquire 
recv from player 8888: fold 
send inquire msg to player 6666 
inquire/ 
8888 1920 2000 40 fold 
7777 1960 2000 40 check 
2222 1920 2000 40 check 
3333 1980 2000 0 fold 
5555 1960 2000 40 call 
1111 1960 2000 40 call 
4444 2340 2000 0 fold 
6666 1720 2000 40 call 
total pot: 240 
/inquire 
recv from player 6666: fold 
send inquire msg to player 1111 
inquire/ 
4444 2340 2000 0 fold 
6666 1720 2000 40 fold 
8888 1920 2000 40 fold 
7777 1960 2000 40 check 
2222 1920 2000 40 check 
3333 1980 2000 0 fold 
5555 1960 2000 40 call 
1111 1960 2000 40 call 
total pot: 240 
/inquire 
recv from player 1111: raise 40 

send inquire msg to player 5555 
inquire/ 
1111 1920 2000 80 raise 
4444 2340 2000 0 fold 
6666 1720 2000 40 fold 
8888 1920 2000 40 fold 
7777 1960 2000 40 check 
2222 1920 2000 40 check 
3333 1980 2000 0 fold 
5555 1960 2000 40 call 
total pot: 280 
/inquire 
recv from player 5555: call 
send inquire msg to player 2222 
inquire/ 
3333 1980 2000 0 fold 
5555 1920 2000 80 call 
1111 1920 2000 80 raise 
4444 2340 2000 0 fold 
6666 1720 2000 40 fold 
8888 1920 2000 40 fold 
7777 1960 2000 40 check 
2222 1920 2000 40 check 
total pot: 320 
/inquire 
recv from player 2222: fold 

send inquire msg to player 7777 
inquire/ 
2222 1920 2000 40 fold 
3333 1980 2000 0 fold 
5555 1920 2000 80 call 
1111 1920 2000 80 raise 
4444 2340 2000 0 fold 
6666 1720 2000 40 fold 
8888 1920 2000 40 fold 
7777 1960 2000 40 check 
total pot: 320 
/inquire 
recv from player 7777: call 

turn/ 
HEARTS 8 
/turn 

---turn round bet---
valid player: 8, all in player: 0, fold player: 5
send inquire msg to player 7777 
inquire/ 
2222 1920 2000 40 fold 
3333 1980 2000 0 fold 
5555 1920 2000 80 call 
1111 1920 2000 80 raise 
4444 2340 2000 0 fold 
6666 1720 2000 40 fold 
8888 1920 2000 40 fold 
7777 1920 2000 80 call 
total pot: 360 
/inquire 
recv from player 7777: call 

send inquire msg to player 1111 
inquire/ 
4444 2340 2000 0 fold 
6666 1720 2000 40 fold 
8888 1920 2000 40 fold 
7777 1920 2000 80 check 
2222 1920 2000 40 fold 
3333 1980 2000 0 fold 
5555 1920 2000 80 call 
1111 1920 2000 80 raise 
total pot: 360 
/inquire 
recv from player 1111: raise 48.0 

send inquire msg to player 5555 
inquire/ 
1111 1872 2000 128 raise 
4444 2340 2000 0 fold 
6666 1720 2000 40 fold 
8888 1920 2000 40 fold 
7777 1920 2000 80 check 
2222 1920 2000 40 fold 
3333 1980 2000 0 fold 
5555 1920 2000 80 call 
total pot: 408 
/inquire 
recv from player 5555: call 
send inquire msg to player 7777 
inquire/ 
2222 1920 2000 40 fold 
3333 1980 2000 0 fold 
5555 1872 2000 128 call 
1111 1872 2000 128 raise 
4444 2340 2000 0 fold 
6666 1720 2000 40 fold 
8888 1920 2000 40 fold 
7777 1920 2000 80 check 
total pot: 456 
/inquire 
recv from player 7777: call 

river/ 
DIAMONDS 9 
/river 

---river round bet---
valid player: 8, all in player: 0, fold player: 5
send inquire msg to player 7777 
inquire/ 
2222 1920 2000 40 fold 
3333 1980 2000 0 fold 
5555 1872 2000 128 call 
1111 1872 2000 128 raise 
4444 2340 2000 0 fold 
6666 1720 2000 40 fold 
8888 1920 2000 40 fold 
7777 1872 2000 128 call 
total pot: 504 
/inquire 
recv from player 7777: call 

send inquire msg to player 1111 
inquire/ 
4444 2340 2000 0 fold 
6666 1720 2000 40 fold 
8888 1920 2000 40 fold 
7777 1872 2000 128 check 
2222 1920 2000 40 fold 
3333 1980 2000 0 fold 
5555 1872 2000 128 call 
1111 1872 2000 128 raise 
total pot: 504 
/inquire 
recv from player 1111: check 

send inquire msg to player 5555 
inquire/ 
1111 1872 2000 128 check 
4444 2340 2000 0 fold 
6666 1720 2000 40 fold 
8888 1920 2000 40 fold 
7777 1872 2000 128 check 
2222 1920 2000 40 fold 
3333 1980 2000 0 fold 
5555 1872 2000 128 call 
total pot: 504 
/inquire 
recv from player 5555: raise 1000 
send inquire msg to player 7777 
inquire/ 
2222 1920 2000 40 fold 
3333 1980 2000 0 fold 
5555 872 2000 1128 raise 
1111 1872 2000 128 check 
4444 2340 2000 0 fold 
6666 1720 2000 40 fold 
8888 1920 2000 40 fold 
7777 1872 2000 128 check 
total pot: 1504 
/inquire 
recv from player 7777: fold 

send inquire msg to player 1111 
inquire/ 
4444 2340 2000 0 fold 
6666 1720 2000 40 fold 
8888 1920 2000 40 fold 
7777 1872 2000 128 fold 
2222 1920 2000 40 fold 
3333 1980 2000 0 fold 
5555 872 2000 1128 raise 
1111 1872 2000 128 check 
total pot: 1504 
/inquire 
recv from player 1111: fold 


----- notify msg last round -----
send notify msg to player 7777 
notify/ 
2222 1920 2000 40 fold 
3333 1980 2000 0 fold 
5555 872 2000 1128 raise 
1111 1872 2000 128 fold 
4444 2340 2000 0 fold 
6666 1720 2000 40 fold 
8888 1920 2000 40 fold 
7777 1872 2000 128 fold 
total pot: 1504 
/notify 
send notify msg to player 1111 
notify/ 
4444 2340 2000 0 fold 
6666 1720 2000 40 fold 
8888 1920 2000 40 fold 
7777 1872 2000 128 fold 
2222 1920 2000 40 fold 
3333 1980 2000 0 fold 
5555 872 2000 1128 raise 
1111 1872 2000 128 fold 
total pot: 1504 
/notify 

--- 1 players not fold, don't need show down---

---Allocate pot---
Only player at seat 6 not fold, win all the pot 1504
pot-win/ 
5555: 1504 
/pot-win 
it is player 2222's turn to be button

-----3 Hand-----

----- clean player data in socket -----
seat/ 
button: 2222 1920 2000 
small blind: 7777 1872 2000 
big blind: 8888 1920 2000 
6666 1720 2000 
4444 2340 2000 
1111 1872 2000 
5555 2376 2000 
3333 1980 2000 
/seat 
blind/ 
7777: 20 
8888: 40 
/blind 
player 7777:hold/ 
SPADES 10 
HEARTS A 
/hold 
player 8888:hold/ 
HEARTS 2 
CLUBS 2 
/hold 
player 6666:hold/ 
HEARTS 3 
SPADES K 
/hold 
player 4444:hold/ 
CLUBS 10 
HEARTS 6 
/hold 
player 1111:hold/ 
SPADES 4 
DIAMONDS 4 
/hold 
player 5555:hold/ 
CLUBS J 
HEARTS Q 
/hold 
player 3333:hold/ 
DIAMONDS 7 
SPADES J 
/hold 
player 2222:hold/ 
HEARTS 10 
DIAMONDS J 
/hold 

---pre flop round bet---
valid player: 8, all in player: 0, fold player: 0
send inquire msg to player 6666 
inquire/ 
8888 1880 2000 40 blind 
7777 1852 2000 20 blind 
total pot: 60 
/inquire 
recv from player 6666: call 
send inquire msg to player 4444 
inquire/ 
6666 1680 2000 40 call 
8888 1880 2000 40 blind 
7777 1852 2000 20 blind 
total pot: 100 
/inquire 
recv from player 4444: fold 
send inquire msg to player 1111 
inquire/ 
4444 2340 2000 0 fold 
6666 1680 2000 40 call 
8888 1880 2000 40 blind 
7777 1852 2000 20 blind 
total pot: 100 
/inquire 
recv from player 1111: call 

send inquire msg to player 5555 
inquire/ 
1111 1832 2000 40 call 
4444 2340 2000 0 fold 
6666 1680 2000 40 call 
8888 1880 2000 40 blind 
7777 1852 2000 20 blind 
total pot: 140 
/inquire 
recv from player 5555: call 
send inquire msg to player 3333 
inquire/ 
5555 2336 2000 40 call 
1111 1832 2000 40 call 
4444 2340 2000 0 fold 
6666 1680 2000 40 call 
8888 1880 2000 40 blind 
7777 1852 2000 20 blind 
total pot: 180 
/inquire 
recv from player 3333: fold
send inquire msg to player 2222 
inquire/ 
3333 1980 2000 0 fold 
5555 2336 2000 40 call 
1111 1832 2000 40 call 
4444 2340 2000 0 fold 
6666 1680 2000 40 call 
8888 1880 2000 40 blind 
7777 1852 2000 20 blind 
total pot: 180 
/inquire 
recv from player 2222: call 

send inquire msg to player 7777 
inquire/ 
2222 1880 2000 40 call 
3333 1980 2000 0 fold 
5555 2336 2000 40 call 
1111 1832 2000 40 call 
4444 2340 2000 0 fold 
6666 1680 2000 40 call 
8888 1880 2000 40 blind 
7777 1852 2000 20 blind 
total pot: 220 
/inquire 
recv from player 7777: fold 

send inquire msg to player 8888 
inquire/ 
7777 1852 2000 20 fold 
2222 1880 2000 40 call 
3333 1980 2000 0 fold 
5555 2336 2000 40 call 
1111 1832 2000 40 call 
4444 2340 2000 0 fold 
6666 1680 2000 40 call 
8888 1880 2000 40 blind 
total pot: 220 
/inquire 
recv from player 8888: call 
flop/ 
CLUBS 3 
SPADES 8 
DIAMONDS 6 
/flop 

---flop round bet---
valid player: 8, all in player: 0, fold player: 3
send notify msg to player 7777 
notify/ 
2222 1880 2000 40 call 
3333 1980 2000 0 fold 
5555 2336 2000 40 call 
1111 1832 2000 40 call 
4444 2340 2000 0 fold 
6666 1680 2000 40 call 
8888 1880 2000 40 check 
7777 1852 2000 20 fold 
total pot: 220 
/notify 
send inquire msg to player 8888 
inquire/ 
7777 1852 2000 20 fold 
2222 1880 2000 40 call 
3333 1980 2000 0 fold 
5555 2336 2000 40 call 
1111 1832 2000 40 call 
4444 2340 2000 0 fold 
6666 1680 2000 40 call 
8888 1880 2000 40 check 
total pot: 220 
/inquire 
recv from player 8888: check 
send inquire msg to player 6666 
inquire/ 
8888 1880 2000 40 check 
7777 1852 2000 20 fold 
2222 1880 2000 40 call 
3333 1980 2000 0 fold 
5555 2336 2000 40 call 
1111 1832 2000 40 call 
4444 2340 2000 0 fold 
6666 1680 2000 40 call 
total pot: 220 
/inquire 
recv from player 6666: call 
send inquire msg to player 1111 
inquire/ 
4444 2340 2000 0 fold 
6666 1680 2000 40 check 
8888 1880 2000 40 check 
7777 1852 2000 20 fold 
2222 1880 2000 40 call 
3333 1980 2000 0 fold 
5555 2336 2000 40 call 
1111 1832 2000 40 call 
total pot: 220 
/inquire 
recv from player 1111: check 

send inquire msg to player 5555 
inquire/ 
1111 1832 2000 40 check 
4444 2340 2000 0 fold 
6666 1680 2000 40 check 
8888 1880 2000 40 check 
7777 1852 2000 20 fold 
2222 1880 2000 40 call 
3333 1980 2000 0 fold 
5555 2336 2000 40 call 
total pot: 220 
/inquire 
recv from player 5555: fold 
send inquire msg to player 2222 
inquire/ 
3333 1980 2000 0 fold 
5555 2336 2000 40 fold 
1111 1832 2000 40 check 
4444 2340 2000 0 fold 
6666 1680 2000 40 check 
8888 1880 2000 40 check 
7777 1852 2000 20 fold 
2222 1880 2000 40 call 
total pot: 220 
/inquire 
recv from player 2222: call 

turn/ 
CLUBS K 
/turn 

---turn round bet---
valid player: 8, all in player: 0, fold player: 4
send notify msg to player 7777 
notify/ 
2222 1880 2000 40 check 
3333 1980 2000 0 fold 
5555 2336 2000 40 fold 
1111 1832 2000 40 check 
4444 2340 2000 0 fold 
6666 1680 2000 40 check 
8888 1880 2000 40 check 
7777 1852 2000 20 fold 
total pot: 220 
/notify 
send inquire msg to player 8888 
inquire/ 
7777 1852 2000 20 fold 
2222 1880 2000 40 check 
3333 1980 2000 0 fold 
5555 2336 2000 40 fold 
1111 1832 2000 40 check 
4444 2340 2000 0 fold 
6666 1680 2000 40 check 
8888 1880 2000 40 check 
total pot: 220 
/inquire 
recv from player 8888: check 
send inquire msg to player 6666 
inquire/ 
8888 1880 2000 40 check 
7777 1852 2000 20 fold 
2222 1880 2000 40 check 
3333 1980 2000 0 fold 
5555 2336 2000 40 fold 
1111 1832 2000 40 check 
4444 2340 2000 0 fold 
6666 1680 2000 40 check 
total pot: 220 
/inquire 
recv from player 6666: raise 500 
send inquire msg to player 1111 
inquire/ 
4444 2340 2000 0 fold 
6666 1180 2000 540 raise 
8888 1880 2000 40 check 
7777 1852 2000 20 fold 
2222 1880 2000 40 check 
3333 1980 2000 0 fold 
5555 2336 2000 40 fold 
1111 1832 2000 40 check 
total pot: 720 
/inquire 
recv from player 1111: fold 

send inquire msg to player 2222 
inquire/ 
3333 1980 2000 0 fold 
5555 2336 2000 40 fold 
1111 1832 2000 40 fold 
4444 2340 2000 0 fold 
6666 1180 2000 540 raise 
8888 1880 2000 40 check 
7777 1852 2000 20 fold 
2222 1880 2000 40 check 
total pot: 720 
/inquire 
recv from player 2222: fold 

send notify msg to player 7777 
notify/ 
2222 1880 2000 40 fold 
3333 1980 2000 0 fold 
5555 2336 2000 40 fold 
1111 1832 2000 40 fold 
4444 2340 2000 0 fold 
6666 1180 2000 540 raise 
8888 1880 2000 40 check 
7777 1852 2000 20 fold 
total pot: 720 
/notify 
send inquire msg to player 8888 
inquire/ 
7777 1852 2000 20 fold 
2222 1880 2000 40 fold 
3333 1980 2000 0 fold 
5555 2336 2000 40 fold 
1111 1832 2000 40 fold 
4444 2340 2000 0 fold 
6666 1180 2000 540 raise 
8888 1880 2000 40 check 
total pot: 720 
/inquire 
recv from player 8888: call 
river/ 
CLUBS Q 
/river 

---river round bet---
valid player: 8, all in player: 0, fold player: 6
send notify msg to player 7777 
notify/ 
2222 1880 2000 40 fold 
3333 1980 2000 0 fold 
5555 2336 2000 40 fold 
1111 1832 2000 40 fold 
4444 2340 2000 0 fold 
6666 1180 2000 540 raise 
8888 1380 2000 540 call 
7777 1852 2000 20 fold 
total pot: 1220 
/notify 
send inquire msg to player 8888 
inquire/ 
7777 1852 2000 20 fold 
2222 1880 2000 40 fold 
3333 1980 2000 0 fold 
5555 2336 2000 40 fold 
1111 1832 2000 40 fold 
4444 2340 2000 0 fold 
6666 1180 2000 540 raise 
8888 1380 2000 540 call 
total pot: 1220 
/inquire 
recv from player 8888: fold 
send inquire msg to player 6666 
inquire/ 
8888 1380 2000 540 fold 
7777 1852 2000 20 fold 
2222 1880 2000 40 fold 
3333 1980 2000 0 fold 
5555 2336 2000 40 fold 
1111 1832 2000 40 fold 
4444 2340 2000 0 fold 
6666 1180 2000 540 raise 
total pot: 1220 
/inquire 
recv from player 6666: raise 1000 

----- notify msg last round -----
send notify msg to player 1111 
notify/ 
4444 2340 2000 0 fold 
6666 180 2000 1540 raise 
8888 1380 2000 540 fold 
7777 1852 2000 20 fold 
2222 1880 2000 40 fold 
3333 1980 2000 0 fold 
5555 2336 2000 40 fold 
1111 1832 2000 40 fold 
total pot: 2220 
/notify 
send notify msg to player 7777 
notify/ 
2222 1880 2000 40 fold 
3333 1980 2000 0 fold 
5555 2336 2000 40 fold 
1111 1832 2000 40 fold 
4444 2340 2000 0 fold 
6666 180 2000 1540 raise 
8888 1380 2000 540 fold 
7777 1852 2000 20 fold 
total pot: 2220 
/notify 

--- 1 players not fold, don't need show down---

---Allocate pot---
Only player at seat 2 not fold, win all the pot 2220
pot-win/ 
6666: 2220 
/pot-win 
it is player 7777's turn to be button

-----4 Hand-----

----- clean player data in socket -----
seat/ 
button: 7777 1852 2000 
small blind: 8888 1380 2000 
big blind: 6666 2400 2000 
4444 2340 2000 
1111 1832 2000 
5555 2336 2000 
3333 1980 2000 
2222 1880 2000 
/seat 
blind/ 
8888: 20 
6666: 40 
/blind 
player 8888:hold/ 
SPADES Q 
CLUBS 10 
/hold 
player 6666:hold/ 
HEARTS K 
SPADES K 
/hold 
player 4444:hold/ 
HEARTS A 
HEARTS 3 
/hold 
player 1111:hold/ 
CLUBS 8 
HEARTS 7 
/hold 
player 5555:hold/ 
CLUBS Q 
HEARTS 10 
/hold 
player 3333:hold/ 
DIAMONDS 10 
DIAMONDS 3 
/hold 
player 2222:hold/ 
DIAMONDS 7 
CLUBS J 
/hold 
player 7777:hold/ 
CLUBS 3 
SPADES 8 
/hold 

---pre flop round bet---
valid player: 8, all in player: 0, fold player: 0
send inquire msg to player 4444 
inquire/ 
6666 2360 2000 40 blind 
8888 1360 2000 20 blind 
total pot: 60 
/inquire 
recv from player 4444: call 
send inquire msg to player 1111 
inquire/ 
4444 2300 2000 40 call 
6666 2360 2000 40 blind 
8888 1360 2000 20 blind 
total pot: 100 
/inquire 
recv from player 1111: call 

send inquire msg to player 5555 
inquire/ 
1111 1792 2000 40 call 
4444 2300 2000 40 call 
6666 2360 2000 40 blind 
8888 1360 2000 20 blind 
total pot: 140 
/inquire 
recv from player 5555: call 
send inquire msg to player 3333 
inquire/ 
5555 2296 2000 40 call 
1111 1792 2000 40 call 
4444 2300 2000 40 call 
6666 2360 2000 40 blind 
8888 1360 2000 20 blind 
total pot: 180 
/inquire 
recv from player 3333: fold
send inquire msg to player 2222 
inquire/ 
3333 1980 2000 0 fold 
5555 2296 2000 40 call 
1111 1792 2000 40 call 
4444 2300 2000 40 call 
6666 2360 2000 40 blind 
8888 1360 2000 20 blind 
total pot: 180 
/inquire 
recv from player 2222: fold 

send inquire msg to player 7777 
inquire/ 
2222 1880 2000 0 fold 
3333 1980 2000 0 fold 
5555 2296 2000 40 call 
1111 1792 2000 40 call 
4444 2300 2000 40 call 
6666 2360 2000 40 blind 
8888 1360 2000 20 blind 
total pot: 180 
/inquire 
recv from player 7777: fold 

send inquire msg to player 8888 
inquire/ 
7777 1852 2000 0 fold 
2222 1880 2000 0 fold 
3333 1980 2000 0 fold 
5555 2296 2000 40 call 
1111 1792 2000 40 call 
4444 2300 2000 40 call 
6666 2360 2000 40 blind 
8888 1360 2000 20 blind 
total pot: 180 
/inquire 
recv from player 8888: call 
send inquire msg to player 6666 
inquire/ 
8888 1340 2000 40 call 
7777 1852 2000 0 fold 
2222 1880 2000 0 fold 
3333 1980 2000 0 fold 
5555 2296 2000 40 call 
1111 1792 2000 40 call 
4444 2300 2000 40 call 
6666 2360 2000 40 blind 
total pot: 200 
/inquire 
recv from player 6666: raise 200 
send inquire msg to player 4444 
inquire/ 
6666 2160 2000 240 raise 
8888 1340 2000 40 call 
7777 1852 2000 0 fold 
2222 1880 2000 0 fold 
3333 1980 2000 0 fold 
5555 2296 2000 40 call 
1111 1792 2000 40 call 
4444 2300 2000 40 call 
total pot: 400 
/inquire 
recv from player 4444: call 
send inquire msg to player 1111 
inquire/ 
4444 2100 2000 240 call 
6666 2160 2000 240 raise 
8888 1340 2000 40 call 
7777 1852 2000 0 fold 
2222 1880 2000 0 fold 
3333 1980 2000 0 fold 
5555 2296 2000 40 call 
1111 1792 2000 40 call 
total pot: 600 
/inquire 
recv from player 1111: fold 

send inquire msg to player 5555 
inquire/ 
1111 1792 2000 40 fold 
4444 2100 2000 240 call 
6666 2160 2000 240 raise 
8888 1340 2000 40 call 
7777 1852 2000 0 fold 
2222 1880 2000 0 fold 
3333 1980 2000 0 fold 
5555 2296 2000 40 call 
total pot: 600 
/inquire 
recv from player 5555: fold 
send notify msg to player 7777 
notify/ 
2222 1880 2000 0 fold 
3333 1980 2000 0 fold 
5555 2296 2000 40 fold 
1111 1792 2000 40 fold 
4444 2100 2000 240 call 
6666 2160 2000 240 raise 
8888 1340 2000 40 call 
7777 1852 2000 0 fold 
total pot: 600 
/notify 
send inquire msg to player 8888 
inquire/ 
7777 1852 2000 0 fold 
2222 1880 2000 0 fold 
3333 1980 2000 0 fold 
5555 2296 2000 40 fold 
1111 1792 2000 40 fold 
4444 2100 2000 240 call 
6666 2160 2000 240 raise 
8888 1340 2000 40 call 
total pot: 600 
/inquire 
recv from player 8888: fold 
flop/ 
SPADES 7 
CLUBS K 
CLUBS 6 
/flop 

---flop round bet---
valid player: 8, all in player: 0, fold player: 6
send inquire msg to player 6666 
inquire/ 
8888 1340 2000 40 fold 
7777 1852 2000 0 fold 
2222 1880 2000 0 fold 
3333 1980 2000 0 fold 
5555 2296 2000 40 fold 
1111 1792 2000 40 fold 
4444 2100 2000 240 call 
6666 2160 2000 240 raise 
total pot: 600 
/inquire 
recv from player 6666: call 
send inquire msg to player 4444 
inquire/ 
6666 2160 2000 240 check 
8888 1340 2000 40 fold 
7777 1852 2000 0 fold 
2222 1880 2000 0 fold 
3333 1980 2000 0 fold 
5555 2296 2000 40 fold 
1111 1792 2000 40 fold 
4444 2100 2000 240 call 
total pot: 600 
/inquire 
recv from player 4444: call 
turn/ 
HEARTS Q 
/turn 

---turn round bet---
valid player: 8, all in player: 0, fold player: 6
send inquire msg to player 6666 
inquire/ 
8888 1340 2000 40 fold 
7777 1852 2000 0 fold 
2222 1880 2000 0 fold 
3333 1980 2000 0 fold 
5555 2296 2000 40 fold 
1111 1792 2000 40 fold 
4444 2100 2000 240 check 
6666 2160 2000 240 check 
total pot: 600 
/inquire 
recv from player 6666: raise 500 
send inquire msg to player 4444 
inquire/ 
6666 1660 2000 740 raise 
8888 1340 2000 40 fold 
7777 1852 2000 0 fold 
2222 1880 2000 0 fold 
3333 1980 2000 0 fold 
5555 2296 2000 40 fold 
1111 1792 2000 40 fold 
4444 2100 2000 240 check 
total pot: 1100 
/inquire 
recv from player 4444: fold 

---river round bet---
valid player: 8, all in player: 0, fold player: 7

----- notify msg last round -----
send notify msg to player 1111 
notify/ 
4444 2100 2000 240 fold 
6666 1660 2000 740 raise 
8888 1340 2000 40 fold 
7777 1852 2000 0 fold 
2222 1880 2000 0 fold 
3333 1980 2000 0 fold 
5555 2296 2000 40 fold 
1111 1792 2000 40 fold 
total pot: 1100 
/notify 
send notify msg to player 7777 
notify/ 
2222 1880 2000 0 fold 
3333 1980 2000 0 fold 
5555 2296 2000 40 fold 
1111 1792 2000 40 fold 
4444 2100 2000 240 fold 
6666 1660 2000 740 raise 
8888 1340 2000 40 fold 
7777 1852 2000 0 fold 
total pot: 1100 
/notify 

--- 1 players not fold, don't need show down---

---Allocate pot---
Only player at seat 1 not fold, win all the pot 1100
pot-win/ 
6666: 1100 
/pot-win 
it is player 8888's turn to be button

-----5 Hand-----

----- clean player data in socket -----
seat/ 
button: 8888 1340 2000 
small blind: 6666 2760 2000 
big blind: 4444 2100 2000 
1111 1792 2000 
5555 2296 2000 
3333 1980 2000 
2222 1880 2000 
7777 1852 2000 
/seat 
blind/ 
6666: 20 
4444: 40 
/blind 
player 6666:hold/ 
DIAMONDS Q 
CLUBS 9 
/hold 
player 4444:hold/ 
SPADES 6 
SPADES 7 
/hold 
player 1111:hold/ 
HEARTS 4 
SPADES 3 
/hold 
player 5555:hold/ 
HEARTS 5 
CLUBS A 
/hold 
player 3333:hold/ 
HEARTS 9 
CLUBS 5 
/hold 
player 2222:hold/ 
CLUBS 3 
CLUBS 8 
/hold 
player 7777:hold/ 
DIAMONDS 10 
HEARTS 2 
/hold 
player 8888:hold/ 
HEARTS Q 
HEARTS A 
/hold 

---pre flop round bet---
valid player: 8, all in player: 0, fold player: 0
send inquire msg to player 1111 
inquire/ 
4444 2060 2000 40 blind 
6666 2740 2000 20 blind 
total pot: 60 
/inquire 
recv from player 1111: fold 

send inquire msg to player 5555 
inquire/ 
1111 1792 2000 0 fold 
4444 2060 2000 40 blind 
6666 2740 2000 20 blind 
total pot: 60 
/inquire 
recv from player 5555: call 
send inquire msg to player 3333 
inquire/ 
5555 2256 2000 40 call 
1111 1792 2000 0 fold 
4444 2060 2000 40 blind 
6666 2740 2000 20 blind 
total pot: 100 
/inquire 
recv from player 3333: fold
send inquire msg to player 2222 
inquire/ 
3333 1980 2000 0 fold 
5555 2256 2000 40 call 
1111 1792 2000 0 fold 
4444 2060 2000 40 blind 
6666 2740 2000 20 blind 
total pot: 100 
/inquire 
recv from player 2222: fold 

send inquire msg to player 7777 
inquire/ 
2222 1880 2000 0 fold 
3333 1980 2000 0 fold 
5555 2256 2000 40 call 
1111 1792 2000 0 fold 
4444 2060 2000 40 blind 
6666 2740 2000 20 blind 
total pot: 100 
/inquire 
recv from player 7777: fold 

send inquire msg to player 8888 
inquire/ 
7777 1852 2000 0 fold 
2222 1880 2000 0 fold 
3333 1980 2000 0 fold 
5555 2256 2000 40 call 
1111 1792 2000 0 fold 
4444 2060 2000 40 blind 
6666 2740 2000 20 blind 
total pot: 100 
/inquire 
recv from player 8888: call 
send inquire msg to player 6666 
inquire/ 
8888 1300 2000 40 call 
7777 1852 2000 0 fold 
2222 1880 2000 0 fold 
3333 1980 2000 0 fold 
5555 2256 2000 40 call 
1111 1792 2000 0 fold 
4444 2060 2000 40 blind 
6666 2740 2000 20 blind 
total pot: 140 
/inquire 
recv from player 6666: call 
send inquire msg to player 4444 
inquire/ 
6666 2720 2000 40 call 
8888 1300 2000 40 call 
7777 1852 2000 0 fold 
2222 1880 2000 0 fold 
3333 1980 2000 0 fold 
5555 2256 2000 40 call 
1111 1792 2000 0 fold 
4444 2060 2000 40 blind 
total pot: 160 
/inquire 
recv from player 4444: call 
flop/ 
DIAMONDS 5 
CLUBS 10 
CLUBS 6 
/flop 

---flop round bet---
valid player: 8, all in player: 0, fold player: 4
send inquire msg to player 6666 
inquire/ 
8888 1300 2000 40 call 
7777 1852 2000 0 fold 
2222 1880 2000 0 fold 
3333 1980 2000 0 fold 
5555 2256 2000 40 call 
1111 1792 2000 0 fold 
4444 2060 2000 40 check 
6666 2720 2000 40 call 
total pot: 160 
/inquire 
recv from player 6666: fold 
send inquire msg to player 4444 
inquire/ 
6666 2720 2000 40 fold 
8888 1300 2000 40 call 
7777 1852 2000 0 fold 
2222 1880 2000 0 fold 
3333 1980 2000 0 fold 
5555 2256 2000 40 call 
1111 1792 2000 0 fold 
4444 2060 2000 40 check 
total pot: 160 
/inquire 
recv from player 4444: raise 200 
send notify msg to player 1111 
notify/ 
4444 1860 2000 240 raise 
6666 2720 2000 40 fold 
8888 1300 2000 40 call 
7777 1852 2000 0 fold 
2222 1880 2000 0 fold 
3333 1980 2000 0 fold 
5555 2256 2000 40 call 
1111 1792 2000 0 fold 
total pot: 360 
/notify 
send inquire msg to player 5555 
inquire/ 
1111 1792 2000 0 fold 
4444 1860 2000 240 raise 
6666 2720 2000 40 fold 
8888 1300 2000 40 call 
7777 1852 2000 0 fold 
2222 1880 2000 0 fold 
3333 1980 2000 0 fold 
5555 2256 2000 40 call 
total pot: 360 
/inquire 
recv from player 5555: call 
send notify msg to player 7777 
notify/ 
2222 1880 2000 0 fold 
3333 1980 2000 0 fold 
5555 2056 2000 240 call 
1111 1792 2000 0 fold 
4444 1860 2000 240 raise 
6666 2720 2000 40 fold 
8888 1300 2000 40 call 
7777 1852 2000 0 fold 
total pot: 560 
/notify 
send inquire msg to player 8888 
inquire/ 
7777 1852 2000 0 fold 
2222 1880 2000 0 fold 
3333 1980 2000 0 fold 
5555 2056 2000 240 call 
1111 1792 2000 0 fold 
4444 1860 2000 240 raise 
6666 2720 2000 40 fold 
8888 1300 2000 40 call 
total pot: 560 
/inquire 
recv from player 8888: call 
turn/ 
HEARTS 8 
/turn 

---turn round bet---
valid player: 8, all in player: 0, fold player: 5
send inquire msg to player 4444 
inquire/ 
6666 2720 2000 40 fold 
8888 1100 2000 240 call 
7777 1852 2000 0 fold 
2222 1880 2000 0 fold 
3333 1980 2000 0 fold 
5555 2056 2000 240 call 
1111 1792 2000 0 fold 
4444 1860 2000 240 raise 
total pot: 760 
/inquire 
recv from player 4444: call 
send notify msg to player 1111 
notify/ 
4444 1860 2000 240 check 
6666 2720 2000 40 fold 
8888 1100 2000 240 call 
7777 1852 2000 0 fold 
2222 1880 2000 0 fold 
3333 1980 2000 0 fold 
5555 2056 2000 240 call 
1111 1792 2000 0 fold 
total pot: 760 
/notify 
send inquire msg to player 5555 
inquire/ 
1111 1792 2000 0 fold 
4444 1860 2000 240 check 
6666 2720 2000 40 fold 
8888 1100 2000 240 call 
7777 1852 2000 0 fold 
2222 1880 2000 0 fold 
3333 1980 2000 0 fold 
5555 2056 2000 240 call 
total pot: 760 
/inquire 
recv from player 5555: call 
send notify msg to player 7777 
notify/ 
2222 1880 2000 0 fold 
3333 1980 2000 0 fold 
5555 2056 2000 240 check 
1111 1792 2000 0 fold 
4444 1860 2000 240 check 
6666 2720 2000 40 fold 
8888 1100 2000 240 call 
7777 1852 2000 0 fold 
total pot: 760 
/notify 
send inquire msg to player 8888 
inquire/ 
7777 1852 2000 0 fold 
2222 1880 2000 0 fold 
3333 1980 2000 0 fold 
5555 2056 2000 240 check 
1111 1792 2000 0 fold 
4444 1860 2000 240 check 
6666 2720 2000 40 fold 
8888 1100 2000 240 call 
total pot: 760 
/inquire 
recv from player 8888: fold 
river/ 
DIAMONDS K 
/river 

---river round bet---
valid player: 8, all in player: 0, fold player: 6
send inquire msg to player 4444 
inquire/ 
6666 2720 2000 40 fold 
8888 1100 2000 240 fold 
7777 1852 2000 0 fold 
2222 1880 2000 0 fold 
3333 1980 2000 0 fold 
5555 2056 2000 240 check 
1111 1792 2000 0 fold 
4444 1860 2000 240 check 
total pot: 760 
/inquire 
recv from player 4444: check 
send notify msg to player 1111 
notify/ 
4444 1860 2000 240 check 
6666 2720 2000 40 fold 
8888 1100 2000 240 fold 
7777 1852 2000 0 fold 
2222 1880 2000 0 fold 
3333 1980 2000 0 fold 
5555 2056 2000 240 check 
1111 1792 2000 0 fold 
total pot: 760 
/notify 
send inquire msg to player 5555 
inquire/ 
1111 1792 2000 0 fold 
4444 1860 2000 240 check 
6666 2720 2000 40 fold 
8888 1100 2000 240 fold 
7777 1852 2000 0 fold 
2222 1880 2000 0 fold 
3333 1980 2000 0 fold 
5555 2056 2000 240 check 
total pot: 760 
/inquire 
recv from player 5555: check 

----- notify msg last round -----
send notify msg to player 7777 
notify/ 
2222 1880 2000 0 fold 
3333 1980 2000 0 fold 
5555 2056 2000 240 check 
1111 1792 2000 0 fold 
4444 1860 2000 240 check 
6666 2720 2000 40 fold 
8888 1100 2000 240 fold 
7777 1852 2000 0 fold 
total pot: 760 
/notify 
send notify msg to player 1111 
notify/ 
4444 1860 2000 240 check 
6666 2720 2000 40 fold 
8888 1100 2000 240 fold 
7777 1852 2000 0 fold 
2222 1880 2000 0 fold 
3333 1980 2000 0 fold 
5555 2056 2000 240 check 
1111 1792 2000 0 fold 
total pot: 760 
/notify 

---show down---
showdown/ 
common/ 
DIAMONDS 5 
CLUBS 10 
CLUBS 6 
HEARTS 8 
DIAMONDS K 
/common 
1: 4444 SPADES 6 SPADES 7 ONE_PAIR 
2: 5555 HEARTS 5 CLUBS A ONE_PAIR 
/showdown 

---Allocate pot---
pot-win/ 
4444: 760 
/pot-win 
it is player 6666's turn to be button

-----6 Hand-----

----- clean player data in socket -----
seat/ 
button: 6666 2720 2000 
small blind: 4444 2620 2000 
big blind: 1111 1792 2000 
5555 2056 2000 
3333 1980 2000 
2222 1880 2000 
7777 1852 2000 
8888 1100 2000 
/seat 
blind/ 
4444: 20 
1111: 40 
/blind 
player 4444:hold/ 
DIAMONDS 6 
CLUBS 10 
/hold 
player 1111:hold/ 
HEARTS Q 
DIAMONDS 10 
/hold 
player 5555:hold/ 
HEARTS 8 
DIAMONDS 2 
/hold 
player 3333:hold/ 
HEARTS 6 
HEARTS 2 
/hold 
player 2222:hold/ 
SPADES 3 
CLUBS Q 
/hold 
player 7777:hold/ 
HEARTS 5 
CLUBS 3 
/hold 
player 8888:hold/ 
SPADES 10 
CLUBS 4 
/hold 
player 6666:hold/ 
DIAMONDS A 
CLUBS 6 
/hold 

---pre flop round bet---
valid player: 8, all in player: 0, fold player: 0
send inquire msg to player 5555 
inquire/ 
1111 1752 2000 40 blind 
4444 2600 2000 20 blind 
total pot: 60 
/inquire 
recv from player 5555: call 
send inquire msg to player 3333 
inquire/ 
5555 2016 2000 40 call 
1111 1752 2000 40 blind 
4444 2600 2000 20 blind 
total pot: 100 
/inquire 
recv from player 3333: fold
send inquire msg to player 2222 
inquire/ 
3333 1980 2000 0 fold 
5555 2016 2000 40 call 
1111 1752 2000 40 blind 
4444 2600 2000 20 blind 
total pot: 100 
/inquire 
recv from player 2222: fold 

send inquire msg to player 7777 
inquire/ 
2222 1880 2000 0 fold 
3333 1980 2000 0 fold 
5555 2016 2000 40 call 
1111 1752 2000 40 blind 
4444 2600 2000 20 blind 
total pot: 100 
/inquire 
recv from player 7777: fold 

send inquire msg to player 8888 
inquire/ 
7777 1852 2000 0 fold 
2222 1880 2000 0 fold 
3333 1980 2000 0 fold 
5555 2016 2000 40 call 
1111 1752 2000 40 blind 
4444 2600 2000 20 blind 
total pot: 100 
/inquire 
recv from player 8888: call 
send inquire msg to player 6666 
inquire/ 
8888 1060 2000 40 call 
7777 1852 2000 0 fold 
2222 1880 2000 0 fold 
3333 1980 2000 0 fold 
5555 2016 2000 40 call 
1111 1752 2000 40 blind 
4444 2600 2000 20 blind 
total pot: 140 
/inquire 
recv from player 6666: fold 
send inquire msg to player 4444 
inquire/ 
6666 2720 2000 0 fold 
8888 1060 2000 40 call 
7777 1852 2000 0 fold 
2222 1880 2000 0 fold 
3333 1980 2000 0 fold 
5555 2016 2000 40 call 
1111 1752 2000 40 blind 
4444 2600 2000 20 blind 
total pot: 140 
/inquire 
recv from player 4444: fold 
send inquire msg to player 1111 
inquire/ 
4444 2600 2000 20 fold 
6666 2720 2000 0 fold 
8888 1060 2000 40 call 
7777 1852 2000 0 fold 
2222 1880 2000 0 fold 
3333 1980 2000 0 fold 
5555 2016 2000 40 call 
1111 1752 2000 40 blind 
total pot: 140 
/inquire 
recv from player 1111: call 

flop/ 
CLUBS 7 
SPADES 7 
HEARTS 3 
/flop 

---flop round bet---
valid player: 8, all in player: 0, fold player: 5
send inquire msg to player 1111 
inquire/ 
4444 2600 2000 20 fold 
6666 2720 2000 0 fold 
8888 1060 2000 40 call 
7777 1852 2000 0 fold 
2222 1880 2000 0 fold 
3333 1980 2000 0 fold 
5555 2016 2000 40 call 
1111 1752 2000 40 check 
total pot: 140 
/inquire 
recv from player 1111: check 

send inquire msg to player 5555 
inquire/ 
1111 1752 2000 40 check 
4444 2600 2000 20 fold 
6666 2720 2000 0 fold 
8888 1060 2000 40 call 
7777 1852 2000 0 fold 
2222 1880 2000 0 fold 
3333 1980 2000 0 fold 
5555 2016 2000 40 call 
total pot: 140 
/inquire 
recv from player 5555: call 
send notify msg to player 7777 
notify/ 
2222 1880 2000 0 fold 
3333 1980 2000 0 fold 
5555 2016 2000 40 check 
1111 1752 2000 40 check 
4444 2600 2000 20 fold 
6666 2720 2000 0 fold 
8888 1060 2000 40 call 
7777 1852 2000 0 fold 
total pot: 140 
/notify 
send inquire msg to player 8888 
inquire/ 
7777 1852 2000 0 fold 
2222 1880 2000 0 fold 
3333 1980 2000 0 fold 
5555 2016 2000 40 check 
1111 1752 2000 40 check 
4444 2600 2000 20 fold 
6666 2720 2000 0 fold 
8888 1060 2000 40 call 
total pot: 140 
/inquire 
recv from player 8888: call 
turn/ 
HEARTS 7 
/turn 

---turn round bet---
valid player: 8, all in player: 0, fold player: 5
send inquire msg to player 1111 
inquire/ 
4444 2600 2000 20 fold 
6666 2720 2000 0 fold 
8888 1060 2000 40 check 
7777 1852 2000 0 fold 
2222 1880 2000 0 fold 
3333 1980 2000 0 fold 
5555 2016 2000 40 check 
1111 1752 2000 40 check 
total pot: 140 
/inquire 
recv from player 1111: check 

send inquire msg to player 5555 
inquire/ 
1111 1752 2000 40 check 
4444 2600 2000 20 fold 
6666 2720 2000 0 fold 
8888 1060 2000 40 check 
7777 1852 2000 0 fold 
