

===VERSION 1.31===
---GAME START @ 2015-6-13-12-17-30---

wait registration for 30 seconds
reg: 2222 baymax 
reg: 3333 JunLinTianXia 
reg: 5555 baymax 
reg: 1111 HJ  need_notify  
reg: 6666 ShuQi need_notify  
reg: 8888 ShuQi need_notify  
reg: 4444 DSNJU 
reg: 7777 CQchappie need_notify 
close registration

-----1 Hand-----

----- clean player data in socket -----
seat/ 
button: 1111 2000 2000 
small blind: 8888 2000 2000 
big blind: 2222 2000 2000 
7777 2000 2000 
6666 2000 2000 
5555 2000 2000 
3333 2000 2000 
4444 2000 2000 
/seat 
blind/ 
8888: 20 
2222: 40 
/blind 
player 8888:hold/ 
DIAMONDS 10 
DIAMONDS J 
/hold 
player 2222:hold/ 
HEARTS 8 
HEARTS 4 
/hold 
player 7777:hold/ 
HEARTS Q 
CLUBS 9 
/hold 
player 6666:hold/ 
CLUBS 8 
HEARTS K 
/hold 
player 5555:hold/ 
HEARTS A 
DIAMONDS 5 
/hold 
player 3333:hold/ 
DIAMONDS 8 
SPADES 9 
/hold 
player 4444:hold/ 
DIAMONDS 9 
SPADES A 
/hold 
player 1111:hold/ 
HEARTS 9 
HEARTS 6 
/hold 

---pre flop round bet---
valid player: 8, all in player: 0, fold player: 0

send inquire msg to player 7777(seat:2) 
inquire/ 
2222 1960 2000 40 blind 
8888 1980 2000 20 blind 
total pot: 60 
/inquire 
recv from player 7777: fold 


send inquire msg to player 6666(seat:3) 
inquire/ 
7777 2000 2000 0 fold 
2222 1960 2000 40 blind 
8888 1980 2000 20 blind 
total pot: 60 
/inquire 
recv from player 6666: fold 


send inquire msg to player 5555(seat:4) 
inquire/ 
6666 2000 2000 0 fold 
7777 2000 2000 0 fold 
2222 1960 2000 40 blind 
8888 1980 2000 20 blind 
total pot: 60 
/inquire 
recv from player 5555: fold 


send inquire msg to player 3333(seat:5) 
inquire/ 
5555 2000 2000 0 fold 
6666 2000 2000 0 fold 
7777 2000 2000 0 fold 
2222 1960 2000 40 blind 
8888 1980 2000 20 blind 
total pot: 60 
/inquire 
recv from player 3333: fold 


send inquire msg to player 4444(seat:6) 
inquire/ 
3333 2000 2000 0 fold 
5555 2000 2000 0 fold 
6666 2000 2000 0 fold 
7777 2000 2000 0 fold 
2222 1960 2000 40 blind 
8888 1980 2000 20 blind 
total pot: 60 
/inquire 
recv from player 4444: raise 110


send inquire msg to player 1111(seat:7) 
inquire/ 
4444 1850 2000 150 raise 
3333 2000 2000 0 fold 
5555 2000 2000 0 fold 
6666 2000 2000 0 fold 
7777 2000 2000 0 fold 
2222 1960 2000 40 blind 
8888 1980 2000 20 blind 
total pot: 210 
/inquire 
recv from player 1111: fold 

send inquire msg to player 8888(seat:0) 
inquire/ 
1111 2000 2000 0 fold 
4444 1850 2000 150 raise 
3333 2000 2000 0 fold 
5555 2000 2000 0 fold 
6666 2000 2000 0 fold 
7777 2000 2000 0 fold 
2222 1960 2000 40 blind 
8888 1980 2000 20 blind 
total pot: 210 
/inquire 
recv from player 8888: call 


send inquire msg to player 2222(seat:1) 
inquire/ 
8888 1850 2000 150 call 
1111 2000 2000 0 fold 
4444 1850 2000 150 raise 
3333 2000 2000 0 fold 
5555 2000 2000 0 fold 
6666 2000 2000 0 fold 
7777 2000 2000 0 fold 
2222 1960 2000 40 blind 
total pot: 340 
/inquire 
recv from player 2222: fold 

valid player: 8, all in player: 0, fold player: 6

----- send notify msg from 2 to 0(exclude) -----

send notify msg to player 7777(seat:2) 
notify/ 
2222 1960 2000 40 fold 
8888 1850 2000 150 call 
1111 2000 2000 0 fold 
4444 1850 2000 150 raise 
3333 2000 2000 0 fold 
5555 2000 2000 0 fold 
6666 2000 2000 0 fold 
7777 2000 2000 0 fold 
total pot: 340 
/notify 

send notify msg to player 6666(seat:3) 
notify/ 
7777 2000 2000 0 fold 
2222 1960 2000 40 fold 
8888 1850 2000 150 call 
1111 2000 2000 0 fold 
4444 1850 2000 150 raise 
3333 2000 2000 0 fold 
5555 2000 2000 0 fold 
6666 2000 2000 0 fold 
total pot: 340 
/notify 

player 5555(seat:4) doesn't need notify-msg

player 3333(seat:5) doesn't need notify-msg

player 4444(seat:6) doesn't need notify-msg

send notify msg to player 1111(seat:7) 
notify/ 
4444 1850 2000 150 raise 
3333 2000 2000 0 fold 
5555 2000 2000 0 fold 
6666 2000 2000 0 fold 
7777 2000 2000 0 fold 
2222 1960 2000 40 fold 
8888 1850 2000 150 call 
1111 2000 2000 0 fold 
total pot: 340 
/notify 
flop/ 
CLUBS 5 
HEARTS 10 
DIAMONDS A 
/flop 

---flop round bet---
valid player: 8, all in player: 0, fold player: 6

send inquire msg to player 8888(seat:0) 
inquire/ 
1111 2000 2000 0 fold 
4444 1850 2000 150 raise 
3333 2000 2000 0 fold 
5555 2000 2000 0 fold 
6666 2000 2000 0 fold 
7777 2000 2000 0 fold 
2222 1960 2000 40 fold 
8888 1850 2000 150 call 
total pot: 340 
/inquire 
recv from player 8888: call 


player 2222(seat:1) doesn't need notify-msg

send notify msg to player 7777(seat:2) 
notify/ 
2222 1960 2000 40 fold 
8888 1850 2000 150 check 
1111 2000 2000 0 fold 
4444 1850 2000 150 raise 
3333 2000 2000 0 fold 
5555 2000 2000 0 fold 
6666 2000 2000 0 fold 
7777 2000 2000 0 fold 
total pot: 340 
/notify 

send notify msg to player 6666(seat:3) 
notify/ 
7777 2000 2000 0 fold 
2222 1960 2000 40 fold 
8888 1850 2000 150 check 
1111 2000 2000 0 fold 
4444 1850 2000 150 raise 
3333 2000 2000 0 fold 
5555 2000 2000 0 fold 
6666 2000 2000 0 fold 
total pot: 340 
/notify 

player 5555(seat:4) doesn't need notify-msg

player 3333(seat:5) doesn't need notify-msg

send inquire msg to player 4444(seat:6) 
inquire/ 
3333 2000 2000 0 fold 
5555 2000 2000 0 fold 
6666 2000 2000 0 fold 
7777 2000 2000 0 fold 
2222 1960 2000 40 fold 
8888 1850 2000 150 check 
1111 2000 2000 0 fold 
4444 1850 2000 150 raise 
total pot: 340 
/inquire 
recv from player 4444: check

valid player: 8, all in player: 0, fold player: 6

----- send notify msg from 7 to 0(exclude) -----

send notify msg to player 1111(seat:7) 
notify/ 
4444 1850 2000 150 check 
3333 2000 2000 0 fold 
5555 2000 2000 0 fold 
6666 2000 2000 0 fold 
7777 2000 2000 0 fold 
2222 1960 2000 40 fold 
8888 1850 2000 150 check 
1111 2000 2000 0 fold 
total pot: 340 
/notify 
turn/ 
SPADES J 
/turn 

---turn round bet---
valid player: 8, all in player: 0, fold player: 6

send inquire msg to player 8888(seat:0) 
inquire/ 
1111 2000 2000 0 fold 
4444 1850 2000 150 check 
3333 2000 2000 0 fold 
5555 2000 2000 0 fold 
6666 2000 2000 0 fold 
7777 2000 2000 0 fold 
2222 1960 2000 40 fold 
8888 1850 2000 150 check 
total pot: 340 
/inquire 
recv from player 8888: raise 0


player 2222(seat:1) doesn't need notify-msg

send notify msg to player 7777(seat:2) 
notify/ 
2222 1960 2000 40 fold 
8888 1810 2000 190 raise 
1111 2000 2000 0 fold 
4444 1850 2000 150 check 
3333 2000 2000 0 fold 
5555 2000 2000 0 fold 
6666 2000 2000 0 fold 
7777 2000 2000 0 fold 
total pot: 380 
/notify 

send notify msg to player 6666(seat:3) 
notify/ 
7777 2000 2000 0 fold 
2222 1960 2000 40 fold 
8888 1810 2000 190 raise 
1111 2000 2000 0 fold 
4444 1850 2000 150 check 
3333 2000 2000 0 fold 
5555 2000 2000 0 fold 
6666 2000 2000 0 fold 
total pot: 380 
/notify 

player 5555(seat:4) doesn't need notify-msg

player 3333(seat:5) doesn't need notify-msg

send inquire msg to player 4444(seat:6) 
inquire/ 
3333 2000 2000 0 fold 
5555 2000 2000 0 fold 
6666 2000 2000 0 fold 
7777 2000 2000 0 fold 
2222 1960 2000 40 fold 
8888 1810 2000 190 raise 
1111 2000 2000 0 fold 
4444 1850 2000 150 check 
total pot: 380 
/inquire 
recv from player 4444: call

valid player: 8, all in player: 0, fold player: 6

----- send notify msg from 7 to 0(exclude) -----

send notify msg to player 1111(seat:7) 
notify/ 
4444 1810 2000 190 call 
3333 2000 2000 0 fold 
5555 2000 2000 0 fold 
6666 2000 2000 0 fold 
7777 2000 2000 0 fold 
2222 1960 2000 40 fold 
8888 1810 2000 190 raise 
1111 2000 2000 0 fold 
total pot: 420 
/notify 
river/ 
CLUBS 4 
/river 

---river round bet---
valid player: 8, all in player: 0, fold player: 6

send inquire msg to player 8888(seat:0) 
inquire/ 
1111 2000 2000 0 fold 
4444 1810 2000 190 call 
3333 2000 2000 0 fold 
5555 2000 2000 0 fold 
6666 2000 2000 0 fold 
7777 2000 2000 0 fold 
2222 1960 2000 40 fold 
8888 1810 2000 190 raise 
total pot: 420 
/inquire 
recv from player 8888: raise 140


player 2222(seat:1) doesn't need notify-msg

send notify msg to player 7777(seat:2) 
notify/ 
2222 1960 2000 40 fold 
8888 1670 2000 330 raise 
1111 2000 2000 0 fold 
4444 1810 2000 190 call 
3333 2000 2000 0 fold 
5555 2000 2000 0 fold 
6666 2000 2000 0 fold 
7777 2000 2000 0 fold 
total pot: 560 
/notify 

send notify msg to player 6666(seat:3) 
notify/ 
7777 2000 2000 0 fold 
2222 1960 2000 40 fold 
8888 1670 2000 330 raise 
1111 2000 2000 0 fold 
4444 1810 2000 190 call 
3333 2000 2000 0 fold 
5555 2000 2000 0 fold 
6666 2000 2000 0 fold 
total pot: 560 
/notify 

player 5555(seat:4) doesn't need notify-msg

player 3333(seat:5) doesn't need notify-msg

send inquire msg to player 4444(seat:6) 
inquire/ 
3333 2000 2000 0 fold 
5555 2000 2000 0 fold 
6666 2000 2000 0 fold 
7777 2000 2000 0 fold 
2222 1960 2000 40 fold 
8888 1670 2000 330 raise 
1111 2000 2000 0 fold 
4444 1810 2000 190 call 
total pot: 560 
/inquire 
recv from player 4444: call

valid player: 8, all in player: 0, fold player: 6

----- send notify msg from 7 to 6(exclude) -----

send notify msg to player 1111(seat:7) 
notify/ 
4444 1670 2000 330 call 
3333 2000 2000 0 fold 
5555 2000 2000 0 fold 
6666 2000 2000 0 fold 
7777 2000 2000 0 fold 
2222 1960 2000 40 fold 
8888 1670 2000 330 raise 
1111 2000 2000 0 fold 
total pot: 700 
/notify 

send notify msg to player 8888(seat:0) 
notify/ 
1111 2000 2000 0 fold 
4444 1670 2000 330 call 
3333 2000 2000 0 fold 
5555 2000 2000 0 fold 
6666 2000 2000 0 fold 
7777 2000 2000 0 fold 
2222 1960 2000 40 fold 
8888 1670 2000 330 raise 
total pot: 700 
/notify 

player 2222(seat:1) doesn't need notify-msg

send notify msg to player 7777(seat:2) 
notify/ 
2222 1960 2000 40 fold 
8888 1670 2000 330 raise 
1111 2000 2000 0 fold 
4444 1670 2000 330 call 
3333 2000 2000 0 fold 
5555 2000 2000 0 fold 
6666 2000 2000 0 fold 
7777 2000 2000 0 fold 
total pot: 700 
/notify 

send notify msg to player 6666(seat:3) 
notify/ 
7777 2000 2000 0 fold 
2222 1960 2000 40 fold 
8888 1670 2000 330 raise 
1111 2000 2000 0 fold 
4444 1670 2000 330 call 
3333 2000 2000 0 fold 
5555 2000 2000 0 fold 
6666 2000 2000 0 fold 
total pot: 700 
/notify 

player 5555(seat:4) doesn't need notify-msg

player 3333(seat:5) doesn't need notify-msg

---show down---
showdown/ 
common/ 
CLUBS 5 
HEARTS 10 
DIAMONDS A 
SPADES J 
CLUBS 4 
/common 
1: 8888 DIAMONDS 10 DIAMONDS J TWO_PAIR 
2: 4444 DIAMONDS 9 SPADES A ONE_PAIR 
/showdown 

---Allocate pot---
pot-win/ 
8888: 700 
/pot-win 
it is player 8888's turn to be button

-----2 Hand-----

----- clean player data in socket -----
seat/ 
button: 8888 2370 2000 
small blind: 2222 1960 2000 
big blind: 7777 2000 2000 
6666 2000 2000 
5555 2000 2000 
3333 2000 2000 
4444 1670 2000 
1111 2000 2000 
/seat 
blind/ 
2222: 20 
7777: 40 
/blind 
player 2222:hold/ 
CLUBS K 
HEARTS Q 
/hold 
player 7777:hold/ 
SPADES 8 
CLUBS 9 
/hold 
player 6666:hold/ 
HEARTS 9 
HEARTS K 
/hold 
player 5555:hold/ 
DIAMONDS 9 
CLUBS A 
/hold 
player 3333:hold/ 
SPADES 9 
CLUBS 7 
/hold 
player 4444:hold/ 
DIAMONDS J 
DIAMONDS 8 
/hold 
player 1111:hold/ 
CLUBS 5 
HEARTS 10 
/hold 
player 8888:hold/ 
CLUBS 10 
DIAMONDS 10 
/hold 

---pre flop round bet---
valid player: 8, all in player: 0, fold player: 0

send inquire msg to player 6666(seat:2) 
inquire/ 
7777 1960 2000 40 blind 
2222 1940 2000 20 blind 
total pot: 60 
/inquire 
recv from player 6666: call 


send inquire msg to player 5555(seat:3) 
inquire/ 
6666 1960 2000 40 call 
7777 1960 2000 40 blind 
2222 1940 2000 20 blind 
total pot: 100 
/inquire 
recv from player 5555: call 


send inquire msg to player 3333(seat:4) 
inquire/ 
5555 1960 2000 40 call 
6666 1960 2000 40 call 
7777 1960 2000 40 blind 
2222 1940 2000 20 blind 
total pot: 140 
/inquire 
recv from player 3333: fold 


send inquire msg to player 4444(seat:5) 
inquire/ 
3333 2000 2000 0 fold 
5555 1960 2000 40 call 
6666 1960 2000 40 call 
7777 1960 2000 40 blind 
2222 1940 2000 20 blind 
total pot: 140 
/inquire 
recv from player 4444: fold


send inquire msg to player 1111(seat:6) 
inquire/ 
4444 1670 2000 0 fold 
3333 2000 2000 0 fold 
5555 1960 2000 40 call 
6666 1960 2000 40 call 
7777 1960 2000 40 blind 
2222 1940 2000 20 blind 
total pot: 140 
/inquire 
recv from player 1111: fold 
find residue data from player 8888, data size 6

send inquire msg to player 8888(seat:7) 
inquire/ 
1111 2000 2000 0 fold 
4444 1670 2000 0 fold 
3333 2000 2000 0 fold 
5555 1960 2000 40 call 
6666 1960 2000 40 call 
7777 1960 2000 40 blind 
2222 1940 2000 20 blind 
total pot: 140 
/inquire 
recv from player 8888: raise 75 


send inquire msg to player 2222(seat:0) 
inquire/ 
8888 2255 2000 115 raise 
1111 2000 2000 0 fold 
4444 1670 2000 0 fold 
3333 2000 2000 0 fold 
5555 1960 2000 40 call 
6666 1960 2000 40 call 
7777 1960 2000 40 blind 
2222 1940 2000 20 blind 
total pot: 255 
/inquire 
recv from player 2222: raise 1807


send inquire msg to player 7777(seat:1) 
inquire/ 
2222 38 2000 1922 raise 
8888 2255 2000 115 raise 
1111 2000 2000 0 fold 
4444 1670 2000 0 fold 
3333 2000 2000 0 fold 
5555 1960 2000 40 call 
6666 1960 2000 40 call 
7777 1960 2000 40 blind 
total pot: 2157 
/inquire 
recv from player 7777: fold 


send inquire msg to player 6666(seat:2) 
inquire/ 
7777 1960 2000 40 fold 
2222 38 2000 1922 raise 
8888 2255 2000 115 raise 
1111 2000 2000 0 fold 
4444 1670 2000 0 fold 
3333 2000 2000 0 fold 
5555 1960 2000 40 call 
6666 1960 2000 40 call 
total pot: 2157 
/inquire 
recv from player 6666: fold 


send inquire msg to player 5555(seat:3) 
inquire/ 
6666 1960 2000 40 fold 
7777 1960 2000 40 fold 
2222 38 2000 1922 raise 
8888 2255 2000 115 raise 
1111 2000 2000 0 fold 
4444 1670 2000 0 fold 
3333 2000 2000 0 fold 
5555 1960 2000 40 call 
total pot: 2157 
/inquire 
recv from player 5555: fold 


player 3333(seat:4) doesn't need notify-msg

player 4444(seat:5) doesn't need notify-msg

send notify msg to player 1111(seat:6) 
notify/ 
4444 1670 2000 0 fold 
3333 2000 2000 0 fold 
5555 1960 2000 40 fold 
6666 1960 2000 40 fold 
7777 1960 2000 40 fold 
2222 38 2000 1922 raise 
8888 2255 2000 115 raise 
1111 2000 2000 0 fold 
total pot: 2157 
/notify 

send inquire msg to player 8888(seat:7) 
inquire/ 
1111 2000 2000 0 fold 
4444 1670 2000 0 fold 
3333 2000 2000 0 fold 
5555 1960 2000 40 fold 
6666 1960 2000 40 fold 
7777 1960 2000 40 fold 
2222 38 2000 1922 raise 
8888 2255 2000 115 raise 
total pot: 2157 
/inquire 
recv from player 8888: call 

valid player: 8, all in player: 0, fold player: 6

----- send notify msg from 0 to 0(exclude) -----
flop/ 
SPADES 10 
DIAMONDS A 
DIAMONDS 4 
/flop 

---flop round bet---
valid player: 8, all in player: 0, fold player: 6

send inquire msg to player 2222(seat:0) 
inquire/ 
8888 448 2000 1922 call 
1111 2000 2000 0 fold 
4444 1670 2000 0 fold 
3333 2000 2000 0 fold 
5555 1960 2000 40 fold 
6666 1960 2000 40 fold 
7777 1960 2000 40 fold 
2222 38 2000 1922 raise 
total pot: 3964 
/inquire 
recv from player 2222: call 


send notify msg to player 7777(seat:1) 
notify/ 
2222 38 2000 1922 check 
8888 448 2000 1922 call 
1111 2000 2000 0 fold 
4444 1670 2000 0 fold 
3333 2000 2000 0 fold 
5555 1960 2000 40 fold 
6666 1960 2000 40 fold 
7777 1960 2000 40 fold 
total pot: 3964 
/notify 

send notify msg to player 6666(seat:2) 
notify/ 
7777 1960 2000 40 fold 
2222 38 2000 1922 check 
8888 448 2000 1922 call 
1111 2000 2000 0 fold 
4444 1670 2000 0 fold 
3333 2000 2000 0 fold 
5555 1960 2000 40 fold 
6666 1960 2000 40 fold 
total pot: 3964 
/notify 

player 5555(seat:3) doesn't need notify-msg

player 3333(seat:4) doesn't need notify-msg

player 4444(seat:5) doesn't need notify-msg

send notify msg to player 1111(seat:6) 
notify/ 
4444 1670 2000 0 fold 
3333 2000 2000 0 fold 
5555 1960 2000 40 fold 
6666 1960 2000 40 fold 
7777 1960 2000 40 fold 
2222 38 2000 1922 check 
8888 448 2000 1922 call 
1111 2000 2000 0 fold 
total pot: 3964 
/notify 

send inquire msg to player 8888(seat:7) 
inquire/ 
1111 2000 2000 0 fold 
4444 1670 2000 0 fold 
3333 2000 2000 0 fold 
5555 1960 2000 40 fold 
6666 1960 2000 40 fold 
7777 1960 2000 40 fold 
2222 38 2000 1922 check 
8888 448 2000 1922 call 
total pot: 3964 
/inquire 
recv from player 8888: call 

valid player: 8, all in player: 0, fold player: 6

----- send notify msg from 0 to 0(exclude) -----
turn/ 
DIAMONDS 6 
/turn 

---turn round bet---
valid player: 8, all in player: 0, fold player: 6

send inquire msg to player 2222(seat:0) 
inquire/ 
8888 448 2000 1922 check 
1111 2000 2000 0 fold 
4444 1670 2000 0 fold 
3333 2000 2000 0 fold 
5555 1960 2000 40 fold 
6666 1960 2000 40 fold 
7777 1960 2000 40 fold 
2222 38 2000 1922 check 
total pot: 3964 
/inquire 
recv from player 2222: call 


send notify msg to player 7777(seat:1) 
notify/ 
2222 38 2000 1922 check 
8888 448 2000 1922 check 
1111 2000 2000 0 fold 
4444 1670 2000 0 fold 
3333 2000 2000 0 fold 
5555 1960 2000 40 fold 
6666 1960 2000 40 fold 
7777 1960 2000 40 fold 
total pot: 3964 
/notify 

send notify msg to player 6666(seat:2) 
notify/ 
7777 1960 2000 40 fold 
2222 38 2000 1922 check 
8888 448 2000 1922 check 
1111 2000 2000 0 fold 
4444 1670 2000 0 fold 
3333 2000 2000 0 fold 
5555 1960 2000 40 fold 
6666 1960 2000 40 fold 
total pot: 3964 
/notify 

player 5555(seat:3) doesn't need notify-msg

player 3333(seat:4) doesn't need notify-msg

player 4444(seat:5) doesn't need notify-msg

send notify msg to player 1111(seat:6) 
notify/ 
4444 1670 2000 0 fold 
3333 2000 2000 0 fold 
5555 1960 2000 40 fold 
6666 1960 2000 40 fold 
7777 1960 2000 40 fold 
2222 38 2000 1922 check 
8888 448 2000 1922 check 
1111 2000 2000 0 fold 
total pot: 3964 
/notify 

send inquire msg to player 8888(seat:7) 
inquire/ 
1111 2000 2000 0 fold 
4444 1670 2000 0 fold 
3333 2000 2000 0 fold 
5555 1960 2000 40 fold 
6666 1960 2000 40 fold 
7777 1960 2000 40 fold 
2222 38 2000 1922 check 
8888 448 2000 1922 check 
total pot: 3964 
/inquire 
recv from player 8888: call 

valid player: 8, all in player: 0, fold player: 6

----- send notify msg from 0 to 0(exclude) -----
river/ 
CLUBS 6 
/river 

---river round bet---
valid player: 8, all in player: 0, fold player: 6

send inquire msg to player 2222(seat:0) 
inquire/ 
8888 448 2000 1922 check 
1111 2000 2000 0 fold 
4444 1670 2000 0 fold 
3333 2000 2000 0 fold 
5555 1960 2000 40 fold 
6666 1960 2000 40 fold 
7777 1960 2000 40 fold 
2222 38 2000 1922 check 
total pot: 3964 
/inquire 
recv from player 2222: call 


send notify msg to player 7777(seat:1) 
notify/ 
2222 38 2000 1922 check 
8888 448 2000 1922 check 
1111 2000 2000 0 fold 
4444 1670 2000 0 fold 
3333 2000 2000 0 fold 
5555 1960 2000 40 fold 
6666 1960 2000 40 fold 
7777 1960 2000 40 fold 
total pot: 3964 
/notify 

send notify msg to player 6666(seat:2) 
notify/ 
7777 1960 2000 40 fold 
2222 38 2000 1922 check 
8888 448 2000 1922 check 
1111 2000 2000 0 fold 
4444 1670 2000 0 fold 
3333 2000 2000 0 fold 
5555 1960 2000 40 fold 
6666 1960 2000 40 fold 
total pot: 3964 
/notify 

player 5555(seat:3) doesn't need notify-msg

player 3333(seat:4) doesn't need notify-msg

player 4444(seat:5) doesn't need notify-msg

send notify msg to player 1111(seat:6) 
notify/ 
4444 1670 2000 0 fold 
3333 2000 2000 0 fold 
5555 1960 2000 40 fold 
6666 1960 2000 40 fold 
7777 1960 2000 40 fold 
2222 38 2000 1922 check 
8888 448 2000 1922 check 
1111 2000 2000 0 fold 
total pot: 3964 
/notify 

send inquire msg to player 8888(seat:7) 
inquire/ 
1111 2000 2000 0 fold 
4444 1670 2000 0 fold 
3333 2000 2000 0 fold 
5555 1960 2000 40 fold 
6666 1960 2000 40 fold 
7777 1960 2000 40 fold 
2222 38 2000 1922 check 
8888 448 2000 1922 check 
total pot: 3964 
/inquire 
recv from player 8888: call 

valid player: 8, all in player: 0, fold player: 6

----- send notify msg from 0 to 7(exclude) -----

player 2222(seat:0) doesn't need notify-msg

send notify msg to player 7777(seat:1) 
notify/ 
2222 38 2000 1922 check 
8888 448 2000 1922 check 
1111 2000 2000 0 fold 
4444 1670 2000 0 fold 
3333 2000 2000 0 fold 
5555 1960 2000 40 fold 
6666 1960 2000 40 fold 
7777 1960 2000 40 fold 
total pot: 3964 
/notify 

send notify msg to player 6666(seat:2) 
notify/ 
7777 1960 2000 40 fold 
2222 38 2000 1922 check 
8888 448 2000 1922 check 
1111 2000 2000 0 fold 
4444 1670 2000 0 fold 
3333 2000 2000 0 fold 
5555 1960 2000 40 fold 
6666 1960 2000 40 fold 
total pot: 3964 
/notify 

player 5555(seat:3) doesn't need notify-msg

player 3333(seat:4) doesn't need notify-msg

player 4444(seat:5) doesn't need notify-msg

send notify msg to player 1111(seat:6) 
notify/ 
4444 1670 2000 0 fold 
3333 2000 2000 0 fold 
5555 1960 2000 40 fold 
6666 1960 2000 40 fold 
7777 1960 2000 40 fold 
2222 38 2000 1922 check 
8888 448 2000 1922 check 
1111 2000 2000 0 fold 
total pot: 3964 
/notify 

---show down---
showdown/ 
common/ 
SPADES 10 
DIAMONDS A 
DIAMONDS 4 
DIAMONDS 6 
CLUBS 6 
/common 
2: 2222 CLUBS K HEARTS Q ONE_PAIR 
1: 8888 CLUBS 10 DIAMONDS 10 FULL_HOUSE 
/showdown 

---Allocate pot---
pot-win/ 
8888: 3964 
/pot-win 
it is player 2222's turn to be button

-----3 Hand-----

----- clean player data in socket -----
seat/ 
button: 2222 2000 38 
small blind: 7777 1960 2000 
big blind: 6666 1960 2000 
5555 1960 2000 
3333 2000 2000 
4444 1670 2000 
1111 2000 2000 
8888 4412 2000 
/seat 
blind/ 
7777: 20 
6666: 40 
/blind 
player 7777:hold/ 
SPADES 6 
SPADES 9 
/hold 
player 6666:hold/ 
HEARTS 2 
CLUBS 7 
/hold 
player 5555:hold/ 
HEARTS 3 
SPADES 10 
/hold 
player 3333:hold/ 
DIAMONDS 9 
HEARTS Q 
/hold 
player 4444:hold/ 
SPADES 4 
SPADES 3 
/hold 
player 1111:hold/ 
HEARTS 5 
DIAMONDS 6 
/hold 
player 8888:hold/ 
CLUBS 2 
HEARTS 9 
/hold 
player 2222:hold/ 
CLUBS Q 
DIAMONDS J 
/hold 

---pre flop round bet---
valid player: 8, all in player: 0, fold player: 0

send inquire msg to player 5555(seat:2) 
inquire/ 
6666 1920 2000 40 blind 
7777 1940 2000 20 blind 
total pot: 60 
/inquire 
recv from player 5555: fold 


send inquire msg to player 3333(seat:3) 
inquire/ 
5555 1960 2000 0 fold 
6666 1920 2000 40 blind 
7777 1940 2000 20 blind 
total pot: 60 
/inquire 
recv from player 3333: fold 


send inquire msg to player 4444(seat:4) 
inquire/ 
3333 2000 2000 0 fold 
5555 1960 2000 0 fold 
6666 1920 2000 40 blind 
7777 1940 2000 20 blind 
total pot: 60 
/inquire 
recv from player 4444: fold


send inquire msg to player 1111(seat:5) 
inquire/ 
4444 1670 2000 0 fold 
3333 2000 2000 0 fold 
5555 1960 2000 0 fold 
6666 1920 2000 40 blind 
7777 1940 2000 20 blind 
total pot: 60 
/inquire 
recv from player 1111: fold 

send inquire msg to player 8888(seat:6) 
inquire/ 
1111 2000 2000 0 fold 
4444 1670 2000 0 fold 
3333 2000 2000 0 fold 
5555 1960 2000 0 fold 
6666 1920 2000 40 blind 
7777 1940 2000 20 blind 
total pot: 60 
/inquire 
recv from player 8888: fold 


send inquire msg to player 2222(seat:7) 
inquire/ 
8888 4412 2000 0 fold 
1111 2000 2000 0 fold 
4444 1670 2000 0 fold 
3333 2000 2000 0 fold 
5555 1960 2000 0 fold 
6666 1920 2000 40 blind 
7777 1940 2000 20 blind 
total pot: 60 
/inquire 
recv from player 2222: raise 42


send inquire msg to player 7777(seat:0) 
inquire/ 
2222 1918 38 82 raise 
8888 4412 2000 0 fold 
1111 2000 2000 0 fold 
4444 1670 2000 0 fold 
3333 2000 2000 0 fold 
5555 1960 2000 0 fold 
6666 1920 2000 40 blind 
7777 1940 2000 20 blind 
total pot: 142 
/inquire 
recv from player 7777: fold 


send inquire msg to player 6666(seat:1) 
inquire/ 
7777 1940 2000 20 fold 
2222 1918 38 82 raise 
8888 4412 2000 0 fold 
1111 2000 2000 0 fold 
4444 1670 2000 0 fold 
3333 2000 2000 0 fold 
5555 1960 2000 0 fold 
6666 1920 2000 40 blind 
total pot: 142 
/inquire 
recv from player 6666: fold 

valid player: 8, all in player: 0, fold player: 7

----- send notify msg from 2 to 1(exclude) -----

player 5555(seat:2) doesn't need notify-msg

player 3333(seat:3) doesn't need notify-msg

player 4444(seat:4) doesn't need notify-msg

send notify msg to player 1111(seat:5) 
notify/ 
4444 1670 2000 0 fold 
3333 2000 2000 0 fold 
5555 1960 2000 0 fold 
6666 1920 2000 40 fold 
7777 1940 2000 20 fold 
2222 1918 38 82 raise 
8888 4412 2000 0 fold 
1111 2000 2000 0 fold 
total pot: 142 
/notify 

send notify msg to player 8888(seat:6) 
notify/ 
1111 2000 2000 0 fold 
4444 1670 2000 0 fold 
3333 2000 2000 0 fold 
5555 1960 2000 0 fold 
6666 1920 2000 40 fold 
7777 1940 2000 20 fold 
2222 1918 38 82 raise 
8888 4412 2000 0 fold 
total pot: 142 
/notify 

player 2222(seat:7) doesn't need notify-msg

send notify msg to player 7777(seat:0) 
notify/ 
2222 1918 38 82 raise 
8888 4412 2000 0 fold 
1111 2000 2000 0 fold 
4444 1670 2000 0 fold 
3333 2000 2000 0 fold 
5555 1960 2000 0 fold 
6666 1920 2000 40 fold 
7777 1940 2000 20 fold 
total pot: 142 
/notify 

---flop round bet---
valid player: 8, all in player: 0, fold player: 7

---turn round bet---
valid player: 8, all in player: 0, fold player: 7

---river round bet---
valid player: 8, all in player: 0, fold player: 7

--- 1 players not fold, don't need show down---

---Allocate pot---
Only player at seat 7 not fold, win all the pot 142
pot-win/ 
2222: 142 
/pot-win 
it is player 7777's turn to be button

-----4 Hand-----

----- clean player data in socket -----
seat/ 
button: 7777 1940 2000 
small blind: 6666 1920 2000 
big blind: 5555 1960 2000 
3333 2000 2000 
4444 1670 2000 
1111 2000 2000 
8888 4412 2000 
2222 2060 38 
/seat 
blind/ 
6666: 20 
5555: 40 
/blind 
player 6666:hold/ 
CLUBS J 
CLUBS Q 
/hold 
player 5555:hold/ 
SPADES 9 
DIAMONDS J 
/hold 
player 3333:hold/ 
DIAMONDS 6 
HEARTS Q 
/hold 
player 4444:hold/ 
CLUBS 9 
HEARTS 5 
/hold 
player 1111:hold/ 
CLUBS 10 
HEARTS 8 
/hold 
player 8888:hold/ 
SPADES K 
HEARTS 6 
/hold 
player 2222:hold/ 
HEARTS 4 
SPADES 7 
/hold 
player 7777:hold/ 
HEARTS K 
CLUBS A 
/hold 

---pre flop round bet---
valid player: 8, all in player: 0, fold player: 0

send inquire msg to player 3333(seat:2) 
inquire/ 
5555 1920 2000 40 blind 
6666 1900 2000 20 blind 
total pot: 60 
/inquire 
recv from player 3333: fold 


send inquire msg to player 4444(seat:3) 
inquire/ 
3333 2000 2000 0 fold 
5555 1920 2000 40 blind 
6666 1900 2000 20 blind 
total pot: 60 
/inquire 
recv from player 4444: fold


send inquire msg to player 1111(seat:4) 
inquire/ 
4444 1670 2000 0 fold 
3333 2000 2000 0 fold 
5555 1920 2000 40 blind 
6666 1900 2000 20 blind 
total pot: 60 
/inquire 
recv from player 1111: fold 

send inquire msg to player 8888(seat:5) 
inquire/ 
1111 2000 2000 0 fold 
4444 1670 2000 0 fold 
3333 2000 2000 0 fold 
5555 1920 2000 40 blind 
6666 1900 2000 20 blind 
total pot: 60 
/inquire 
recv from player 8888: fold 


send inquire msg to player 2222(seat:6) 
inquire/ 
8888 4412 2000 0 fold 
1111 2000 2000 0 fold 
4444 1670 2000 0 fold 
3333 2000 2000 0 fold 
5555 1920 2000 40 blind 
6666 1900 2000 20 blind 
total pot: 60 
/inquire 
recv from player 2222: fold 


send inquire msg to player 7777(seat:7) 
inquire/ 
2222 2060 38 0 fold 
8888 4412 2000 0 fold 
1111 2000 2000 0 fold 
4444 1670 2000 0 fold 
3333 2000 2000 0 fold 
5555 1920 2000 40 blind 
6666 1900 2000 20 blind 
total pot: 60 
/inquire 
recv from player 7777: call 


send inquire msg to player 6666(seat:0) 
inquire/ 
7777 1900 2000 40 call 
2222 2060 38 0 fold 
8888 4412 2000 0 fold 
1111 2000 2000 0 fold 
4444 1670 2000 0 fold 
3333 2000 2000 0 fold 
5555 1920 2000 40 blind 
6666 1900 2000 20 blind 
total pot: 100 
/inquire 
recv from player 6666: call 


send inquire msg to player 5555(seat:1) 
inquire/ 
6666 1880 2000 40 call 
7777 1900 2000 40 call 
2222 2060 38 0 fold 
8888 4412 2000 0 fold 
1111 2000 2000 0 fold 
4444 1670 2000 0 fold 
3333 2000 2000 0 fold 
5555 1920 2000 40 blind 
total pot: 120 
/inquire 
recv from player 5555: raise 


player 3333(seat:2) doesn't need notify-msg

player 4444(seat:3) doesn't need notify-msg

send notify msg to player 1111(seat:4) 
notify/ 
4444 1670 2000 0 fold 
3333 2000 2000 0 fold 
5555 1880 2000 80 raise 
6666 1880 2000 40 call 
7777 1900 2000 40 call 
2222 2060 38 0 fold 
8888 4412 2000 0 fold 
1111 2000 2000 0 fold 
total pot: 160 
/notify 

send notify msg to player 8888(seat:5) 
notify/ 
1111 2000 2000 0 fold 
4444 1670 2000 0 fold 
3333 2000 2000 0 fold 
5555 1880 2000 80 raise 
6666 1880 2000 40 call 
7777 1900 2000 40 call 
2222 2060 38 0 fold 
8888 4412 2000 0 fold 
total pot: 160 
/notify 

player 2222(seat:6) doesn't need notify-msg

send inquire msg to player 7777(seat:7) 
inquire/ 
2222 2060 38 0 fold 
8888 4412 2000 0 fold 
1111 2000 2000 0 fold 
4444 1670 2000 0 fold 
3333 2000 2000 0 fold 
5555 1880 2000 80 raise 
6666 1880 2000 40 call 
7777 1900 2000 40 call 
total pot: 160 
/inquire 
recv from player 7777: call 


send inquire msg to player 6666(seat:0) 
inquire/ 
7777 1860 2000 80 call 
2222 2060 38 0 fold 
8888 4412 2000 0 fold 
1111 2000 2000 0 fold 
4444 1670 2000 0 fold 
3333 2000 2000 0 fold 
5555 1880 2000 80 raise 
6666 1880 2000 40 call 
total pot: 200 
/inquire 
recv from player 6666: call 

valid player: 8, all in player: 0, fold player: 5

----- send notify msg from 1 to 0(exclude) -----

player 5555(seat:1) doesn't need notify-msg

player 3333(seat:2) doesn't need notify-msg

player 4444(seat:3) doesn't need notify-msg

send notify msg to player 1111(seat:4) 
notify/ 
4444 1670 2000 0 fold 
3333 2000 2000 0 fold 
5555 1880 2000 80 raise 
6666 1840 2000 80 call 
7777 1860 2000 80 call 
2222 2060 38 0 fold 
8888 4412 2000 0 fold 
1111 2000 2000 0 fold 
total pot: 240 
/notify 

send notify msg to player 8888(seat:5) 
notify/ 
1111 2000 2000 0 fold 
4444 1670 2000 0 fold 
3333 2000 2000 0 fold 
5555 1880 2000 80 raise 
6666 1840 2000 80 call 
7777 1860 2000 80 call 
2222 2060 38 0 fold 
8888 4412 2000 0 fold 
total pot: 240 
/notify 

player 2222(seat:6) doesn't need notify-msg

send notify msg to player 7777(seat:7) 
notify/ 
2222 2060 38 0 fold 
8888 4412 2000 0 fold 
1111 2000 2000 0 fold 
4444 1670 2000 0 fold 
3333 2000 2000 0 fold 
5555 1880 2000 80 raise 
6666 1840 2000 80 call 
7777 1860 2000 80 call 
total pot: 240 
/notify 
flop/ 
DIAMONDS Q 
DIAMONDS 2 
CLUBS 3 
/flop 

---flop round bet---
valid player: 8, all in player: 0, fold player: 5

send inquire msg to player 6666(seat:0) 
inquire/ 
7777 1860 2000 80 call 
2222 2060 38 0 fold 
8888 4412 2000 0 fold 
1111 2000 2000 0 fold 
4444 1670 2000 0 fold 
3333 2000 2000 0 fold 
5555 1880 2000 80 raise 
6666 1840 2000 80 call 
total pot: 240 
/inquire 
recv from player 6666: call 


send inquire msg to player 5555(seat:1) 
inquire/ 
6666 1840 2000 80 check 
7777 1860 2000 80 call 
2222 2060 38 0 fold 
8888 4412 2000 0 fold 
1111 2000 2000 0 fold 
4444 1670 2000 0 fold 
3333 2000 2000 0 fold 
5555 1880 2000 80 raise 
total pot: 240 
/inquire 
recv from player 5555: raise 


player 3333(seat:2) doesn't need notify-msg

player 4444(seat:3) doesn't need notify-msg

send notify msg to player 1111(seat:4) 
notify/ 
4444 1670 2000 0 fold 
3333 2000 2000 0 fold 
5555 1840 2000 120 raise 
6666 1840 2000 80 check 
7777 1860 2000 80 call 
2222 2060 38 0 fold 
8888 4412 2000 0 fold 
1111 2000 2000 0 fold 
total pot: 280 
/notify 

send notify msg to player 8888(seat:5) 
notify/ 
1111 2000 2000 0 fold 
4444 1670 2000 0 fold 
3333 2000 2000 0 fold 
5555 1840 2000 120 raise 
6666 1840 2000 80 check 
7777 1860 2000 80 call 
2222 2060 38 0 fold 
8888 4412 2000 0 fold 
total pot: 280 
/notify 

player 2222(seat:6) doesn't need notify-msg

send inquire msg to player 7777(seat:7) 
inquire/ 
2222 2060 38 0 fold 
8888 4412 2000 0 fold 
1111 2000 2000 0 fold 
4444 1670 2000 0 fold 
3333 2000 2000 0 fold 
5555 1840 2000 120 raise 
6666 1840 2000 80 check 
7777 1860 2000 80 call 
total pot: 280 
/inquire 
recv from player 7777: fold 


send inquire msg to player 6666(seat:0) 
inquire/ 
7777 1860 2000 80 fold 
2222 2060 38 0 fold 
8888 4412 2000 0 fold 
1111 2000 2000 0 fold 
4444 1670 2000 0 fold 
3333 2000 2000 0 fold 
5555 1840 2000 120 raise 
6666 1840 2000 80 check 
total pot: 280 
/inquire 
recv from player 6666: call 

valid player: 8, all in player: 0, fold player: 6

----- send notify msg from 1 to 0(exclude) -----

player 5555(seat:1) doesn't need notify-msg

player 3333(seat:2) doesn't need notify-msg

player 4444(seat:3) doesn't need notify-msg

send notify msg to player 1111(seat:4) 
notify/ 
4444 1670 2000 0 fold 
3333 2000 2000 0 fold 
5555 1840 2000 120 raise 
6666 1800 2000 120 call 
7777 1860 2000 80 fold 
2222 2060 38 0 fold 
8888 4412 2000 0 fold 
1111 2000 2000 0 fold 
total pot: 320 
/notify 

send notify msg to player 8888(seat:5) 
notify/ 
1111 2000 2000 0 fold 
4444 1670 2000 0 fold 
3333 2000 2000 0 fold 
5555 1840 2000 120 raise 
6666 1800 2000 120 call 
7777 1860 2000 80 fold 
2222 2060 38 0 fold 
8888 4412 2000 0 fold 
total pot: 320 
/notify 

player 2222(seat:6) doesn't need notify-msg

send notify msg to player 7777(seat:7) 
notify/ 
2222 2060 38 0 fold 
8888 4412 2000 0 fold 
1111 2000 2000 0 fold 
4444 1670 2000 0 fold 
3333 2000 2000 0 fold 
5555 1840 2000 120 raise 
6666 1800 2000 120 call 
7777 1860 2000 80 fold 
total pot: 320 
/notify 
turn/ 
DIAMONDS 10 
/turn 

---turn round bet---
valid player: 8, all in player: 0, fold player: 6

send inquire msg to player 6666(seat:0) 
inquire/ 
7777 1860 2000 80 fold 
2222 2060 38 0 fold 
8888 4412 2000 0 fold 
1111 2000 2000 0 fold 
4444 1670 2000 0 fold 
3333 2000 2000 0 fold 
5555 1840 2000 120 raise 
6666 1800 2000 120 call 
total pot: 320 
/inquire 
recv from player 6666: call 


send inquire msg to player 5555(seat:1) 
inquire/ 
6666 1800 2000 120 check 
7777 1860 2000 80 fold 
2222 2060 38 0 fold 
8888 4412 2000 0 fold 
1111 2000 2000 0 fold 
4444 1670 2000 0 fold 
3333 2000 2000 0 fold 
5555 1840 2000 120 raise 
total pot: 320 
/inquire 
recv from player 5555: raise 


player 3333(seat:2) doesn't need notify-msg

player 4444(seat:3) doesn't need notify-msg

send notify msg to player 1111(seat:4) 
notify/ 
4444 1670 2000 0 fold 
3333 2000 2000 0 fold 
5555 1800 2000 160 raise 
6666 1800 2000 120 check 
7777 1860 2000 80 fold 
2222 2060 38 0 fold 
8888 4412 2000 0 fold 
1111 2000 2000 0 fold 
total pot: 360 
/notify 

send notify msg to player 8888(seat:5) 
notify/ 
1111 2000 2000 0 fold 
4444 1670 2000 0 fold 
3333 2000 2000 0 fold 
5555 1800 2000 160 raise 
6666 1800 2000 120 check 
7777 1860 2000 80 fold 
2222 2060 38 0 fold 
8888 4412 2000 0 fold 
total pot: 360 
/notify 

player 2222(seat:6) doesn't need notify-msg

send notify msg to player 7777(seat:7) 
notify/ 
2222 2060 38 0 fold 
8888 4412 2000 0 fold 
1111 2000 2000 0 fold 
4444 1670 2000 0 fold 
3333 2000 2000 0 fold 
5555 1800 2000 160 raise 
6666 1800 2000 120 check 
7777 1860 2000 80 fold 
total pot: 360 
/notify 

send inquire msg to player 6666(seat:0) 
inquire/ 
7777 1860 2000 80 fold 
2222 2060 38 0 fold 
8888 4412 2000 0 fold 
1111 2000 2000 0 fold 
4444 1670 2000 0 fold 
3333 2000 2000 0 fold 
5555 1800 2000 160 raise 
6666 1800 2000 120 check 
total pot: 360 
/inquire 
recv from player 6666: call 

valid player: 8, all in player: 0, fold player: 6

----- send notify msg from 1 to 0(exclude) -----

player 5555(seat:1) doesn't need notify-msg

player 3333(seat:2) doesn't need notify-msg

player 4444(seat:3) doesn't need notify-msg

send notify msg to player 1111(seat:4) 
notify/ 
4444 1670 2000 0 fold 
3333 2000 2000 0 fold 
5555 1800 2000 160 raise 
6666 1760 2000 160 call 
7777 1860 2000 80 fold 
2222 2060 38 0 fold 
8888 4412 2000 0 fold 
1111 2000 2000 0 fold 
total pot: 400 
/notify 

send notify msg to player 8888(seat:5) 
notify/ 
1111 2000 2000 0 fold 
4444 1670 2000 0 fold 
3333 2000 2000 0 fold 
5555 1800 2000 160 raise 
6666 1760 2000 160 call 
7777 1860 2000 80 fold 
2222 2060 38 0 fold 
8888 4412 2000 0 fold 
total pot: 400 
/notify 

player 2222(seat:6) doesn't need notify-msg

send notify msg to player 7777(seat:7) 
notify/ 
2222 2060 38 0 fold 
8888 4412 2000 0 fold 
1111 2000 2000 0 fold 
4444 1670 2000 0 fold 
3333 2000 2000 0 fold 
5555 1800 2000 160 raise 
6666 1760 2000 160 call 
7777 1860 2000 80 fold 
total pot: 400 
/notify 
river/ 
DIAMONDS 8 
/river 

---river round bet---
valid player: 8, all in player: 0, fold player: 6

send inquire msg to player 6666(seat:0) 
inquire/ 
7777 1860 2000 80 fold 
2222 2060 38 0 fold 
8888 4412 2000 0 fold 
1111 2000 2000 0 fold 
4444 1670 2000 0 fold 
3333 2000 2000 0 fold 
5555 1800 2000 160 raise 
6666 1760 2000 160 call 
total pot: 400 
/inquire 
recv from player 6666: check 


send inquire msg to player 5555(seat:1) 
inquire/ 
6666 1760 2000 160 check 
7777 1860 2000 80 fold 
2222 2060 38 0 fold 
8888 4412 2000 0 fold 
1111 2000 2000 0 fold 
4444 1670 2000 0 fold 
3333 2000 2000 0 fold 
5555 1800 2000 160 raise 
total pot: 400 
/inquire 
recv from player 5555: raise 399


player 3333(seat:2) doesn't need notify-msg

player 4444(seat:3) doesn't need notify-msg

send notify msg to player 1111(seat:4) 
notify/ 
4444 1670 2000 0 fold 
3333 2000 2000 0 fold 
5555 1401 2000 559 raise 
6666 1760 2000 160 check 
7777 1860 2000 80 fold 
2222 2060 38 0 fold 
8888 4412 2000 0 fold 
1111 2000 2000 0 fold 
total pot: 799 
/notify 

send notify msg to player 8888(seat:5) 
notify/ 
1111 2000 2000 0 fold 
4444 1670 2000 0 fold 
3333 2000 2000 0 fold 
5555 1401 2000 559 raise 
6666 1760 2000 160 check 
7777 1860 2000 80 fold 
2222 2060 38 0 fold 
8888 4412 2000 0 fold 
total pot: 799 
/notify 

player 2222(seat:6) doesn't need notify-msg

send notify msg to player 7777(seat:7) 
notify/ 
2222 2060 38 0 fold 
8888 4412 2000 0 fold 
1111 2000 2000 0 fold 
4444 1670 2000 0 fold 
3333 2000 2000 0 fold 
5555 1401 2000 559 raise 
6666 1760 2000 160 check 
7777 1860 2000 80 fold 
total pot: 799 
/notify 

send inquire msg to player 6666(seat:0) 
inquire/ 
7777 1860 2000 80 fold 
2222 2060 38 0 fold 
8888 4412 2000 0 fold 
1111 2000 2000 0 fold 
4444 1670 2000 0 fold 
3333 2000 2000 0 fold 
5555 1401 2000 559 raise 
6666 1760 2000 160 check 
total pot: 799 
/inquire 
recv from player 6666: fold 

valid player: 8, all in player: 0, fold player: 7

----- send notify msg from 1 to 0(exclude) -----

player 5555(seat:1) doesn't need notify-msg

player 3333(seat:2) doesn't need notify-msg

player 4444(seat:3) doesn't need notify-msg

send notify msg to player 1111(seat:4) 
notify/ 
4444 1670 2000 0 fold 
3333 2000 2000 0 fold 
5555 1401 2000 559 raise 
6666 1760 2000 160 fold 
7777 1860 2000 80 fold 
2222 2060 38 0 fold 
8888 4412 2000 0 fold 
1111 2000 2000 0 fold 
total pot: 799 
/notify 

send notify msg to player 8888(seat:5) 
notify/ 
1111 2000 2000 0 fold 
4444 1670 2000 0 fold 
3333 2000 2000 0 fold 
5555 1401 2000 559 raise 
6666 1760 2000 160 fold 
7777 1860 2000 80 fold 
2222 2060 38 0 fold 
8888 4412 2000 0 fold 
total pot: 799 
/notify 

player 2222(seat:6) doesn't need notify-msg

send notify msg to player 7777(seat:7) 
notify/ 
2222 2060 38 0 fold 
8888 4412 2000 0 fold 
1111 2000 2000 0 fold 
4444 1670 2000 0 fold 
3333 2000 2000 0 fold 
5555 1401 2000 559 raise 
6666 1760 2000 160 fold 
7777 1860 2000 80 fold 
total pot: 799 
/notify 

--- 1 players not fold, don't need show down---

---Allocate pot---
Only player at seat 1 not fold, win all the pot 799
pot-win/ 
5555: 799 
/pot-win 
it is player 6666's turn to be button

-----5 Hand-----

----- clean player data in socket -----
seat/ 
button: 6666 1760 2000 
small blind: 5555 2200 2000 
big blind: 3333 2000 2000 
4444 1670 2000 
1111 2000 2000 
8888 4412 2000 
2222 2060 38 
7777 1860 2000 
/seat 
blind/ 
5555: 20 
3333: 40 
/blind 
player 5555:hold/ 
CLUBS 7 
CLUBS J 
/hold 
player 3333:hold/ 
CLUBS 6 
SPADES J 
/hold 
player 4444:hold/ 
DIAMONDS 5 
HEARTS 2 
/hold 
player 1111:hold/ 
SPADES 2 
SPADES 10 
/hold 
player 8888:hold/ 
SPADES 8 
CLUBS 5 
/hold 
player 2222:hold/ 
SPADES K 
DIAMONDS 7 
/hold 
player 7777:hold/ 
DIAMONDS J 
DIAMONDS K 
/hold 
player 6666:hold/ 
CLUBS 4 
HEARTS 3 
/hold 

---pre flop round bet---
valid player: 8, all in player: 0, fold player: 0

send inquire msg to player 4444(seat:2) 
inquire/ 
3333 1960 2000 40 blind 
5555 2180 2000 20 blind 
total pot: 60 
/inquire 
recv from player 4444: fold


send inquire msg to player 1111(seat:3) 
inquire/ 
4444 1670 2000 0 fold 
