

---GAME START @ 2015-5-18-12-19-30---
reg: 3333 Ty_lxx 
reg: 4444 simplebot 
reg: 5555 young 
reg: 2222 simplebot 
reg: 1111 simplebot 
reg: 6666 simplebot 
reg: 7777 cleverbot 
reg: 8888 simplebot 

-----1 Hand-----

----- clean player data in socket -----
seat/ 
button: 5555 2000 8000 
small blind: 3333 2000 8000 
big blind: 6666 2000 8000 
2222 2000 8000 
7777 2000 8000 
4444 2000 8000 
8888 2000 8000 
1111 2000 8000 
/seat 
blind/ 
3333: 50 
6666: 100 
/blind 
player 3333:hold/ 
SPADES 4 
DIAMONDS 7 
/hold 
player 6666:hold/ 
HEARTS K 
CLUBS 7 
/hold 
player 2222:hold/ 
HEARTS J 
DIAMONDS 8 
/hold 
player 7777:hold/ 
CLUBS Q 
DIAMONDS 4 
/hold 
player 4444:hold/ 
HEARTS 9 
DIAMONDS 5 
/hold 
player 8888:hold/ 
CLUBS 3 
SPADES 10 
/hold 
player 1111:hold/ 
DIAMONDS Q 
SPADES J 
/hold 
player 5555:hold/ 
DIAMONDS A 
SPADES A 
/hold 

---pre flop round bet---
valid player: 8, all in player: 0, fold player: 0
send inquire msg to player 2222 
inquire/ 
6666 1900 8000 100 blind 
3333 1950 8000 50 blind 
total pot: 150 
/inquire 
recv from player 2222: raise 112 

send inquire msg to player 7777 
inquire/ 
2222 1788 8000 212 raise 
6666 1900 8000 100 blind 
3333 1950 8000 50 blind 
total pot: 362 
/inquire 
recv from player 7777: fold 

send inquire msg to player 4444 
inquire/ 
7777 2000 8000 0 fold 
2222 1788 8000 212 raise 
6666 1900 8000 100 blind 
3333 1950 8000 50 blind 
total pot: 362 
/inquire 
recv from player 4444: fold 

send inquire msg to player 8888 
inquire/ 
4444 2000 8000 0 fold 
7777 2000 8000 0 fold 
2222 1788 8000 212 raise 
6666 1900 8000 100 blind 
3333 1950 8000 50 blind 
total pot: 362 
/inquire 
recv from player 8888: fold 

send inquire msg to player 1111 
inquire/ 
8888 2000 8000 0 fold 
4444 2000 8000 0 fold 
7777 2000 8000 0 fold 
2222 1788 8000 212 raise 
6666 1900 8000 100 blind 
3333 1950 8000 50 blind 
total pot: 362 
/inquire 
recv from player 1111: call 

send inquire msg to player 5555 
inquire/ 
1111 1788 8000 212 call 
8888 2000 8000 0 fold 
4444 2000 8000 0 fold 
7777 2000 8000 0 fold 
2222 1788 8000 212 raise 
6666 1900 8000 100 blind 
3333 1950 8000 50 blind 
total pot: 574 
/inquire 
recv from player 5555: raise 192

send inquire msg to player 3333 
inquire/ 
5555 1596 8000 404 raise 
1111 1788 8000 212 call 
8888 2000 8000 0 fold 
4444 2000 8000 0 fold 
7777 2000 8000 0 fold 
2222 1788 8000 212 raise 
6666 1900 8000 100 blind 
3333 1950 8000 50 blind 
total pot: 978 
/inquire 
recv from player 3333: fold 

send inquire msg to player 6666 
inquire/ 
3333 1950 8000 50 fold 
5555 1596 8000 404 raise 
1111 1788 8000 212 call 
8888 2000 8000 0 fold 
4444 2000 8000 0 fold 
7777 2000 8000 0 fold 
2222 1788 8000 212 raise 
6666 1900 8000 100 blind 
total pot: 978 
/inquire 
recv from player 6666: call 

send inquire msg to player 2222 
inquire/ 
6666 1596 8000 404 call 
3333 1950 8000 50 fold 
5555 1596 8000 404 raise 
1111 1788 8000 212 call 
8888 2000 8000 0 fold 
4444 2000 8000 0 fold 
7777 2000 8000 0 fold 
2222 1788 8000 212 raise 
total pot: 1282 
/inquire 
recv from player 2222: call 

send inquire msg to player 7777 
inquire/ 
2222 1596 8000 404 call 
6666 1596 8000 404 call 
3333 1950 8000 50 fold 
5555 1596 8000 404 raise 
1111 1788 8000 212 call 
8888 2000 8000 0 fold 
4444 2000 8000 0 fold 
7777 2000 8000 0 fold 
total pot: 1474 
/inquire 
send inquire msg to player 4444 
inquire/ 
7777 2000 8000 0 fold 
2222 1596 8000 404 call 
6666 1596 8000 404 call 
3333 1950 8000 50 fold 
5555 1596 8000 404 raise 
1111 1788 8000 212 call 
8888 2000 8000 0 fold 
4444 2000 8000 0 fold 
total pot: 1474 
/inquire 
send inquire msg to player 8888 
inquire/ 
4444 2000 8000 0 fold 
7777 2000 8000 0 fold 
2222 1596 8000 404 call 
6666 1596 8000 404 call 
3333 1950 8000 50 fold 
5555 1596 8000 404 raise 
1111 1788 8000 212 call 
8888 2000 8000 0 fold 
total pot: 1474 
/inquire 
send inquire msg to player 1111 
inquire/ 
8888 2000 8000 0 fold 
4444 2000 8000 0 fold 
7777 2000 8000 0 fold 
2222 1596 8000 404 call 
6666 1596 8000 404 call 
3333 1950 8000 50 fold 
5555 1596 8000 404 raise 
1111 1788 8000 212 call 
total pot: 1474 
/inquire 
recv from player 1111: call 

flop/ 
HEARTS 6 
DIAMONDS J 
DIAMONDS 6 
/flop 

---flop round bet---
valid player: 8, all in player: 0, fold player: 4
send inquire msg to player 3333 
inquire/ 
5555 1596 8000 404 raise 
1111 1596 8000 404 call 
8888 2000 8000 0 fold 
4444 2000 8000 0 fold 
7777 2000 8000 0 fold 
2222 1596 8000 404 call 
6666 1596 8000 404 call 
3333 1950 8000 50 fold 
total pot: 1666 
/inquire 
send inquire msg to player 6666 
inquire/ 
3333 1950 8000 50 fold 
5555 1596 8000 404 raise 
1111 1596 8000 404 call 
8888 2000 8000 0 fold 
4444 2000 8000 0 fold 
7777 2000 8000 0 fold 
2222 1596 8000 404 call 
6666 1596 8000 404 call 
total pot: 1666 
/inquire 
recv from player 6666: call 

send inquire msg to player 2222 
inquire/ 
6666 1596 8000 404 check 
3333 1950 8000 50 fold 
5555 1596 8000 404 raise 
1111 1596 8000 404 call 
8888 2000 8000 0 fold 
4444 2000 8000 0 fold 
7777 2000 8000 0 fold 
2222 1596 8000 404 call 
total pot: 1666 
/inquire 
recv from player 2222: call 

send inquire msg to player 7777 
inquire/ 
2222 1596 8000 404 check 
6666 1596 8000 404 check 
3333 1950 8000 50 fold 
5555 1596 8000 404 raise 
1111 1596 8000 404 call 
8888 2000 8000 0 fold 
4444 2000 8000 0 fold 
7777 2000 8000 0 fold 
total pot: 1666 
/inquire 
send inquire msg to player 4444 
inquire/ 
7777 2000 8000 0 fold 
2222 1596 8000 404 check 
6666 1596 8000 404 check 
3333 1950 8000 50 fold 
5555 1596 8000 404 raise 
1111 1596 8000 404 call 
8888 2000 8000 0 fold 
4444 2000 8000 0 fold 
total pot: 1666 
/inquire 
send inquire msg to player 8888 
inquire/ 
4444 2000 8000 0 fold 
7777 2000 8000 0 fold 
2222 1596 8000 404 check 
6666 1596 8000 404 check 
3333 1950 8000 50 fold 
5555 1596 8000 404 raise 
1111 1596 8000 404 call 
8888 2000 8000 0 fold 
total pot: 1666 
/inquire 
send inquire msg to player 1111 
inquire/ 
8888 2000 8000 0 fold 
4444 2000 8000 0 fold 
7777 2000 8000 0 fold 
2222 1596 8000 404 check 
6666 1596 8000 404 check 
3333 1950 8000 50 fold 
5555 1596 8000 404 raise 
1111 1596 8000 404 call 
total pot: 1666 
/inquire 
recv from player 1111: call 

send inquire msg to player 5555 
inquire/ 
1111 1596 8000 404 check 
8888 2000 8000 0 fold 
4444 2000 8000 0 fold 
7777 2000 8000 0 fold 
2222 1596 8000 404 check 
6666 1596 8000 404 check 
3333 1950 8000 50 fold 
5555 1596 8000 404 raise 
total pot: 1666 
/inquire 
recv from player 5555: raise 192

send inquire msg to player 3333 
inquire/ 
5555 1404 8000 596 raise 
1111 1596 8000 404 check 
8888 2000 8000 0 fold 
4444 2000 8000 0 fold 
7777 2000 8000 0 fold 
2222 1596 8000 404 check 
6666 1596 8000 404 check 
3333 1950 8000 50 fold 
total pot: 1858 
/inquire 
send inquire msg to player 6666 
inquire/ 
3333 1950 8000 50 fold 
5555 1404 8000 596 raise 
1111 1596 8000 404 check 
8888 2000 8000 0 fold 
4444 2000 8000 0 fold 
7777 2000 8000 0 fold 
2222 1596 8000 404 check 
6666 1596 8000 404 check 
total pot: 1858 
/inquire 
recv from player 6666: fold 

send inquire msg to player 2222 
inquire/ 
6666 1596 8000 404 fold 
3333 1950 8000 50 fold 
5555 1404 8000 596 raise 
1111 1596 8000 404 check 
8888 2000 8000 0 fold 
4444 2000 8000 0 fold 
7777 2000 8000 0 fold 
2222 1596 8000 404 check 
total pot: 1858 
/inquire 
recv from player 2222: call 

send inquire msg to player 7777 
inquire/ 
2222 1404 8000 596 call 
6666 1596 8000 404 fold 
3333 1950 8000 50 fold 
5555 1404 8000 596 raise 
1111 1596 8000 404 check 
8888 2000 8000 0 fold 
4444 2000 8000 0 fold 
7777 2000 8000 0 fold 
total pot: 2050 
/inquire 
send inquire msg to player 4444 
inquire/ 
7777 2000 8000 0 fold 
2222 1404 8000 596 call 
6666 1596 8000 404 fold 
3333 1950 8000 50 fold 
5555 1404 8000 596 raise 
1111 1596 8000 404 check 
8888 2000 8000 0 fold 
4444 2000 8000 0 fold 
total pot: 2050 
/inquire 
send inquire msg to player 8888 
inquire/ 
4444 2000 8000 0 fold 
7777 2000 8000 0 fold 
2222 1404 8000 596 call 
6666 1596 8000 404 fold 
3333 1950 8000 50 fold 
5555 1404 8000 596 raise 
1111 1596 8000 404 check 
8888 2000 8000 0 fold 
total pot: 2050 
/inquire 
send inquire msg to player 1111 
inquire/ 
8888 2000 8000 0 fold 
4444 2000 8000 0 fold 
7777 2000 8000 0 fold 
2222 1404 8000 596 call 
6666 1596 8000 404 fold 
3333 1950 8000 50 fold 
5555 1404 8000 596 raise 
1111 1596 8000 404 check 
total pot: 2050 
/inquire 
recv from player 1111: call 

turn/ 
HEARTS 4 
/turn 

---turn round bet---
valid player: 8, all in player: 0, fold player: 5
send inquire msg to player 3333 
inquire/ 
5555 1404 8000 596 raise 
1111 1404 8000 596 call 
8888 2000 8000 0 fold 
4444 2000 8000 0 fold 
7777 2000 8000 0 fold 
2222 1404 8000 596 call 
6666 1596 8000 404 fold 
3333 1950 8000 50 fold 
total pot: 2242 
/inquire 
send inquire msg to player 6666 
inquire/ 
3333 1950 8000 50 fold 
5555 1404 8000 596 raise 
1111 1404 8000 596 call 
8888 2000 8000 0 fold 
4444 2000 8000 0 fold 
7777 2000 8000 0 fold 
2222 1404 8000 596 call 
6666 1596 8000 404 fold 
total pot: 2242 
/inquire 
send inquire msg to player 2222 
inquire/ 
6666 1596 8000 404 fold 
3333 1950 8000 50 fold 
5555 1404 8000 596 raise 
1111 1404 8000 596 call 
8888 2000 8000 0 fold 
4444 2000 8000 0 fold 
7777 2000 8000 0 fold 
2222 1404 8000 596 call 
total pot: 2242 
/inquire 
recv from player 2222: call 

send inquire msg to player 7777 
inquire/ 
2222 1404 8000 596 check 
6666 1596 8000 404 fold 
3333 1950 8000 50 fold 
5555 1404 8000 596 raise 
1111 1404 8000 596 call 
8888 2000 8000 0 fold 
4444 2000 8000 0 fold 
7777 2000 8000 0 fold 
total pot: 2242 
/inquire 
send inquire msg to player 4444 
inquire/ 
7777 2000 8000 0 fold 
2222 1404 8000 596 check 
6666 1596 8000 404 fold 
3333 1950 8000 50 fold 
5555 1404 8000 596 raise 
1111 1404 8000 596 call 
8888 2000 8000 0 fold 
4444 2000 8000 0 fold 
total pot: 2242 
/inquire 
send inquire msg to player 8888 
inquire/ 
4444 2000 8000 0 fold 
7777 2000 8000 0 fold 
2222 1404 8000 596 check 
6666 1596 8000 404 fold 
3333 1950 8000 50 fold 
5555 1404 8000 596 raise 
1111 1404 8000 596 call 
8888 2000 8000 0 fold 
total pot: 2242 
/inquire 
send inquire msg to player 1111 
inquire/ 
8888 2000 8000 0 fold 
4444 2000 8000 0 fold 
7777 2000 8000 0 fold 
2222 1404 8000 596 check 
6666 1596 8000 404 fold 
3333 1950 8000 50 fold 
5555 1404 8000 596 raise 
1111 1404 8000 596 call 
total pot: 2242 
/inquire 
recv from player 1111: call 

send inquire msg to player 5555 
inquire/ 
1111 1404 8000 596 check 
8888 2000 8000 0 fold 
4444 2000 8000 0 fold 
7777 2000 8000 0 fold 
2222 1404 8000 596 check 
6666 1596 8000 404 fold 
3333 1950 8000 50 fold 
5555 1404 8000 596 raise 
total pot: 2242 
/inquire 
recv from player 5555: raise 192

send inquire msg to player 3333 
inquire/ 
5555 1212 8000 788 raise 
1111 1404 8000 596 check 
8888 2000 8000 0 fold 
4444 2000 8000 0 fold 
7777 2000 8000 0 fold 
2222 1404 8000 596 check 
6666 1596 8000 404 fold 
3333 1950 8000 50 fold 
total pot: 2434 
/inquire 
send inquire msg to player 6666 
inquire/ 
3333 1950 8000 50 fold 
5555 1212 8000 788 raise 
1111 1404 8000 596 check 
8888 2000 8000 0 fold 
4444 2000 8000 0 fold 
7777 2000 8000 0 fold 
2222 1404 8000 596 check 
6666 1596 8000 404 fold 
total pot: 2434 
/inquire 
send inquire msg to player 2222 
inquire/ 
6666 1596 8000 404 fold 
3333 1950 8000 50 fold 
5555 1212 8000 788 raise 
1111 1404 8000 596 check 
8888 2000 8000 0 fold 
4444 2000 8000 0 fold 
7777 2000 8000 0 fold 
2222 1404 8000 596 check 
total pot: 2434 
/inquire 
recv from player 2222: call 

send inquire msg to player 7777 
inquire/ 
2222 1212 8000 788 call 
6666 1596 8000 404 fold 
3333 1950 8000 50 fold 
5555 1212 8000 788 raise 
1111 1404 8000 596 check 
8888 2000 8000 0 fold 
4444 2000 8000 0 fold 
7777 2000 8000 0 fold 
total pot: 2626 
/inquire 
send inquire msg to player 4444 
inquire/ 
7777 2000 8000 0 fold 
2222 1212 8000 788 call 
6666 1596 8000 404 fold 
3333 1950 8000 50 fold 
5555 1212 8000 788 raise 
1111 1404 8000 596 check 
8888 2000 8000 0 fold 
4444 2000 8000 0 fold 
total pot: 2626 
/inquire 
send inquire msg to player 8888 
inquire/ 
4444 2000 8000 0 fold 
7777 2000 8000 0 fold 
2222 1212 8000 788 call 
6666 1596 8000 404 fold 
3333 1950 8000 50 fold 
5555 1212 8000 788 raise 
1111 1404 8000 596 check 
8888 2000 8000 0 fold 
total pot: 2626 
/inquire 
send inquire msg to player 1111 
inquire/ 
8888 2000 8000 0 fold 
4444 2000 8000 0 fold 
7777 2000 8000 0 fold 
2222 1212 8000 788 call 
6666 1596 8000 404 fold 
3333 1950 8000 50 fold 
5555 1212 8000 788 raise 
1111 1404 8000 596 check 
total pot: 2626 
/inquire 
recv from player 1111: call 

river/ 
CLUBS 10 
/river 

---river round bet---
valid player: 8, all in player: 0, fold player: 5
send inquire msg to player 3333 
inquire/ 
5555 1212 8000 788 raise 
1111 1212 8000 788 call 
8888 2000 8000 0 fold 
4444 2000 8000 0 fold 
7777 2000 8000 0 fold 
2222 1212 8000 788 call 
6666 1596 8000 404 fold 
3333 1950 8000 50 fold 
total pot: 2818 
/inquire 
send inquire msg to player 6666 
inquire/ 
3333 1950 8000 50 fold 
5555 1212 8000 788 raise 
1111 1212 8000 788 call 
8888 2000 8000 0 fold 
4444 2000 8000 0 fold 
7777 2000 8000 0 fold 
2222 1212 8000 788 call 
6666 1596 8000 404 fold 
total pot: 2818 
/inquire 
send inquire msg to player 2222 
inquire/ 
6666 1596 8000 404 fold 
3333 1950 8000 50 fold 
5555 1212 8000 788 raise 
1111 1212 8000 788 call 
8888 2000 8000 0 fold 
4444 2000 8000 0 fold 
7777 2000 8000 0 fold 
2222 1212 8000 788 call 
total pot: 2818 
/inquire 
recv from player 2222: call 

send inquire msg to player 7777 
inquire/ 
2222 1212 8000 788 check 
6666 1596 8000 404 fold 
3333 1950 8000 50 fold 
5555 1212 8000 788 raise 
1111 1212 8000 788 call 
8888 2000 8000 0 fold 
4444 2000 8000 0 fold 
7777 2000 8000 0 fold 
total pot: 2818 
/inquire 
send inquire msg to player 4444 
inquire/ 
7777 2000 8000 0 fold 
2222 1212 8000 788 check 
6666 1596 8000 404 fold 
3333 1950 8000 50 fold 
5555 1212 8000 788 raise 
1111 1212 8000 788 call 
8888 2000 8000 0 fold 
4444 2000 8000 0 fold 
total pot: 2818 
/inquire 
send inquire msg to player 8888 
inquire/ 
4444 2000 8000 0 fold 
7777 2000 8000 0 fold 
2222 1212 8000 788 check 
6666 1596 8000 404 fold 
3333 1950 8000 50 fold 
5555 1212 8000 788 raise 
1111 1212 8000 788 call 
8888 2000 8000 0 fold 
total pot: 2818 
/inquire 
send inquire msg to player 1111 
inquire/ 
8888 2000 8000 0 fold 
4444 2000 8000 0 fold 
7777 2000 8000 0 fold 
2222 1212 8000 788 check 
6666 1596 8000 404 fold 
3333 1950 8000 50 fold 
5555 1212 8000 788 raise 
1111 1212 8000 788 call 
total pot: 2818 
/inquire 
recv from player 1111: call 

send inquire msg to player 5555 
inquire/ 
1111 1212 8000 788 check 
8888 2000 8000 0 fold 
4444 2000 8000 0 fold 
7777 2000 8000 0 fold 
2222 1212 8000 788 check 
6666 1596 8000 404 fold 
3333 1950 8000 50 fold 
5555 1212 8000 788 raise 
total pot: 2818 
/inquire 
recv from player 5555: all_in 

send inquire msg to player 3333 
inquire/ 
5555 0 8000 2000 all_in 
1111 1212 8000 788 check 
8888 2000 8000 0 fold 
4444 2000 8000 0 fold 
7777 2000 8000 0 fold 
2222 1212 8000 788 check 
6666 1596 8000 404 fold 
3333 1950 8000 50 fold 
total pot: 4030 
/inquire 
send inquire msg to player 6666 
inquire/ 
3333 1950 8000 50 fold 
5555 0 8000 2000 all_in 
1111 1212 8000 788 check 
8888 2000 8000 0 fold 
4444 2000 8000 0 fold 
7777 2000 8000 0 fold 
2222 1212 8000 788 check 
6666 1596 8000 404 fold 
total pot: 4030 
/inquire 
send inquire msg to player 2222 
inquire/ 
6666 1596 8000 404 fold 
3333 1950 8000 50 fold 
5555 0 8000 2000 all_in 
1111 1212 8000 788 check 
8888 2000 8000 0 fold 
4444 2000 8000 0 fold 
7777 2000 8000 0 fold 
2222 1212 8000 788 check 
total pot: 4030 
/inquire 
recv from player 2222: fold 

send inquire msg to player 7777 
inquire/ 
2222 1212 8000 788 fold 
6666 1596 8000 404 fold 
3333 1950 8000 50 fold 
5555 0 8000 2000 all_in 
1111 1212 8000 788 check 
8888 2000 8000 0 fold 
4444 2000 8000 0 fold 
7777 2000 8000 0 fold 
total pot: 4030 
/inquire 
send inquire msg to player 4444 
inquire/ 
7777 2000 8000 0 fold 
2222 1212 8000 788 fold 
6666 1596 8000 404 fold 
3333 1950 8000 50 fold 
5555 0 8000 2000 all_in 
1111 1212 8000 788 check 
8888 2000 8000 0 fold 
4444 2000 8000 0 fold 
total pot: 4030 
/inquire 
send inquire msg to player 8888 
inquire/ 
4444 2000 8000 0 fold 
7777 2000 8000 0 fold 
2222 1212 8000 788 fold 
6666 1596 8000 404 fold 
3333 1950 8000 50 fold 
5555 0 8000 2000 all_in 
1111 1212 8000 788 check 
8888 2000 8000 0 fold 
total pot: 4030 
/inquire 
send inquire msg to player 1111 
inquire/ 
8888 2000 8000 0 fold 
4444 2000 8000 0 fold 
7777 2000 8000 0 fold 
2222 1212 8000 788 fold 
6666 1596 8000 404 fold 
3333 1950 8000 50 fold 
5555 0 8000 2000 all_in 
1111 1212 8000 788 check 
total pot: 4030 
/inquire 
recv from player 1111: fold 


--- 1 players not fold, don't need show down---

---Allocate pot---
Only player at seat 7 not fold, win all the pot 4030
pot-win/ 
5555: 4030 
/pot-win 
it is player 3333's turn to be button

-----2 Hand-----

----- clean player data in socket -----
seat/ 
button: 3333 1950 8000 
small blind: 6666 1596 8000 
big blind: 2222 1212 8000 
7777 2000 8000 
4444 2000 8000 
8888 2000 8000 
1111 1212 8000 
5555 4030 8000 
/seat 
blind/ 
6666: 50 
2222: 100 
/blind 
player 6666:hold/ 
HEARTS 4 
SPADES 4 
/hold 
player 2222:hold/ 
DIAMONDS 5 
HEARTS 9 
/hold 
player 7777:hold/ 
DIAMONDS 4 
DIAMONDS 9 
/hold 
player 4444:hold/ 
HEARTS A 
DIAMONDS K 
/hold 
player 8888:hold/ 
DIAMONDS 2 
DIAMONDS J 
/hold 
player 1111:hold/ 
DIAMONDS Q 
HEARTS 8 
/hold 
player 5555:hold/ 
HEARTS 10 
SPADES 2 
/hold 
player 3333:hold/ 
DIAMONDS 3 
HEARTS K 
/hold 

---pre flop round bet---
valid player: 8, all in player: 0, fold player: 0
send inquire msg to player 7777 
inquire/ 
2222 1112 8000 100 blind 
6666 1546 8000 50 blind 
total pot: 150 
/inquire 
recv from player 7777: fold 

send inquire msg to player 4444 
inquire/ 
7777 2000 8000 0 fold 
2222 1112 8000 100 blind 
6666 1546 8000 50 blind 
total pot: 150 
/inquire 
recv from player 4444: raise 273 

send inquire msg to player 8888 
inquire/ 
4444 1627 8000 373 raise 
7777 2000 8000 0 fold 
2222 1112 8000 100 blind 
6666 1546 8000 50 blind 
total pot: 523 
/inquire 
recv from player 8888: fold 

send inquire msg to player 1111 
inquire/ 
8888 2000 8000 0 fold 
4444 1627 8000 373 raise 
7777 2000 8000 0 fold 
2222 1112 8000 100 blind 
6666 1546 8000 50 blind 
total pot: 523 
/inquire 
recv from player 1111: fold 

send inquire msg to player 5555 
inquire/ 
1111 1212 8000 0 fold 
8888 2000 8000 0 fold 
4444 1627 8000 373 raise 
7777 2000 8000 0 fold 
2222 1112 8000 100 blind 
6666 1546 8000 50 blind 
total pot: 523 
/inquire 
recv from player 5555: fold 

send inquire msg to player 3333 
inquire/ 
5555 4030 8000 0 fold 
1111 1212 8000 0 fold 
8888 2000 8000 0 fold 
4444 1627 8000 373 raise 
7777 2000 8000 0 fold 
2222 1112 8000 100 blind 
6666 1546 8000 50 blind 
total pot: 523 
/inquire 
recv from player 3333: fold 

send inquire msg to player 6666 
inquire/ 
3333 1950 8000 0 fold 
5555 4030 8000 0 fold 
1111 1212 8000 0 fold 
8888 2000 8000 0 fold 
4444 1627 8000 373 raise 
7777 2000 8000 0 fold 
2222 1112 8000 100 blind 
6666 1546 8000 50 blind 
total pot: 523 
/inquire 
recv from player 6666: fold 

send inquire msg to player 2222 
inquire/ 
6666 1546 8000 50 fold 
3333 1950 8000 0 fold 
5555 4030 8000 0 fold 
1111 1212 8000 0 fold 
8888 2000 8000 0 fold 
4444 1627 8000 373 raise 
7777 2000 8000 0 fold 
2222 1112 8000 100 blind 
total pot: 523 
/inquire 
recv from player 2222: fold 


---flop round bet---
valid player: 8, all in player: 0, fold player: 7

---turn round bet---
valid player: 8, all in player: 0, fold player: 7

---river round bet---
valid player: 8, all in player: 0, fold player: 7

--- 1 players not fold, don't need show down---

---Allocate pot---
Only player at seat 3 not fold, win all the pot 523
pot-win/ 
4444: 523 
/pot-win 
it is player 6666's turn to be button

-----3 Hand-----

----- clean player data in socket -----
seat/ 
button: 6666 1546 8000 
small blind: 2222 1112 8000 
big blind: 7777 2000 8000 
4444 2150 8000 
8888 2000 8000 
1111 1212 8000 
5555 4030 8000 
3333 1950 8000 
/seat 
blind/ 
2222: 50 
7777: 100 
/blind 
player 2222:hold/ 
DIAMONDS 9 
SPADES 4 
/hold 
player 7777:hold/ 
SPADES 9 
SPADES 2 
/hold 
player 4444:hold/ 
CLUBS Q 
HEARTS 10 
/hold 
player 8888:hold/ 
DIAMONDS A 
HEARTS J 
/hold 
player 1111:hold/ 
DIAMONDS 8 
SPADES Q 
/hold 
player 5555:hold/ 
DIAMONDS Q 
CLUBS K 
/hold 
player 3333:hold/ 
DIAMONDS 10 
CLUBS 3 
/hold 
player 6666:hold/ 
DIAMONDS 7 
CLUBS 5 
/hold 

---pre flop round bet---
valid player: 8, all in player: 0, fold player: 0
send inquire msg to player 4444 
inquire/ 
7777 1900 8000 100 blind 
2222 1062 8000 50 blind 
total pot: 150 
/inquire 
recv from player 4444: raise 190 

send inquire msg to player 8888 
inquire/ 
4444 1860 8000 290 raise 
7777 1900 8000 100 blind 
2222 1062 8000 50 blind 
total pot: 440 
/inquire 
recv from player 8888: call 

send inquire msg to player 1111 
inquire/ 
8888 1710 8000 290 call 
4444 1860 8000 290 raise 
7777 1900 8000 100 blind 
2222 1062 8000 50 blind 
total pot: 730 
/inquire 
recv from player 1111: fold 

send inquire msg to player 5555 
inquire/ 
1111 1212 8000 0 fold 
8888 1710 8000 290 call 
4444 1860 8000 290 raise 
7777 1900 8000 100 blind 
2222 1062 8000 50 blind 
total pot: 730 
/inquire 
recv from player 5555: call 

send inquire msg to player 3333 
inquire/ 
5555 3740 8000 290 call 
1111 1212 8000 0 fold 
8888 1710 8000 290 call 
4444 1860 8000 290 raise 
7777 1900 8000 100 blind 
2222 1062 8000 50 blind 
total pot: 1020 
/inquire 
recv from player 3333: fold 

send inquire msg to player 6666 
inquire/ 
3333 1950 8000 0 fold 
5555 3740 8000 290 call 
1111 1212 8000 0 fold 
8888 1710 8000 290 call 
4444 1860 8000 290 raise 
7777 1900 8000 100 blind 
2222 1062 8000 50 blind 
total pot: 1020 
/inquire 
recv from player 6666: fold 

send inquire msg to player 2222 
inquire/ 
6666 1546 8000 0 fold 
3333 1950 8000 0 fold 
5555 3740 8000 290 call 
1111 1212 8000 0 fold 
8888 1710 8000 290 call 
4444 1860 8000 290 raise 
7777 1900 8000 100 blind 
2222 1062 8000 50 blind 
total pot: 1020 
/inquire 
recv from player 2222: fold 

send inquire msg to player 7777 
inquire/ 
2222 1062 8000 50 fold 
6666 1546 8000 0 fold 
3333 1950 8000 0 fold 
5555 3740 8000 290 call 
1111 1212 8000 0 fold 
8888 1710 8000 290 call 
4444 1860 8000 290 raise 
7777 1900 8000 100 blind 
total pot: 1020 
/inquire 
recv from player 7777: fold 

flop/ 
HEARTS 7 
SPADES 3 
CLUBS 8 
/flop 

---flop round bet---
valid player: 8, all in player: 0, fold player: 5
send inquire msg to player 2222 
inquire/ 
6666 1546 8000 0 fold 
3333 1950 8000 0 fold 
5555 3740 8000 290 call 
1111 1212 8000 0 fold 
8888 1710 8000 290 call 
4444 1860 8000 290 raise 
7777 1900 8000 100 fold 
2222 1062 8000 50 fold 
total pot: 1020 
/inquire 
send inquire msg to player 7777 
inquire/ 
2222 1062 8000 50 fold 
6666 1546 8000 0 fold 
3333 1950 8000 0 fold 
5555 3740 8000 290 call 
1111 1212 8000 0 fold 
8888 1710 8000 290 call 
4444 1860 8000 290 raise 
7777 1900 8000 100 fold 
total pot: 1020 
/inquire 
send inquire msg to player 4444 
inquire/ 
7777 1900 8000 100 fold 
2222 1062 8000 50 fold 
6666 1546 8000 0 fold 
3333 1950 8000 0 fold 
5555 3740 8000 290 call 
1111 1212 8000 0 fold 
8888 1710 8000 290 call 
4444 1860 8000 290 raise 
total pot: 1020 
/inquire 
recv from player 4444: call 

send inquire msg to player 8888 
inquire/ 
4444 1860 8000 290 check 
7777 1900 8000 100 fold 
2222 1062 8000 50 fold 
6666 1546 8000 0 fold 
3333 1950 8000 0 fold 
5555 3740 8000 290 call 
1111 1212 8000 0 fold 
8888 1710 8000 290 call 
total pot: 1020 
/inquire 
recv from player 8888: call 

send inquire msg to player 1111 
inquire/ 
8888 1710 8000 290 check 
4444 1860 8000 290 check 
7777 1900 8000 100 fold 
2222 1062 8000 50 fold 
6666 1546 8000 0 fold 
3333 1950 8000 0 fold 
5555 3740 8000 290 call 
1111 1212 8000 0 fold 
total pot: 1020 
/inquire 
send inquire msg to player 5555 
inquire/ 
1111 1212 8000 0 fold 
8888 1710 8000 290 check 
4444 1860 8000 290 check 
7777 1900 8000 100 fold 
2222 1062 8000 50 fold 
6666 1546 8000 0 fold 
3333 1950 8000 0 fold 
5555 3740 8000 290 call 
total pot: 1020 
/inquire 
recv from player 5555: fold 

turn/ 
DIAMONDS 4 
/turn 

---turn round bet---
valid player: 8, all in player: 0, fold player: 6
send inquire msg to player 2222 
inquire/ 
6666 1546 8000 0 fold 
3333 1950 8000 0 fold 
5555 3740 8000 290 fold 
1111 1212 8000 0 fold 
8888 1710 8000 290 check 
4444 1860 8000 290 check 
7777 1900 8000 100 fold 
2222 1062 8000 50 fold 
total pot: 1020 
/inquire 
send inquire msg to player 7777 
inquire/ 
2222 1062 8000 50 fold 
6666 1546 8000 0 fold 
3333 1950 8000 0 fold 
5555 3740 8000 290 fold 
1111 1212 8000 0 fold 
8888 1710 8000 290 check 
4444 1860 8000 290 check 
7777 1900 8000 100 fold 
total pot: 1020 
/inquire 
send inquire msg to player 4444 
inquire/ 
7777 1900 8000 100 fold 
2222 1062 8000 50 fold 
6666 1546 8000 0 fold 
3333 1950 8000 0 fold 
5555 3740 8000 290 fold 
1111 1212 8000 0 fold 
8888 1710 8000 290 check 
4444 1860 8000 290 check 
total pot: 1020 
/inquire 
recv from player 4444: call 

send inquire msg to player 8888 
inquire/ 
4444 1860 8000 290 check 
7777 1900 8000 100 fold 
2222 1062 8000 50 fold 
6666 1546 8000 0 fold 
3333 1950 8000 0 fold 
5555 3740 8000 290 fold 
1111 1212 8000 0 fold 
8888 1710 8000 290 check 
total pot: 1020 
/inquire 
recv from player 8888: call 

river/ 
DIAMONDS 3 
/river 

---river round bet---
valid player: 8, all in player: 0, fold player: 6
send inquire msg to player 2222 
inquire/ 
6666 1546 8000 0 fold 
3333 1950 8000 0 fold 
5555 3740 8000 290 fold 
1111 1212 8000 0 fold 
8888 1710 8000 290 check 
4444 1860 8000 290 check 
7777 1900 8000 100 fold 
2222 1062 8000 50 fold 
total pot: 1020 
/inquire 
send inquire msg to player 7777 
inquire/ 
2222 1062 8000 50 fold 
6666 1546 8000 0 fold 
3333 1950 8000 0 fold 
5555 3740 8000 290 fold 
1111 1212 8000 0 fold 
8888 1710 8000 290 check 
4444 1860 8000 290 check 
7777 1900 8000 100 fold 
total pot: 1020 
/inquire 
send inquire msg to player 4444 
inquire/ 
7777 1900 8000 100 fold 
2222 1062 8000 50 fold 
6666 1546 8000 0 fold 
3333 1950 8000 0 fold 
5555 3740 8000 290 fold 
1111 1212 8000 0 fold 
8888 1710 8000 290 check 
4444 1860 8000 290 check 
total pot: 1020 
/inquire 
recv from player 4444: call 

send inquire msg to player 8888 
inquire/ 
4444 1860 8000 290 check 
7777 1900 8000 100 fold 
2222 1062 8000 50 fold 
6666 1546 8000 0 fold 
3333 1950 8000 0 fold 
5555 3740 8000 290 fold 
1111 1212 8000 0 fold 
8888 1710 8000 290 check 
total pot: 1020 
/inquire 
recv from player 8888: call 


---show down---
showdown/ 
common/ 
HEARTS 7 
SPADES 3 
CLUBS 8 
DIAMONDS 4 
DIAMONDS 3 
/common 
2: 4444 CLUBS Q HEARTS 10 ONE_PAIR 
1: 8888 DIAMONDS A HEARTS J ONE_PAIR 
/showdown 

---Allocate pot---
pot-win/ 
8888: 1020 
/pot-win 
it is player 2222's turn to be button

-----4 Hand-----

----- clean player data in socket -----
seat/ 
button: 2222 1062 8000 
small blind: 7777 1900 8000 
big blind: 4444 1860 8000 
8888 2730 8000 
1111 1212 8000 
5555 3740 8000 
3333 1950 8000 
6666 1546 8000 
/seat 
blind/ 
7777: 50 
4444: 100 
/blind 
player 7777:hold/ 
SPADES Q 
DIAMONDS Q 
/hold 
player 4444:hold/ 
HEARTS 6 
SPADES 7 
/hold 
player 8888:hold/ 
DIAMONDS A 
SPADES 6 
/hold 
player 1111:hold/ 
CLUBS A 
CLUBS 3 
/hold 
player 5555:hold/ 
SPADES 5 
HEARTS J 
/hold 
player 3333:hold/ 
CLUBS 6 
HEARTS 4 
/hold 
player 6666:hold/ 
SPADES 9 
CLUBS 4 
/hold 
player 2222:hold/ 
DIAMONDS 6 
CLUBS K 
/hold 

---pre flop round bet---
valid player: 8, all in player: 0, fold player: 0
send inquire msg to player 8888 
inquire/ 
4444 1760 8000 100 blind 
7777 1850 8000 50 blind 
total pot: 150 
/inquire 
recv from player 8888: raise 171 

send inquire msg to player 1111 
inquire/ 
8888 2459 8000 271 raise 
4444 1760 8000 100 blind 
7777 1850 8000 50 blind 
total pot: 421 
/inquire 
recv from player 1111: call 

send inquire msg to player 5555 
inquire/ 
1111 941 8000 271 call 
8888 2459 8000 271 raise 
4444 1760 8000 100 blind 
7777 1850 8000 50 blind 
total pot: 692 
/inquire 
recv from player 5555: fold 

send inquire msg to player 3333 
inquire/ 
5555 3740 8000 0 fold 
1111 941 8000 271 call 
8888 2459 8000 271 raise 
4444 1760 8000 100 blind 
7777 1850 8000 50 blind 
total pot: 692 
/inquire 
recv from player 3333: fold 

send inquire msg to player 6666 
inquire/ 
3333 1950 8000 0 fold 
5555 3740 8000 0 fold 
1111 941 8000 271 call 
8888 2459 8000 271 raise 
4444 1760 8000 100 blind 
7777 1850 8000 50 blind 
total pot: 692 
/inquire 
recv from player 6666: fold 

send inquire msg to player 2222 
inquire/ 
6666 1546 8000 0 fold 
3333 1950 8000 0 fold 
5555 3740 8000 0 fold 
1111 941 8000 271 call 
8888 2459 8000 271 raise 
4444 1760 8000 100 blind 
7777 1850 8000 50 blind 
total pot: 692 
/inquire 
recv from player 2222: fold 

send inquire msg to player 7777 
inquire/ 
2222 1062 8000 0 fold 
6666 1546 8000 0 fold 
3333 1950 8000 0 fold 
5555 3740 8000 0 fold 
1111 941 8000 271 call 
8888 2459 8000 271 raise 
4444 1760 8000 100 blind 
7777 1850 8000 50 blind 
total pot: 692 
/inquire 
recv from player 7777: raise 600 

send inquire msg to player 4444 
inquire/ 
7777 1029 8000 871 raise 
2222 1062 8000 0 fold 
6666 1546 8000 0 fold 
3333 1950 8000 0 fold 
5555 3740 8000 0 fold 
1111 941 8000 271 call 
8888 2459 8000 271 raise 
4444 1760 8000 100 blind 
total pot: 1513 
/inquire 
recv from player 4444: fold 

send inquire msg to player 8888 
inquire/ 
4444 1760 8000 100 fold 
7777 1029 8000 871 raise 
2222 1062 8000 0 fold 
6666 1546 8000 0 fold 
3333 1950 8000 0 fold 
5555 3740 8000 0 fold 
1111 941 8000 271 call 
8888 2459 8000 271 raise 
total pot: 1513 
/inquire 
recv from player 8888: call 

send inquire msg to player 1111 
inquire/ 
8888 1859 8000 871 call 
4444 1760 8000 100 fold 
7777 1029 8000 871 raise 
2222 1062 8000 0 fold 
6666 1546 8000 0 fold 
3333 1950 8000 0 fold 
5555 3740 8000 0 fold 
1111 941 8000 271 call 
total pot: 2113 
/inquire 
recv from player 1111: fold 

flop/ 
SPADES 8 
DIAMONDS 2 
DIAMONDS 9 
/flop 

---flop round bet---
valid player: 8, all in player: 0, fold player: 6
send inquire msg to player 7777 
inquire/ 
2222 1062 8000 0 fold 
6666 1546 8000 0 fold 
3333 1950 8000 0 fold 
5555 3740 8000 0 fold 
1111 941 8000 271 fold 
8888 1859 8000 871 call 
4444 1760 8000 100 fold 
7777 1029 8000 871 raise 
total pot: 2113 
/inquire 
recv from player 7777: call 

send inquire msg to player 4444 
inquire/ 
7777 1029 8000 871 check 
2222 1062 8000 0 fold 
6666 1546 8000 0 fold 
3333 1950 8000 0 fold 
5555 3740 8000 0 fold 
1111 941 8000 271 fold 
8888 1859 8000 871 call 
4444 1760 8000 100 fold 
total pot: 2113 
/inquire 
send inquire msg to player 8888 
inquire/ 
4444 1760 8000 100 fold 
7777 1029 8000 871 check 
2222 1062 8000 0 fold 
6666 1546 8000 0 fold 
3333 1950 8000 0 fold 
5555 3740 8000 0 fold 
1111 941 8000 271 fold 
8888 1859 8000 871 call 
total pot: 2113 
/inquire 
recv from player 8888: call 

turn/ 
HEARTS 2 
/turn 

---turn round bet---
valid player: 8, all in player: 0, fold player: 6
send inquire msg to player 7777 
inquire/ 
2222 1062 8000 0 fold 
6666 1546 8000 0 fold 
3333 1950 8000 0 fold 
5555 3740 8000 0 fold 
1111 941 8000 271 fold 
8888 1859 8000 871 check 
4444 1760 8000 100 fold 
7777 1029 8000 871 check 
total pot: 2113 
/inquire 
recv from player 7777: call 

send inquire msg to player 4444 
inquire/ 
7777 1029 8000 871 check 
2222 1062 8000 0 fold 
6666 1546 8000 0 fold 
3333 1950 8000 0 fold 
5555 3740 8000 0 fold 
1111 941 8000 271 fold 
8888 1859 8000 871 check 
4444 1760 8000 100 fold 
total pot: 2113 
/inquire 
send inquire msg to player 8888 
inquire/ 
4444 1760 8000 100 fold 
7777 1029 8000 871 check 
2222 1062 8000 0 fold 
6666 1546 8000 0 fold 
3333 1950 8000 0 fold 
5555 3740 8000 0 fold 
1111 941 8000 271 fold 
8888 1859 8000 871 check 
total pot: 2113 
/inquire 
recv from player 8888: call 

river/ 
CLUBS J 
/river 

---river round bet---
valid player: 8, all in player: 0, fold player: 6
send inquire msg to player 7777 
inquire/ 
2222 1062 8000 0 fold 
6666 1546 8000 0 fold 
3333 1950 8000 0 fold 
5555 3740 8000 0 fold 
1111 941 8000 271 fold 
8888 1859 8000 871 check 
4444 1760 8000 100 fold 
7777 1029 8000 871 check 
total pot: 2113 
/inquire 
recv from player 7777: call 

send inquire msg to player 4444 
inquire/ 
7777 1029 8000 871 check 
2222 1062 8000 0 fold 
6666 1546 8000 0 fold 
3333 1950 8000 0 fold 
5555 3740 8000 0 fold 
1111 941 8000 271 fold 
8888 1859 8000 871 check 
4444 1760 8000 100 fold 
total pot: 2113 
/inquire 
send inquire msg to player 8888 
inquire/ 
4444 1760 8000 100 fold 
7777 1029 8000 871 check 
2222 1062 8000 0 fold 
6666 1546 8000 0 fold 
3333 1950 8000 0 fold 
5555 3740 8000 0 fold 
1111 941 8000 271 fold 
8888 1859 8000 871 check 
total pot: 2113 
/inquire 
recv from player 8888: call 


---show down---
showdown/ 
common/ 
SPADES 8 
DIAMONDS 2 
DIAMONDS 9 
HEARTS 2 
CLUBS J 
/common 
1: 7777 SPADES Q DIAMONDS Q TWO_PAIR 
2: 8888 DIAMONDS A SPADES 6 ONE_PAIR 
/showdown 

---Allocate pot---
pot-win/ 
7777: 2113 
/pot-win 
it is player 7777's turn to be button

-----5 Hand-----

----- clean player data in socket -----
seat/ 
button: 7777 3142 8000 
small blind: 4444 1760 8000 
big blind: 8888 1859 8000 
1111 941 8000 
5555 3740 8000 
3333 1950 8000 
6666 1546 8000 
2222 1062 8000 
/seat 
blind/ 
4444: 50 
8888: 100 
/blind 
player 4444:hold/ 
SPADES 2 
DIAMONDS 2 
/hold 
player 8888:hold/ 
HEARTS 5 
DIAMONDS K 
/hold 
player 1111:hold/ 
HEARTS 10 
SPADES 10 
/hold 
player 5555:hold/ 
DIAMONDS 9 
HEARTS 3 
/hold 
player 3333:hold/ 
SPADES 8 
SPADES 5 
/hold 
player 6666:hold/ 
CLUBS 2 
CLUBS J 
/hold 
player 2222:hold/ 
HEARTS 2 
SPADES K 
/hold 
player 7777:hold/ 
SPADES Q 
HEARTS 4 
/hold 

---pre flop round bet---
valid player: 8, all in player: 0, fold player: 0
send inquire msg to player 1111 
inquire/ 
8888 1759 8000 100 blind 
4444 1710 8000 50 blind 
total pot: 150 
/inquire 
recv from player 1111: raise 125 

send inquire msg to player 5555 
inquire/ 
1111 716 8000 225 raise 
8888 1759 8000 100 blind 
4444 1710 8000 50 blind 
total pot: 375 
/inquire 
recv from player 5555: fold 

send inquire msg to player 3333 
inquire/ 
5555 3740 8000 0 fold 
1111 716 8000 225 raise 
8888 1759 8000 100 blind 
4444 1710 8000 50 blind 
total pot: 375 
/inquire 
recv from player 3333: fold 

send inquire msg to player 6666 
inquire/ 
3333 1950 8000 0 fold 
5555 3740 8000 0 fold 
1111 716 8000 225 raise 
8888 1759 8000 100 blind 
4444 1710 8000 50 blind 
total pot: 375 
/inquire 
recv from player 6666: fold 

send inquire msg to player 2222 
inquire/ 
6666 1546 8000 0 fold 
3333 1950 8000 0 fold 
5555 3740 8000 0 fold 
1111 716 8000 225 raise 
8888 1759 8000 100 blind 
4444 1710 8000 50 blind 
total pot: 375 
/inquire 
recv from player 2222: fold 

send inquire msg to player 7777 
inquire/ 
2222 1062 8000 0 fold 
6666 1546 8000 0 fold 
3333 1950 8000 0 fold 
5555 3740 8000 0 fold 
1111 716 8000 225 raise 
8888 1759 8000 100 blind 
4444 1710 8000 50 blind 
total pot: 375 
/inquire 
recv from player 7777: fold 

send inquire msg to player 4444 
inquire/ 
7777 3142 8000 0 fold 
2222 1062 8000 0 fold 
6666 1546 8000 0 fold 
3333 1950 8000 0 fold 
5555 3740 8000 0 fold 
1111 716 8000 225 raise 
8888 1759 8000 100 blind 
4444 1710 8000 50 blind 
total pot: 375 
/inquire 
recv from player 4444: call 

send inquire msg to player 8888 
inquire/ 
4444 1535 8000 225 call 
7777 3142 8000 0 fold 
2222 1062 8000 0 fold 
6666 1546 8000 0 fold 
3333 1950 8000 0 fold 
5555 3740 8000 0 fold 
1111 716 8000 225 raise 
8888 1759 8000 100 blind 
total pot: 550 
/inquire 
recv from player 8888: call 

flop/ 
HEARTS J 
HEARTS 6 
DIAMONDS 6 
/flop 

---flop round bet---
valid player: 8, all in player: 0, fold player: 5
send inquire msg to player 4444 
inquire/ 
7777 3142 8000 0 fold 
2222 1062 8000 0 fold 
6666 1546 8000 0 fold 
3333 1950 8000 0 fold 
5555 3740 8000 0 fold 
1111 716 8000 225 raise 
8888 1634 8000 225 call 
4444 1535 8000 225 call 
total pot: 675 
/inquire 
recv from player 4444: call 

send inquire msg to player 8888 
inquire/ 
4444 1535 8000 225 check 
7777 3142 8000 0 fold 
2222 1062 8000 0 fold 
6666 1546 8000 0 fold 
3333 1950 8000 0 fold 
5555 3740 8000 0 fold 
1111 716 8000 225 raise 
8888 1634 8000 225 call 
total pot: 675 
/inquire 
recv from player 8888: call 

send inquire msg to player 1111 
inquire/ 
8888 1634 8000 225 check 
4444 1535 8000 225 check 
7777 3142 8000 0 fold 
2222 1062 8000 0 fold 
6666 1546 8000 0 fold 
3333 1950 8000 0 fold 
5555 3740 8000 0 fold 
1111 716 8000 225 raise 
total pot: 675 
/inquire 
recv from player 1111: call 

turn/ 
DIAMONDS A 
/turn 

---turn round bet---
valid player: 8, all in player: 0, fold player: 5
send inquire msg to player 4444 
inquire/ 
7777 3142 8000 0 fold 
2222 1062 8000 0 fold 
6666 1546 8000 0 fold 
3333 1950 8000 0 fold 
5555 3740 8000 0 fold 
1111 716 8000 225 check 
8888 1634 8000 225 check 
4444 1535 8000 225 check 
total pot: 675 
/inquire 
recv from player 4444: call 

send inquire msg to player 8888 
inquire/ 
4444 1535 8000 225 check 
7777 3142 8000 0 fold 
2222 1062 8000 0 fold 
6666 1546 8000 0 fold 
3333 1950 8000 0 fold 
5555 3740 8000 0 fold 
1111 716 8000 225 check 
8888 1634 8000 225 check 
total pot: 675 
/inquire 
recv from player 8888: call 

send inquire msg to player 1111 
inquire/ 
8888 1634 8000 225 check 
4444 1535 8000 225 check 
7777 3142 8000 0 fold 
2222 1062 8000 0 fold 
6666 1546 8000 0 fold 
3333 1950 8000 0 fold 
5555 3740 8000 0 fold 
1111 716 8000 225 check 
total pot: 675 
/inquire 
recv from player 1111: call 

river/ 
SPADES 7 
/river 

---river round bet---
valid player: 8, all in player: 0, fold player: 5
send inquire msg to player 4444 
inquire/ 
7777 3142 8000 0 fold 
2222 1062 8000 0 fold 
6666 1546 8000 0 fold 
3333 1950 8000 0 fold 
5555 3740 8000 0 fold 
1111 716 8000 225 check 
8888 1634 8000 225 check 
4444 1535 8000 225 check 
total pot: 675 
/inquire 
recv from player 4444: call 

send inquire msg to player 8888 
inquire/ 
4444 1535 8000 225 check 
7777 3142 8000 0 fold 
2222 1062 8000 0 fold 
6666 1546 8000 0 fold 
3333 1950 8000 0 fold 
5555 3740 8000 0 fold 
1111 716 8000 225 check 
8888 1634 8000 225 check 
total pot: 675 
/inquire 
recv from player 8888: call 

send inquire msg to player 1111 
inquire/ 
8888 1634 8000 225 check 
4444 1535 8000 225 check 
7777 3142 8000 0 fold 
2222 1062 8000 0 fold 
6666 1546 8000 0 fold 
3333 1950 8000 0 fold 
5555 3740 8000 0 fold 
1111 716 8000 225 check 
total pot: 675 
/inquire 
recv from player 1111: call 


---show down---
showdown/ 
common/ 
HEARTS J 
HEARTS 6 
DIAMONDS 6 
DIAMONDS A 
SPADES 7 
/common 
2: 4444 SPADES 2 DIAMONDS 2 TWO_PAIR 
3: 8888 HEARTS 5 DIAMONDS K ONE_PAIR 
1: 1111 HEARTS 10 SPADES 10 TWO_PAIR 
/showdown 

---Allocate pot---
pot-win/ 
1111: 675 
/pot-win 
it is player 4444's turn to be button

-----6 Hand-----

----- clean player data in socket -----
seat/ 
button: 4444 1535 8000 
small blind: 8888 1634 8000 
big blind: 1111 1391 8000 
5555 3740 8000 
3333 1950 8000 
6666 1546 8000 
2222 1062 8000 
7777 3142 8000 
/seat 
blind/ 
8888: 50 
1111: 100 
/blind 
player 8888:hold/ 
CLUBS 6 
HEARTS 5 
/hold 
player 1111:hold/ 
SPADES Q 
HEARTS 6 
/hold 
player 5555:hold/ 
CLUBS 8 
DIAMONDS 6 
/hold 
player 3333:hold/ 
CLUBS 3 
CLUBS A 
/hold 
player 6666:hold/ 
DIAMONDS 8 
SPADES K 
/hold 
player 2222:hold/ 
CLUBS 7 
SPADES 3 
/hold 
player 7777:hold/ 
SPADES J 
HEARTS 9 
/hold 
player 4444:hold/ 
SPADES A 
SPADES 9 
/hold 

---pre flop round bet---
