

---GAME START @ 2015-5-18-23-58-14---
reg: 2222 simplebot 
reg: 1111 simplebot 
reg: 4444 simplebot 
reg: 7777 cleverbot 
reg: 3333 simplebot 
reg: 6666 simplebot 
reg: 8888 simplebot 
reg: 5555 young 

-----1 Hand-----

----- clean player data in socket -----
seat/ 
button: 8888 2000 8000 
small blind: 6666 2000 8000 
big blind: 3333 2000 8000 
1111 2000 8000 
4444 2000 8000 
7777 2000 8000 
5555 2000 8000 
2222 2000 8000 
/seat 
blind/ 
6666: 50 
3333: 100 
/blind 
player 6666:hold/ 
SPADES Q 
SPADES 2 
/hold 
player 3333:hold/ 
CLUBS 9 
SPADES 5 
/hold 
player 1111:hold/ 
SPADES A 
DIAMONDS 2 
/hold 
player 4444:hold/ 
HEARTS K 
DIAMONDS 3 
/hold 
player 7777:hold/ 
CLUBS 7 
SPADES 8 
/hold 
player 5555:hold/ 
SPADES 10 
DIAMONDS 7 
/hold 
player 2222:hold/ 
HEARTS 6 
CLUBS 2 
/hold 
player 8888:hold/ 
SPADES 6 
DIAMONDS K 
/hold 

---pre flop round bet---
valid player: 8, all in player: 0, fold player: 0
send inquire msg to player 1111 
inquire/ 
3333 1900 8000 100 blind 
6666 1950 8000 50 blind 
total pot: 150 
/inquire 
recv from player 1111: raise 115 

send inquire msg to player 4444 
inquire/ 
1111 1785 8000 215 raise 
3333 1900 8000 100 blind 
6666 1950 8000 50 blind 
total pot: 365 
/inquire 
recv from player 4444: call 

send inquire msg to player 7777 
inquire/ 
4444 1785 8000 215 call 
1111 1785 8000 215 raise 
3333 1900 8000 100 blind 
6666 1950 8000 50 blind 
total pot: 580 
/inquire 
recv from player 7777: fold 

send inquire msg to player 5555 
inquire/ 
7777 2000 8000 0 fold 
4444 1785 8000 215 call 
1111 1785 8000 215 raise 
3333 1900 8000 100 blind 
6666 1950 8000 50 blind 
total pot: 580 
/inquire 
recv from player 5555: fold 

send inquire msg to player 2222 
inquire/ 
5555 2000 8000 0 fold 
7777 2000 8000 0 fold 
4444 1785 8000 215 call 
1111 1785 8000 215 raise 
3333 1900 8000 100 blind 
6666 1950 8000 50 blind 
total pot: 580 
/inquire 
recv from player 2222: fold 

send inquire msg to player 8888 
inquire/ 
2222 2000 8000 0 fold 
5555 2000 8000 0 fold 
7777 2000 8000 0 fold 
4444 1785 8000 215 call 
1111 1785 8000 215 raise 
3333 1900 8000 100 blind 
6666 1950 8000 50 blind 
total pot: 580 
/inquire 
recv from player 8888: fold 

send inquire msg to player 6666 
inquire/ 
8888 2000 8000 0 fold 
2222 2000 8000 0 fold 
5555 2000 8000 0 fold 
7777 2000 8000 0 fold 
4444 1785 8000 215 call 
1111 1785 8000 215 raise 
3333 1900 8000 100 blind 
6666 1950 8000 50 blind 
total pot: 580 
/inquire 
recv from player 6666: call 

send inquire msg to player 3333 
inquire/ 
6666 1785 8000 215 call 
8888 2000 8000 0 fold 
2222 2000 8000 0 fold 
5555 2000 8000 0 fold 
7777 2000 8000 0 fold 
4444 1785 8000 215 call 
1111 1785 8000 215 raise 
3333 1900 8000 100 blind 
total pot: 745 
/inquire 
recv from player 3333: call 

flop/ 
DIAMONDS 8 
CLUBS 3 
DIAMONDS J 
/flop 

---flop round bet---
valid player: 8, all in player: 0, fold player: 4
send inquire msg to player 6666 
inquire/ 
8888 2000 8000 0 fold 
2222 2000 8000 0 fold 
5555 2000 8000 0 fold 
7777 2000 8000 0 fold 
4444 1785 8000 215 call 
1111 1785 8000 215 raise 
3333 1785 8000 215 call 
6666 1785 8000 215 call 
total pot: 860 
/inquire 
recv from player 6666: call 

send inquire msg to player 3333 
inquire/ 
6666 1785 8000 215 check 
8888 2000 8000 0 fold 
2222 2000 8000 0 fold 
5555 2000 8000 0 fold 
7777 2000 8000 0 fold 
4444 1785 8000 215 call 
1111 1785 8000 215 raise 
3333 1785 8000 215 call 
total pot: 860 
/inquire 
recv from player 3333: call 

send inquire msg to player 1111 
inquire/ 
3333 1785 8000 215 check 
6666 1785 8000 215 check 
8888 2000 8000 0 fold 
2222 2000 8000 0 fold 
5555 2000 8000 0 fold 
7777 2000 8000 0 fold 
4444 1785 8000 215 call 
1111 1785 8000 215 raise 
total pot: 860 
/inquire 
recv from player 1111: call 

send inquire msg to player 4444 
inquire/ 
1111 1785 8000 215 check 
3333 1785 8000 215 check 
6666 1785 8000 215 check 
8888 2000 8000 0 fold 
2222 2000 8000 0 fold 
5555 2000 8000 0 fold 
7777 2000 8000 0 fold 
4444 1785 8000 215 call 
total pot: 860 
/inquire 
recv from player 4444: call 

turn/ 
HEARTS A 
/turn 

---turn round bet---
valid player: 8, all in player: 0, fold player: 4
send inquire msg to player 6666 
inquire/ 
8888 2000 8000 0 fold 
2222 2000 8000 0 fold 
5555 2000 8000 0 fold 
7777 2000 8000 0 fold 
4444 1785 8000 215 check 
1111 1785 8000 215 check 
3333 1785 8000 215 check 
6666 1785 8000 215 check 
total pot: 860 
/inquire 
recv from player 6666: call 

send inquire msg to player 3333 
inquire/ 
6666 1785 8000 215 check 
8888 2000 8000 0 fold 
2222 2000 8000 0 fold 
5555 2000 8000 0 fold 
7777 2000 8000 0 fold 
4444 1785 8000 215 check 
1111 1785 8000 215 check 
3333 1785 8000 215 check 
total pot: 860 
/inquire 
recv from player 3333: call 

send inquire msg to player 1111 
inquire/ 
3333 1785 8000 215 check 
6666 1785 8000 215 check 
8888 2000 8000 0 fold 
2222 2000 8000 0 fold 
5555 2000 8000 0 fold 
7777 2000 8000 0 fold 
4444 1785 8000 215 check 
1111 1785 8000 215 check 
total pot: 860 
/inquire 
recv from player 1111: raise 275 

send inquire msg to player 4444 
inquire/ 
1111 1510 8000 490 raise 
3333 1785 8000 215 check 
6666 1785 8000 215 check 
8888 2000 8000 0 fold 
2222 2000 8000 0 fold 
5555 2000 8000 0 fold 
7777 2000 8000 0 fold 
4444 1785 8000 215 check 
total pot: 1135 
/inquire 
recv from player 4444: fold 

send inquire msg to player 7777 
inquire/ 
4444 1785 8000 215 fold 
1111 1510 8000 490 raise 
3333 1785 8000 215 check 
6666 1785 8000 215 check 
8888 2000 8000 0 fold 
2222 2000 8000 0 fold 
5555 2000 8000 0 fold 
7777 2000 8000 0 fold 
total pot: 1135 
/inquire 
send inquire msg to player 5555 
inquire/ 
7777 2000 8000 0 fold 
4444 1785 8000 215 fold 
1111 1510 8000 490 raise 
3333 1785 8000 215 check 
6666 1785 8000 215 check 
8888 2000 8000 0 fold 
2222 2000 8000 0 fold 
5555 2000 8000 0 fold 
total pot: 1135 
/inquire 
send inquire msg to player 2222 
inquire/ 
5555 2000 8000 0 fold 
7777 2000 8000 0 fold 
4444 1785 8000 215 fold 
1111 1510 8000 490 raise 
3333 1785 8000 215 check 
6666 1785 8000 215 check 
8888 2000 8000 0 fold 
2222 2000 8000 0 fold 
total pot: 1135 
/inquire 
send inquire msg to player 8888 
inquire/ 
2222 2000 8000 0 fold 
5555 2000 8000 0 fold 
7777 2000 8000 0 fold 
4444 1785 8000 215 fold 
1111 1510 8000 490 raise 
3333 1785 8000 215 check 
6666 1785 8000 215 check 
8888 2000 8000 0 fold 
total pot: 1135 
/inquire 
send inquire msg to player 6666 
inquire/ 
8888 2000 8000 0 fold 
2222 2000 8000 0 fold 
5555 2000 8000 0 fold 
7777 2000 8000 0 fold 
4444 1785 8000 215 fold 
1111 1510 8000 490 raise 
3333 1785 8000 215 check 
6666 1785 8000 215 check 
total pot: 1135 
/inquire 
recv from player 6666: fold 

send inquire msg to player 3333 
inquire/ 
6666 1785 8000 215 fold 
8888 2000 8000 0 fold 
2222 2000 8000 0 fold 
5555 2000 8000 0 fold 
7777 2000 8000 0 fold 
4444 1785 8000 215 fold 
1111 1510 8000 490 raise 
3333 1785 8000 215 check 
total pot: 1135 
/inquire 
recv from player 3333: fold 


---river round bet---
valid player: 8, all in player: 0, fold player: 7

--- 1 players not fold, don't need show down---

---Allocate pot---
Only player at seat 2 not fold, win all the pot 1135
pot-win/ 
1111: 1135 
/pot-win 
it is player 6666's turn to be button

-----2 Hand-----

----- clean player data in socket -----
seat/ 
button: 6666 1785 8000 
small blind: 3333 1785 8000 
big blind: 1111 2645 8000 
4444 1785 8000 
7777 2000 8000 
5555 2000 8000 
2222 2000 8000 
8888 2000 8000 
/seat 
blind/ 
3333: 50 
1111: 100 
/blind 
player 3333:hold/ 
CLUBS Q 
CLUBS 4 
/hold 
player 1111:hold/ 
SPADES K 
HEARTS 7 
/hold 
player 4444:hold/ 
SPADES A 
HEARTS 5 
/hold 
player 7777:hold/ 
DIAMONDS J 
HEARTS 8 
/hold 
player 5555:hold/ 
SPADES 7 
CLUBS 7 
/hold 
player 2222:hold/ 
CLUBS K 
CLUBS J 
/hold 
player 8888:hold/ 
HEARTS 6 
DIAMONDS 5 
/hold 
player 6666:hold/ 
SPADES 9 
SPADES 8 
/hold 

---pre flop round bet---
valid player: 8, all in player: 0, fold player: 0
send inquire msg to player 4444 
inquire/ 
1111 2545 8000 100 blind 
3333 1735 8000 50 blind 
total pot: 150 
/inquire 
recv from player 4444: raise 114 

send inquire msg to player 7777 
inquire/ 
4444 1571 8000 214 raise 
1111 2545 8000 100 blind 
3333 1735 8000 50 blind 
total pot: 364 
/inquire 
recv from player 7777: fold 

send inquire msg to player 5555 
inquire/ 
7777 2000 8000 0 fold 
4444 1571 8000 214 raise 
1111 2545 8000 100 blind 
3333 1735 8000 50 blind 
total pot: 364 
/inquire 
recv from player 5555: call 

send inquire msg to player 2222 
inquire/ 
5555 1786 8000 214 call 
7777 2000 8000 0 fold 
4444 1571 8000 214 raise 
1111 2545 8000 100 blind 
3333 1735 8000 50 blind 
total pot: 578 
/inquire 
recv from player 2222: raise 268 

send inquire msg to player 8888 
inquire/ 
2222 1518 8000 482 raise 
5555 1786 8000 214 call 
7777 2000 8000 0 fold 
4444 1571 8000 214 raise 
1111 2545 8000 100 blind 
3333 1735 8000 50 blind 
total pot: 1060 
/inquire 
recv from player 8888: fold 

send inquire msg to player 6666 
inquire/ 
8888 2000 8000 0 fold 
2222 1518 8000 482 raise 
5555 1786 8000 214 call 
7777 2000 8000 0 fold 
4444 1571 8000 214 raise 
1111 2545 8000 100 blind 
3333 1735 8000 50 blind 
total pot: 1060 
/inquire 
recv from player 6666: fold 

send inquire msg to player 3333 
inquire/ 
6666 1785 8000 0 fold 
8888 2000 8000 0 fold 
2222 1518 8000 482 raise 
5555 1786 8000 214 call 
7777 2000 8000 0 fold 
4444 1571 8000 214 raise 
1111 2545 8000 100 blind 
3333 1735 8000 50 blind 
total pot: 1060 
/inquire 
recv from player 3333: fold 

send inquire msg to player 1111 
inquire/ 
3333 1735 8000 50 fold 
6666 1785 8000 0 fold 
8888 2000 8000 0 fold 
2222 1518 8000 482 raise 
5555 1786 8000 214 call 
7777 2000 8000 0 fold 
4444 1571 8000 214 raise 
1111 2545 8000 100 blind 
total pot: 1060 
/inquire 
recv from player 1111: call 

send inquire msg to player 4444 
inquire/ 
1111 2163 8000 482 call 
3333 1735 8000 50 fold 
6666 1785 8000 0 fold 
8888 2000 8000 0 fold 
2222 1518 8000 482 raise 
5555 1786 8000 214 call 
7777 2000 8000 0 fold 
4444 1571 8000 214 raise 
total pot: 1442 
/inquire 
recv from player 4444: call 

send inquire msg to player 7777 
inquire/ 
4444 1303 8000 482 call 
1111 2163 8000 482 call 
3333 1735 8000 50 fold 
6666 1785 8000 0 fold 
8888 2000 8000 0 fold 
2222 1518 8000 482 raise 
5555 1786 8000 214 call 
7777 2000 8000 0 fold 
total pot: 1710 
/inquire 
send inquire msg to player 5555 
inquire/ 
7777 2000 8000 0 fold 
4444 1303 8000 482 call 
1111 2163 8000 482 call 
3333 1735 8000 50 fold 
6666 1785 8000 0 fold 
8888 2000 8000 0 fold 
2222 1518 8000 482 raise 
5555 1786 8000 214 call 
total pot: 1710 
/inquire 
recv from player 5555: call 

flop/ 
HEARTS 2 
CLUBS 6 
DIAMONDS Q 
/flop 

---flop round bet---
valid player: 8, all in player: 0, fold player: 4
send inquire msg to player 3333 
inquire/ 
6666 1785 8000 0 fold 
8888 2000 8000 0 fold 
2222 1518 8000 482 raise 
5555 1518 8000 482 call 
7777 2000 8000 0 fold 
4444 1303 8000 482 call 
1111 2163 8000 482 call 
3333 1735 8000 50 fold 
total pot: 1978 
/inquire 
send inquire msg to player 1111 
inquire/ 
3333 1735 8000 50 fold 
6666 1785 8000 0 fold 
8888 2000 8000 0 fold 
2222 1518 8000 482 raise 
5555 1518 8000 482 call 
7777 2000 8000 0 fold 
4444 1303 8000 482 call 
1111 2163 8000 482 call 
total pot: 1978 
/inquire 
recv from player 1111: call 

send inquire msg to player 4444 
inquire/ 
1111 2163 8000 482 check 
3333 1735 8000 50 fold 
6666 1785 8000 0 fold 
8888 2000 8000 0 fold 
2222 1518 8000 482 raise 
5555 1518 8000 482 call 
7777 2000 8000 0 fold 
4444 1303 8000 482 call 
total pot: 1978 
/inquire 
recv from player 4444: call 

send inquire msg to player 7777 
inquire/ 
4444 1303 8000 482 check 
1111 2163 8000 482 check 
3333 1735 8000 50 fold 
6666 1785 8000 0 fold 
8888 2000 8000 0 fold 
2222 1518 8000 482 raise 
5555 1518 8000 482 call 
7777 2000 8000 0 fold 
total pot: 1978 
/inquire 
send inquire msg to player 5555 
inquire/ 
7777 2000 8000 0 fold 
4444 1303 8000 482 check 
1111 2163 8000 482 check 
3333 1735 8000 50 fold 
6666 1785 8000 0 fold 
8888 2000 8000 0 fold 
2222 1518 8000 482 raise 
5555 1518 8000 482 call 
total pot: 1978 
/inquire 
recv from player 5555: raise 192

send inquire msg to player 2222 
inquire/ 
5555 1326 8000 674 raise 
7777 2000 8000 0 fold 
4444 1303 8000 482 check 
1111 2163 8000 482 check 
3333 1735 8000 50 fold 
6666 1785 8000 0 fold 
8888 2000 8000 0 fold 
2222 1518 8000 482 raise 
total pot: 2170 
/inquire 
recv from player 2222: call 

send inquire msg to player 8888 
inquire/ 
2222 1326 8000 674 call 
5555 1326 8000 674 raise 
7777 2000 8000 0 fold 
4444 1303 8000 482 check 
1111 2163 8000 482 check 
3333 1735 8000 50 fold 
6666 1785 8000 0 fold 
8888 2000 8000 0 fold 
total pot: 2362 
/inquire 
send inquire msg to player 6666 
inquire/ 
8888 2000 8000 0 fold 
2222 1326 8000 674 call 
5555 1326 8000 674 raise 
7777 2000 8000 0 fold 
4444 1303 8000 482 check 
1111 2163 8000 482 check 
3333 1735 8000 50 fold 
6666 1785 8000 0 fold 
total pot: 2362 
/inquire 
send inquire msg to player 3333 
inquire/ 
6666 1785 8000 0 fold 
8888 2000 8000 0 fold 
2222 1326 8000 674 call 
5555 1326 8000 674 raise 
7777 2000 8000 0 fold 
4444 1303 8000 482 check 
1111 2163 8000 482 check 
3333 1735 8000 50 fold 
total pot: 2362 
/inquire 
send inquire msg to player 1111 
inquire/ 
3333 1735 8000 50 fold 
6666 1785 8000 0 fold 
8888 2000 8000 0 fold 
2222 1326 8000 674 call 
5555 1326 8000 674 raise 
7777 2000 8000 0 fold 
4444 1303 8000 482 check 
1111 2163 8000 482 check 
total pot: 2362 
/inquire 
recv from player 1111: call 

send inquire msg to player 4444 
inquire/ 
1111 1971 8000 674 call 
3333 1735 8000 50 fold 
6666 1785 8000 0 fold 
8888 2000 8000 0 fold 
2222 1326 8000 674 call 
5555 1326 8000 674 raise 
7777 2000 8000 0 fold 
4444 1303 8000 482 check 
total pot: 2554 
/inquire 
recv from player 4444: fold 

turn/ 
DIAMONDS 2 
/turn 

---turn round bet---
valid player: 8, all in player: 0, fold player: 5
send inquire msg to player 3333 
inquire/ 
6666 1785 8000 0 fold 
8888 2000 8000 0 fold 
2222 1326 8000 674 call 
5555 1326 8000 674 raise 
7777 2000 8000 0 fold 
4444 1303 8000 482 fold 
1111 1971 8000 674 call 
3333 1735 8000 50 fold 
total pot: 2554 
/inquire 
send inquire msg to player 1111 
inquire/ 
3333 1735 8000 50 fold 
6666 1785 8000 0 fold 
8888 2000 8000 0 fold 
2222 1326 8000 674 call 
5555 1326 8000 674 raise 
7777 2000 8000 0 fold 
4444 1303 8000 482 fold 
1111 1971 8000 674 call 
total pot: 2554 
/inquire 
recv from player 1111: call 

send inquire msg to player 4444 
inquire/ 
1111 1971 8000 674 check 
3333 1735 8000 50 fold 
6666 1785 8000 0 fold 
8888 2000 8000 0 fold 
2222 1326 8000 674 call 
5555 1326 8000 674 raise 
7777 2000 8000 0 fold 
4444 1303 8000 482 fold 
total pot: 2554 
/inquire 
send inquire msg to player 7777 
inquire/ 
4444 1303 8000 482 fold 
1111 1971 8000 674 check 
3333 1735 8000 50 fold 
6666 1785 8000 0 fold 
8888 2000 8000 0 fold 
2222 1326 8000 674 call 
5555 1326 8000 674 raise 
7777 2000 8000 0 fold 
total pot: 2554 
/inquire 
send inquire msg to player 5555 
inquire/ 
7777 2000 8000 0 fold 
4444 1303 8000 482 fold 
1111 1971 8000 674 check 
3333 1735 8000 50 fold 
6666 1785 8000 0 fold 
8888 2000 8000 0 fold 
2222 1326 8000 674 call 
5555 1326 8000 674 raise 
total pot: 2554 
/inquire 
recv from player 5555: raise 192

send inquire msg to player 2222 
inquire/ 
5555 1134 8000 866 raise 
7777 2000 8000 0 fold 
4444 1303 8000 482 fold 
1111 1971 8000 674 check 
3333 1735 8000 50 fold 
6666 1785 8000 0 fold 
8888 2000 8000 0 fold 
2222 1326 8000 674 call 
total pot: 2746 
/inquire 
recv from player 2222: fold 

send inquire msg to player 8888 
inquire/ 
2222 1326 8000 674 fold 
5555 1134 8000 866 raise 
7777 2000 8000 0 fold 
4444 1303 8000 482 fold 
1111 1971 8000 674 check 
3333 1735 8000 50 fold 
6666 1785 8000 0 fold 
8888 2000 8000 0 fold 
total pot: 2746 
/inquire 
send inquire msg to player 6666 
inquire/ 
8888 2000 8000 0 fold 
2222 1326 8000 674 fold 
5555 1134 8000 866 raise 
7777 2000 8000 0 fold 
4444 1303 8000 482 fold 
1111 1971 8000 674 check 
3333 1735 8000 50 fold 
6666 1785 8000 0 fold 
total pot: 2746 
/inquire 
send inquire msg to player 3333 
inquire/ 
6666 1785 8000 0 fold 
8888 2000 8000 0 fold 
2222 1326 8000 674 fold 
5555 1134 8000 866 raise 
7777 2000 8000 0 fold 
4444 1303 8000 482 fold 
1111 1971 8000 674 check 
3333 1735 8000 50 fold 
total pot: 2746 
/inquire 
send inquire msg to player 1111 
inquire/ 
3333 1735 8000 50 fold 
6666 1785 8000 0 fold 
8888 2000 8000 0 fold 
2222 1326 8000 674 fold 
5555 1134 8000 866 raise 
7777 2000 8000 0 fold 
4444 1303 8000 482 fold 
1111 1971 8000 674 check 
total pot: 2746 
/inquire 
recv from player 1111: call 

river/ 
CLUBS 10 
/river 

---river round bet---
valid player: 8, all in player: 0, fold player: 6
send inquire msg to player 3333 
inquire/ 
6666 1785 8000 0 fold 
8888 2000 8000 0 fold 
2222 1326 8000 674 fold 
5555 1134 8000 866 raise 
7777 2000 8000 0 fold 
4444 1303 8000 482 fold 
1111 1779 8000 866 call 
3333 1735 8000 50 fold 
total pot: 2938 
/inquire 
send inquire msg to player 1111 
inquire/ 
3333 1735 8000 50 fold 
6666 1785 8000 0 fold 
8888 2000 8000 0 fold 
2222 1326 8000 674 fold 
5555 1134 8000 866 raise 
7777 2000 8000 0 fold 
4444 1303 8000 482 fold 
1111 1779 8000 866 call 
total pot: 2938 
/inquire 
recv from player 1111: call 

send inquire msg to player 4444 
inquire/ 
1111 1779 8000 866 check 
3333 1735 8000 50 fold 
6666 1785 8000 0 fold 
8888 2000 8000 0 fold 
2222 1326 8000 674 fold 
5555 1134 8000 866 raise 
7777 2000 8000 0 fold 
4444 1303 8000 482 fold 
total pot: 2938 
/inquire 
send inquire msg to player 7777 
inquire/ 
4444 1303 8000 482 fold 
1111 1779 8000 866 check 
3333 1735 8000 50 fold 
6666 1785 8000 0 fold 
8888 2000 8000 0 fold 
2222 1326 8000 674 fold 
5555 1134 8000 866 raise 
7777 2000 8000 0 fold 
total pot: 2938 
/inquire 
send inquire msg to player 5555 
inquire/ 
7777 2000 8000 0 fold 
4444 1303 8000 482 fold 
1111 1779 8000 866 check 
3333 1735 8000 50 fold 
6666 1785 8000 0 fold 
8888 2000 8000 0 fold 
2222 1326 8000 674 fold 
5555 1134 8000 866 raise 
total pot: 2938 
/inquire 
recv from player 5555: call 


---show down---
showdown/ 
common/ 
HEARTS 2 
CLUBS 6 
DIAMONDS Q 
DIAMONDS 2 
CLUBS 10 
/common 
2: 1111 SPADES K HEARTS 7 ONE_PAIR 
1: 5555 SPADES 7 CLUBS 7 TWO_PAIR 
/showdown 

---Allocate pot---
pot-win/ 
5555: 2938 
/pot-win 
it is player 3333's turn to be button

-----3 Hand-----

----- clean player data in socket -----
seat/ 
button: 3333 1735 8000 
small blind: 1111 1779 8000 
big blind: 4444 1303 8000 
7777 2000 8000 
5555 4072 8000 
2222 1326 8000 
8888 2000 8000 
6666 1785 8000 
/seat 
blind/ 
1111: 50 
4444: 100 
/blind 
player 1111:hold/ 
HEARTS 2 
SPADES A 
/hold 
player 4444:hold/ 
SPADES 6 
CLUBS K 
/hold 
player 7777:hold/ 
DIAMONDS 5 
HEARTS 6 
/hold 
player 5555:hold/ 
HEARTS 10 
CLUBS 4 
/hold 
player 2222:hold/ 
SPADES Q 
SPADES 2 
/hold 
player 8888:hold/ 
HEARTS 8 
SPADES 3 
/hold 
player 6666:hold/ 
DIAMONDS A 
DIAMONDS J 
/hold 
player 3333:hold/ 
DIAMONDS 6 
CLUBS 6 
/hold 

---pre flop round bet---
valid player: 8, all in player: 0, fold player: 0
send inquire msg to player 7777 
inquire/ 
4444 1203 8000 100 blind 
1111 1729 8000 50 blind 
total pot: 150 
/inquire 
recv from player 7777: fold 

send inquire msg to player 5555 
inquire/ 
7777 2000 8000 0 fold 
4444 1203 8000 100 blind 
1111 1729 8000 50 blind 
total pot: 150 
/inquire 
recv from player 5555: fold 

send inquire msg to player 2222 
inquire/ 
5555 4072 8000 0 fold 
7777 2000 8000 0 fold 
4444 1203 8000 100 blind 
1111 1729 8000 50 blind 
total pot: 150 
/inquire 
recv from player 2222: call 

send inquire msg to player 8888 
inquire/ 
2222 1226 8000 100 call 
5555 4072 8000 0 fold 
7777 2000 8000 0 fold 
4444 1203 8000 100 blind 
1111 1729 8000 50 blind 
total pot: 250 
/inquire 
recv from player 8888: fold 

send inquire msg to player 6666 
inquire/ 
8888 2000 8000 0 fold 
2222 1226 8000 100 call 
5555 4072 8000 0 fold 
7777 2000 8000 0 fold 
4444 1203 8000 100 blind 
1111 1729 8000 50 blind 
total pot: 250 
/inquire 
recv from player 6666: raise 265 

send inquire msg to player 3333 
inquire/ 
6666 1420 8000 365 raise 
8888 2000 8000 0 fold 
2222 1226 8000 100 call 
5555 4072 8000 0 fold 
7777 2000 8000 0 fold 
4444 1203 8000 100 blind 
1111 1729 8000 50 blind 
total pot: 615 
/inquire 
recv from player 3333: call 

send inquire msg to player 1111 
inquire/ 
3333 1370 8000 365 call 
6666 1420 8000 365 raise 
8888 2000 8000 0 fold 
2222 1226 8000 100 call 
5555 4072 8000 0 fold 
7777 2000 8000 0 fold 
4444 1203 8000 100 blind 
1111 1729 8000 50 blind 
total pot: 980 
/inquire 
recv from player 1111: fold 

send inquire msg to player 4444 
inquire/ 
1111 1729 8000 50 fold 
3333 1370 8000 365 call 
6666 1420 8000 365 raise 
8888 2000 8000 0 fold 
2222 1226 8000 100 call 
5555 4072 8000 0 fold 
7777 2000 8000 0 fold 
4444 1203 8000 100 blind 
total pot: 980 
/inquire 
recv from player 4444: fold 

send inquire msg to player 7777 
inquire/ 
4444 1203 8000 100 fold 
1111 1729 8000 50 fold 
3333 1370 8000 365 call 
6666 1420 8000 365 raise 
8888 2000 8000 0 fold 
2222 1226 8000 100 call 
5555 4072 8000 0 fold 
7777 2000 8000 0 fold 
total pot: 980 
/inquire 
send inquire msg to player 5555 
inquire/ 
7777 2000 8000 0 fold 
4444 1203 8000 100 fold 
1111 1729 8000 50 fold 
3333 1370 8000 365 call 
6666 1420 8000 365 raise 
8888 2000 8000 0 fold 
2222 1226 8000 100 call 
5555 4072 8000 0 fold 
total pot: 980 
/inquire 
send inquire msg to player 2222 
inquire/ 
5555 4072 8000 0 fold 
7777 2000 8000 0 fold 
4444 1203 8000 100 fold 
1111 1729 8000 50 fold 
3333 1370 8000 365 call 
6666 1420 8000 365 raise 
8888 2000 8000 0 fold 
2222 1226 8000 100 call 
total pot: 980 
/inquire 
recv from player 2222: fold 

flop/ 
HEARTS 7 
SPADES K 
DIAMONDS 7 
/flop 

---flop round bet---
valid player: 8, all in player: 0, fold player: 6
send inquire msg to player 1111 
inquire/ 
3333 1370 8000 365 call 
6666 1420 8000 365 raise 
8888 2000 8000 0 fold 
2222 1226 8000 100 fold 
5555 4072 8000 0 fold 
7777 2000 8000 0 fold 
4444 1203 8000 100 fold 
1111 1729 8000 50 fold 
total pot: 980 
/inquire 
send inquire msg to player 4444 
inquire/ 
1111 1729 8000 50 fold 
3333 1370 8000 365 call 
6666 1420 8000 365 raise 
8888 2000 8000 0 fold 
2222 1226 8000 100 fold 
5555 4072 8000 0 fold 
7777 2000 8000 0 fold 
4444 1203 8000 100 fold 
total pot: 980 
/inquire 
send inquire msg to player 7777 
inquire/ 
4444 1203 8000 100 fold 
1111 1729 8000 50 fold 
3333 1370 8000 365 call 
6666 1420 8000 365 raise 
8888 2000 8000 0 fold 
2222 1226 8000 100 fold 
5555 4072 8000 0 fold 
7777 2000 8000 0 fold 
total pot: 980 
/inquire 
send inquire msg to player 5555 
inquire/ 
7777 2000 8000 0 fold 
4444 1203 8000 100 fold 
1111 1729 8000 50 fold 
3333 1370 8000 365 call 
6666 1420 8000 365 raise 
8888 2000 8000 0 fold 
2222 1226 8000 100 fold 
5555 4072 8000 0 fold 
total pot: 980 
/inquire 
send inquire msg to player 2222 
inquire/ 
5555 4072 8000 0 fold 
7777 2000 8000 0 fold 
4444 1203 8000 100 fold 
1111 1729 8000 50 fold 
3333 1370 8000 365 call 
6666 1420 8000 365 raise 
8888 2000 8000 0 fold 
2222 1226 8000 100 fold 
total pot: 980 
/inquire 
send inquire msg to player 8888 
inquire/ 
2222 1226 8000 100 fold 
5555 4072 8000 0 fold 
7777 2000 8000 0 fold 
4444 1203 8000 100 fold 
1111 1729 8000 50 fold 
3333 1370 8000 365 call 
6666 1420 8000 365 raise 
8888 2000 8000 0 fold 
total pot: 980 
/inquire 
send inquire msg to player 6666 
inquire/ 
8888 2000 8000 0 fold 
2222 1226 8000 100 fold 
5555 4072 8000 0 fold 
7777 2000 8000 0 fold 
4444 1203 8000 100 fold 
1111 1729 8000 50 fold 
3333 1370 8000 365 call 
6666 1420 8000 365 raise 
total pot: 980 
/inquire 
recv from player 6666: call 

send inquire msg to player 3333 
inquire/ 
6666 1420 8000 365 check 
8888 2000 8000 0 fold 
2222 1226 8000 100 fold 
5555 4072 8000 0 fold 
7777 2000 8000 0 fold 
4444 1203 8000 100 fold 
1111 1729 8000 50 fold 
3333 1370 8000 365 call 
total pot: 980 
/inquire 
recv from player 3333: call 

turn/ 
HEARTS Q 
/turn 

---turn round bet---
valid player: 8, all in player: 0, fold player: 6
send inquire msg to player 1111 
inquire/ 
3333 1370 8000 365 check 
6666 1420 8000 365 check 
8888 2000 8000 0 fold 
2222 1226 8000 100 fold 
5555 4072 8000 0 fold 
7777 2000 8000 0 fold 
4444 1203 8000 100 fold 
1111 1729 8000 50 fold 
total pot: 980 
/inquire 
send inquire msg to player 4444 
inquire/ 
1111 1729 8000 50 fold 
3333 1370 8000 365 check 
6666 1420 8000 365 check 
8888 2000 8000 0 fold 
2222 1226 8000 100 fold 
5555 4072 8000 0 fold 
7777 2000 8000 0 fold 
4444 1203 8000 100 fold 
total pot: 980 
/inquire 
send inquire msg to player 7777 
inquire/ 
4444 1203 8000 100 fold 
1111 1729 8000 50 fold 
3333 1370 8000 365 check 
6666 1420 8000 365 check 
8888 2000 8000 0 fold 
2222 1226 8000 100 fold 
5555 4072 8000 0 fold 
7777 2000 8000 0 fold 
total pot: 980 
/inquire 
send inquire msg to player 5555 
inquire/ 
7777 2000 8000 0 fold 
4444 1203 8000 100 fold 
1111 1729 8000 50 fold 
3333 1370 8000 365 check 
6666 1420 8000 365 check 
8888 2000 8000 0 fold 
2222 1226 8000 100 fold 
5555 4072 8000 0 fold 
total pot: 980 
/inquire 
send inquire msg to player 2222 
inquire/ 
5555 4072 8000 0 fold 
7777 2000 8000 0 fold 
4444 1203 8000 100 fold 
1111 1729 8000 50 fold 
3333 1370 8000 365 check 
6666 1420 8000 365 check 
8888 2000 8000 0 fold 
2222 1226 8000 100 fold 
total pot: 980 
/inquire 
send inquire msg to player 8888 
inquire/ 
2222 1226 8000 100 fold 
5555 4072 8000 0 fold 
7777 2000 8000 0 fold 
4444 1203 8000 100 fold 
1111 1729 8000 50 fold 
3333 1370 8000 365 check 
6666 1420 8000 365 check 
8888 2000 8000 0 fold 
total pot: 980 
/inquire 
send inquire msg to player 6666 
inquire/ 
8888 2000 8000 0 fold 
2222 1226 8000 100 fold 
5555 4072 8000 0 fold 
7777 2000 8000 0 fold 
4444 1203 8000 100 fold 
1111 1729 8000 50 fold 
3333 1370 8000 365 check 
6666 1420 8000 365 check 
total pot: 980 
/inquire 
recv from player 6666: call 

send inquire msg to player 3333 
inquire/ 
6666 1420 8000 365 check 
8888 2000 8000 0 fold 
2222 1226 8000 100 fold 
5555 4072 8000 0 fold 
7777 2000 8000 0 fold 
4444 1203 8000 100 fold 
1111 1729 8000 50 fold 
3333 1370 8000 365 check 
total pot: 980 
/inquire 
recv from player 3333: call 

river/ 
SPADES 8 
/river 

---river round bet---
valid player: 8, all in player: 0, fold player: 6
send inquire msg to player 1111 
inquire/ 
3333 1370 8000 365 check 
6666 1420 8000 365 check 
8888 2000 8000 0 fold 
2222 1226 8000 100 fold 
5555 4072 8000 0 fold 
7777 2000 8000 0 fold 
4444 1203 8000 100 fold 
1111 1729 8000 50 fold 
total pot: 980 
/inquire 
send inquire msg to player 4444 
inquire/ 
1111 1729 8000 50 fold 
3333 1370 8000 365 check 
6666 1420 8000 365 check 
8888 2000 8000 0 fold 
2222 1226 8000 100 fold 
5555 4072 8000 0 fold 
7777 2000 8000 0 fold 
4444 1203 8000 100 fold 
total pot: 980 
/inquire 
send inquire msg to player 7777 
inquire/ 
4444 1203 8000 100 fold 
1111 1729 8000 50 fold 
3333 1370 8000 365 check 
6666 1420 8000 365 check 
8888 2000 8000 0 fold 
2222 1226 8000 100 fold 
5555 4072 8000 0 fold 
7777 2000 8000 0 fold 
total pot: 980 
/inquire 
send inquire msg to player 5555 
inquire/ 
7777 2000 8000 0 fold 
4444 1203 8000 100 fold 
1111 1729 8000 50 fold 
3333 1370 8000 365 check 
6666 1420 8000 365 check 
8888 2000 8000 0 fold 
2222 1226 8000 100 fold 
5555 4072 8000 0 fold 
total pot: 980 
/inquire 
send inquire msg to player 2222 
inquire/ 
5555 4072 8000 0 fold 
7777 2000 8000 0 fold 
4444 1203 8000 100 fold 
1111 1729 8000 50 fold 
3333 1370 8000 365 check 
6666 1420 8000 365 check 
8888 2000 8000 0 fold 
2222 1226 8000 100 fold 
total pot: 980 
/inquire 
send inquire msg to player 8888 
inquire/ 
2222 1226 8000 100 fold 
5555 4072 8000 0 fold 
7777 2000 8000 0 fold 
4444 1203 8000 100 fold 
1111 1729 8000 50 fold 
3333 1370 8000 365 check 
6666 1420 8000 365 check 
8888 2000 8000 0 fold 
total pot: 980 
/inquire 
send inquire msg to player 6666 
inquire/ 
8888 2000 8000 0 fold 
2222 1226 8000 100 fold 
5555 4072 8000 0 fold 
7777 2000 8000 0 fold 
4444 1203 8000 100 fold 
1111 1729 8000 50 fold 
3333 1370 8000 365 check 
6666 1420 8000 365 check 
total pot: 980 
/inquire 
recv from player 6666: call 

send inquire msg to player 3333 
inquire/ 
6666 1420 8000 365 check 
8888 2000 8000 0 fold 
2222 1226 8000 100 fold 
5555 4072 8000 0 fold 
7777 2000 8000 0 fold 
4444 1203 8000 100 fold 
1111 1729 8000 50 fold 
3333 1370 8000 365 check 
total pot: 980 
/inquire 
recv from player 3333: call 


---show down---
showdown/ 
common/ 
HEARTS 7 
SPADES K 
DIAMONDS 7 
HEARTS Q 
SPADES 8 
/common 
2: 6666 DIAMONDS A DIAMONDS J ONE_PAIR 
1: 3333 DIAMONDS 6 CLUBS 6 TWO_PAIR 
/showdown 

---Allocate pot---
pot-win/ 
3333: 980 
/pot-win 
it is player 1111's turn to be button

-----4 Hand-----

----- clean player data in socket -----
find residue data from player 5555: fold 

seat/ 
button: 1111 1729 8000 
small blind: 4444 1203 8000 
big blind: 7777 2000 8000 
5555 4072 8000 
2222 1226 8000 
8888 2000 8000 
6666 1420 8000 
3333 2350 8000 
/seat 
blind/ 
4444: 50 
7777: 100 
/blind 
player 4444:hold/ 
DIAMONDS 3 
HEARTS 2 
/hold 
player 7777:hold/ 
CLUBS 3 
CLUBS 9 
/hold 
player 5555:hold/ 
HEARTS 6 
CLUBS 8 
/hold 
player 2222:hold/ 
HEARTS K 
DIAMONDS 10 
/hold 
player 8888:hold/ 
SPADES 2 
DIAMONDS 2 
/hold 
player 6666:hold/ 
HEARTS 7 
HEARTS 8 
/hold 
player 3333:hold/ 
SPADES 7 
HEARTS Q 
/hold 
player 1111:hold/ 
HEARTS 5 
DIAMONDS J 
/hold 

---pre flop round bet---
valid player: 8, all in player: 0, fold player: 0
send inquire msg to player 5555 
inquire/ 
7777 1900 8000 100 blind 
4444 1153 8000 50 blind 
total pot: 150 
/inquire 
recv from player 5555: call 

send inquire msg to player 2222 
inquire/ 
5555 3972 8000 100 call 
7777 1900 8000 100 blind 
4444 1153 8000 50 blind 
total pot: 250 
/inquire 
recv from player 2222: raise 112 

send inquire msg to player 8888 
inquire/ 
2222 1014 8000 212 raise 
5555 3972 8000 100 call 
7777 1900 8000 100 blind 
4444 1153 8000 50 blind 
total pot: 462 
/inquire 
recv from player 8888: call 

send inquire msg to player 6666 
inquire/ 
8888 1788 8000 212 call 
2222 1014 8000 212 raise 
5555 3972 8000 100 call 
7777 1900 8000 100 blind 
4444 1153 8000 50 blind 
total pot: 674 
/inquire 
recv from player 6666: call 

send inquire msg to player 3333 
inquire/ 
6666 1208 8000 212 call 
8888 1788 8000 212 call 
2222 1014 8000 212 raise 
5555 3972 8000 100 call 
7777 1900 8000 100 blind 
4444 1153 8000 50 blind 
total pot: 886 
/inquire 
recv from player 3333: call 

send inquire msg to player 1111 
inquire/ 
3333 2138 8000 212 call 
6666 1208 8000 212 call 
8888 1788 8000 212 call 
2222 1014 8000 212 raise 
5555 3972 8000 100 call 
7777 1900 8000 100 blind 
4444 1153 8000 50 blind 
total pot: 1098 
/inquire 
recv from player 1111: fold 

send inquire msg to player 4444 
inquire/ 
1111 1729 8000 0 fold 
3333 2138 8000 212 call 
6666 1208 8000 212 call 
8888 1788 8000 212 call 
2222 1014 8000 212 raise 
5555 3972 8000 100 call 
7777 1900 8000 100 blind 
4444 1153 8000 50 blind 
total pot: 1098 
/inquire 
recv from player 4444: fold 

send inquire msg to player 7777 
inquire/ 
4444 1153 8000 50 fold 
1111 1729 8000 0 fold 
3333 2138 8000 212 call 
6666 1208 8000 212 call 
8888 1788 8000 212 call 
2222 1014 8000 212 raise 
5555 3972 8000 100 call 
7777 1900 8000 100 blind 
total pot: 1098 
/inquire 
recv from player 7777: fold 

send inquire msg to player 5555 
inquire/ 
7777 1900 8000 100 fold 
4444 1153 8000 50 fold 
1111 1729 8000 0 fold 
3333 2138 8000 212 call 
6666 1208 8000 212 call 
8888 1788 8000 212 call 
2222 1014 8000 212 raise 
5555 3972 8000 100 call 
total pot: 1098 
/inquire 
recv from player 5555: call 

flop/ 
HEARTS A 
DIAMONDS 8 
CLUBS 7 
/flop 

---flop round bet---
valid player: 8, all in player: 0, fold player: 3
send inquire msg to player 4444 
inquire/ 
1111 1729 8000 0 fold 
3333 2138 8000 212 call 
6666 1208 8000 212 call 
8888 1788 8000 212 call 
2222 1014 8000 212 raise 
5555 3860 8000 212 call 
7777 1900 8000 100 fold 
4444 1153 8000 50 fold 
total pot: 1210 
/inquire 
send inquire msg to player 7777 
inquire/ 
4444 1153 8000 50 fold 
1111 1729 8000 0 fold 
3333 2138 8000 212 call 
6666 1208 8000 212 call 
8888 1788 8000 212 call 
2222 1014 8000 212 raise 
5555 3860 8000 212 call 
7777 1900 8000 100 fold 
total pot: 1210 
/inquire 
send inquire msg to player 5555 
inquire/ 
7777 1900 8000 100 fold 
4444 1153 8000 50 fold 
1111 1729 8000 0 fold 
3333 2138 8000 212 call 
6666 1208 8000 212 call 
8888 1788 8000 212 call 
2222 1014 8000 212 raise 
5555 3860 8000 212 call 
total pot: 1210 
/inquire 
recv from player 5555: raise 316

send inquire msg to player 2222 
inquire/ 
5555 3544 8000 528 raise 
7777 1900 8000 100 fold 
4444 1153 8000 50 fold 
1111 1729 8000 0 fold 
3333 2138 8000 212 call 
6666 1208 8000 212 call 
8888 1788 8000 212 call 
2222 1014 8000 212 raise 
total pot: 1526 
/inquire 
recv from player 2222: fold 

send inquire msg to player 8888 
inquire/ 
2222 1014 8000 212 fold 
5555 3544 8000 528 raise 
7777 1900 8000 100 fold 
4444 1153 8000 50 fold 
1111 1729 8000 0 fold 
3333 2138 8000 212 call 
6666 1208 8000 212 call 
8888 1788 8000 212 call 
total pot: 1526 
/inquire 
recv from player 8888: fold 

send inquire msg to player 6666 
inquire/ 
8888 1788 8000 212 fold 
2222 1014 8000 212 fold 
5555 3544 8000 528 raise 
7777 1900 8000 100 fold 
4444 1153 8000 50 fold 
1111 1729 8000 0 fold 
3333 2138 8000 212 call 
6666 1208 8000 212 call 
total pot: 1526 
/inquire 
recv from player 6666: call 

send inquire msg to player 3333 
inquire/ 
6666 892 8000 528 call 
8888 1788 8000 212 fold 
2222 1014 8000 212 fold 
5555 3544 8000 528 raise 
7777 1900 8000 100 fold 
4444 1153 8000 50 fold 
1111 1729 8000 0 fold 
3333 2138 8000 212 call 
total pot: 1842 
/inquire 
recv from player 3333: call 

turn/ 
SPADES J 
/turn 

---turn round bet---
valid player: 8, all in player: 0, fold player: 5
send inquire msg to player 4444 
inquire/ 
1111 1729 8000 0 fold 
3333 1822 8000 528 call 
6666 892 8000 528 call 
8888 1788 8000 212 fold 
2222 1014 8000 212 fold 
5555 3544 8000 528 raise 
7777 1900 8000 100 fold 
4444 1153 8000 50 fold 
total pot: 2158 
/inquire 
send inquire msg to player 7777 
inquire/ 
4444 1153 8000 50 fold 
1111 1729 8000 0 fold 
3333 1822 8000 528 call 
6666 892 8000 528 call 
8888 1788 8000 212 fold 
2222 1014 8000 212 fold 
5555 3544 8000 528 raise 
7777 1900 8000 100 fold 
total pot: 2158 
/inquire 
send inquire msg to player 5555 
inquire/ 
7777 1900 8000 100 fold 
4444 1153 8000 50 fold 
1111 1729 8000 0 fold 
3333 1822 8000 528 call 
6666 892 8000 528 call 
8888 1788 8000 212 fold 
2222 1014 8000 212 fold 
5555 3544 8000 528 raise 
total pot: 2158 
/inquire 
recv from player 5555: raise 316

send inquire msg to player 2222 
inquire/ 
5555 3228 8000 844 raise 
7777 1900 8000 100 fold 
4444 1153 8000 50 fold 
1111 1729 8000 0 fold 
3333 1822 8000 528 call 
6666 892 8000 528 call 
8888 1788 8000 212 fold 
2222 1014 8000 212 fold 
total pot: 2474 
/inquire 
send inquire msg to player 8888 
inquire/ 
2222 1014 8000 212 fold 
5555 3228 8000 844 raise 
7777 1900 8000 100 fold 
4444 1153 8000 50 fold 
1111 1729 8000 0 fold 
3333 1822 8000 528 call 
6666 892 8000 528 call 
8888 1788 8000 212 fold 
total pot: 2474 
/inquire 
send inquire msg to player 6666 
inquire/ 
8888 1788 8000 212 fold 
2222 1014 8000 212 fold 
5555 3228 8000 844 raise 
7777 1900 8000 100 fold 
4444 1153 8000 50 fold 
1111 1729 8000 0 fold 
3333 1822 8000 528 call 
6666 892 8000 528 call 
total pot: 2474 
/inquire 
recv from player 6666: call 

send inquire msg to player 3333 
inquire/ 
6666 576 8000 844 call 
8888 1788 8000 212 fold 
2222 1014 8000 212 fold 
5555 3228 8000 844 raise 
7777 1900 8000 100 fold 
4444 1153 8000 50 fold 
1111 1729 8000 0 fold 
3333 1822 8000 528 call 
total pot: 2790 
/inquire 
recv from player 3333: call 

river/ 
DIAMONDS K 
/river 

---river round bet---
valid player: 8, all in player: 0, fold player: 5
send inquire msg to player 4444 
inquire/ 
1111 1729 8000 0 fold 
3333 1506 8000 844 call 
6666 576 8000 844 call 
8888 1788 8000 212 fold 
2222 1014 8000 212 fold 
5555 3228 8000 844 raise 
7777 1900 8000 100 fold 
4444 1153 8000 50 fold 
total pot: 3106 
/inquire 
send inquire msg to player 7777 
inquire/ 
4444 1153 8000 50 fold 
1111 1729 8000 0 fold 
3333 1506 8000 844 call 
6666 576 8000 844 call 
8888 1788 8000 212 fold 
2222 1014 8000 212 fold 
5555 3228 8000 844 raise 
7777 1900 8000 100 fold 
total pot: 3106 
/inquire 
send inquire msg to player 5555 
inquire/ 
7777 1900 8000 100 fold 
4444 1153 8000 50 fold 
1111 1729 8000 0 fold 
3333 1506 8000 844 call 
6666 576 8000 844 call 
8888 1788 8000 212 fold 
2222 1014 8000 212 fold 
5555 3228 8000 844 raise 
total pot: 3106 
/inquire 
recv from player 5555: call 

send inquire msg to player 2222 
inquire/ 
5555 3228 8000 844 check 
7777 1900 8000 100 fold 
4444 1153 8000 50 fold 
1111 1729 8000 0 fold 
3333 1506 8000 844 call 
6666 576 8000 844 call 
8888 1788 8000 212 fold 
2222 1014 8000 212 fold 
total pot: 3106 
/inquire 
send inquire msg to player 8888 
inquire/ 
2222 1014 8000 212 fold 
5555 3228 8000 844 check 
7777 1900 8000 100 fold 
4444 1153 8000 50 fold 
1111 1729 8000 0 fold 
3333 1506 8000 844 call 
6666 576 8000 844 call 
8888 1788 8000 212 fold 
total pot: 3106 
/inquire 
send inquire msg to player 6666 
inquire/ 
8888 1788 8000 212 fold 
2222 1014 8000 212 fold 
5555 3228 8000 844 check 
7777 1900 8000 100 fold 
4444 1153 8000 50 fold 
1111 1729 8000 0 fold 
3333 1506 8000 844 call 
6666 576 8000 844 call 
total pot: 3106 
/inquire 
recv from player 6666: fold 

send inquire msg to player 3333 
inquire/ 
6666 576 8000 844 fold 
8888 1788 8000 212 fold 
2222 1014 8000 212 fold 
5555 3228 8000 844 check 
7777 1900 8000 100 fold 
4444 1153 8000 50 fold 
1111 1729 8000 0 fold 
3333 1506 8000 844 call 
total pot: 3106 
/inquire 
recv from player 3333: call 


---show down---
showdown/ 
common/ 
HEARTS A 
DIAMONDS 8 
CLUBS 7 
SPADES J 
DIAMONDS K 
/common 
1: 5555 HEARTS 6 CLUBS 8 ONE_PAIR 
2: 3333 SPADES 7 HEARTS Q ONE_PAIR 
/showdown 

---Allocate pot---
pot-win/ 
5555: 3106 
/pot-win 
it is player 4444's turn to be button

-----5 Hand-----

----- clean player data in socket -----
seat/ 
button: 4444 1153 8000 
small blind: 7777 1900 8000 
big blind: 5555 6334 8000 
2222 1014 8000 
8888 1788 8000 
6666 576 8000 
3333 1506 8000 
1111 1729 8000 
/seat 
blind/ 
7777: 50 
5555: 100 
/blind 
player 7777:hold/ 
SPADES 5 
HEARTS 10 
/hold 
player 5555:hold/ 
CLUBS 2 
SPADES Q 
/hold 
player 2222:hold/ 
CLUBS 3 
HEARTS 5 
/hold 
player 8888:hold/ 
CLUBS 8 
SPADES 10 
/hold 
player 6666:hold/ 
CLUBS J 
HEARTS 9 
/hold 
player 3333:hold/ 
SPADES 9 
DIAMONDS Q 
/hold 
player 1111:hold/ 
SPADES 2 
HEARTS 7 
/hold 
player 4444:hold/ 
DIAMONDS 10 
CLUBS A 
/hold 

---pre flop round bet---
valid player: 8, all in player: 0, fold player: 0
send inquire msg to player 2222 
inquire/ 
5555 6234 8000 100 blind 
7777 1850 8000 50 blind 
total pot: 150 
/inquire 
recv from player 2222: call 

send inquire msg to player 8888 
inquire/ 
2222 914 8000 100 call 
5555 6234 8000 100 blind 
7777 1850 8000 50 blind 
total pot: 250 
/inquire 
recv from player 8888: raise 110 

send inquire msg to player 6666 
inquire/ 
8888 1578 8000 210 raise 
2222 914 8000 100 call 
5555 6234 8000 100 blind 
7777 1850 8000 50 blind 
total pot: 460 
/inquire 
recv from player 6666: fold 

send inquire msg to player 3333 
inquire/ 
6666 576 8000 0 fold 
8888 1578 8000 210 raise 
2222 914 8000 100 call 
5555 6234 8000 100 blind 
7777 1850 8000 50 blind 
total pot: 460 
/inquire 
recv from player 3333: call 

