

===VERSION 1.31===
---GAME START @ 2015-6-13-1-39-54---

wait registration for 30 seconds
reg: 1111 JunLinTianXia 
reg: 2222 DSB  reg: 5555 gamenull 
reg: 3333 HJ  need_notify  
reg: 6666 new_len2of3!! 
reg: 7777 CQchappie need_notify 
reg: 8888 ShuQi need_notify  
reg: 4444 ShuQi need_notify  
close registration

-----1 Hand-----

----- clean player data in socket -----
seat/ 
button: 7777 2000 2000 
small blind: 3333 2000 2000 
big blind: 4444 2000 2000 
5555 2000 2000 
2222 2000 2000 
8888 2000 2000 
6666 2000 2000 
1111 2000 2000 
/seat 
blind/ 
3333: 20 
4444: 40 
/blind 
player 3333:hold/ 
CLUBS K 
DIAMONDS 3 
/hold 
player 4444:hold/ 
SPADES 7 
DIAMONDS 4 
/hold 
player 5555:hold/ 
CLUBS 4 
SPADES 9 
/hold 
player 2222:hold/ 
CLUBS 10 
CLUBS 7 
/hold 
player 8888:hold/ 
DIAMONDS K 
SPADES 10 
/hold 
player 6666:hold/ 
DIAMONDS A 
DIAMONDS 2 
/hold 
player 1111:hold/ 
SPADES 6 
CLUBS 8 
/hold 
player 7777:hold/ 
SPADES Q 
CLUBS 3 
/hold 

---pre flop round bet---
valid player: 8, all in player: 0, fold player: 0

send inquire msg to player 5555(seat:2) 
inquire/ 
4444 1960 2000 40 blind 
3333 1980 2000 20 blind 
total pot: 60 
/inquire 
recv from player 5555: fold

send inquire msg to player 2222(seat:3) 
inquire/ 
5555 2000 2000 0 fold 
4444 1960 2000 40 blind 
3333 1980 2000 20 blind 
total pot: 60 
/inquire 
recv from player 2222: fold 

send inquire msg to player 8888(seat:4) 
inquire/ 
2222 2000 2000 0 fold 
5555 2000 2000 0 fold 
4444 1960 2000 40 blind 
3333 1980 2000 20 blind 
total pot: 60 
/inquire 
recv from player 8888: call 


send inquire msg to player 6666(seat:5) 
inquire/ 
8888 1960 2000 40 call 
2222 2000 2000 0 fold 
5555 2000 2000 0 fold 
4444 1960 2000 40 blind 
3333 1980 2000 20 blind 
total pot: 100 
/inquire 
recv from player 6666: fold 


send inquire msg to player 1111(seat:6) 
inquire/ 
6666 2000 2000 0 fold 
8888 1960 2000 40 call 
2222 2000 2000 0 fold 
5555 2000 2000 0 fold 
4444 1960 2000 40 blind 
3333 1980 2000 20 blind 
total pot: 100 
/inquire 
recv from player 1111: fold 


send inquire msg to player 7777(seat:7) 
inquire/ 
1111 2000 2000 0 fold 
6666 2000 2000 0 fold 
8888 1960 2000 40 call 
2222 2000 2000 0 fold 
5555 2000 2000 0 fold 
4444 1960 2000 40 blind 
3333 1980 2000 20 blind 
total pot: 100 
/inquire 
recv from player 7777: raise 88 


send inquire msg to player 3333(seat:0) 
inquire/ 
7777 1872 2000 128 raise 
1111 2000 2000 0 fold 
6666 2000 2000 0 fold 
8888 1960 2000 40 call 
2222 2000 2000 0 fold 
5555 2000 2000 0 fold 
4444 1960 2000 40 blind 
3333 1980 2000 20 blind 
total pot: 228 
/inquire 
recv from player 3333: fold 

send inquire msg to player 4444(seat:1) 
inquire/ 
3333 1980 2000 20 fold 
7777 1872 2000 128 raise 
1111 2000 2000 0 fold 
6666 2000 2000 0 fold 
8888 1960 2000 40 call 
2222 2000 2000 0 fold 
5555 2000 2000 0 fold 
4444 1960 2000 40 blind 
total pot: 228 
/inquire 
recv from player 4444: fold 


player 5555(seat:2) doesn't need notify-msg

player 2222(seat:3) doesn't need notify-msg

send inquire msg to player 8888(seat:4) 
inquire/ 
2222 2000 2000 0 fold 
5555 2000 2000 0 fold 
4444 1960 2000 40 fold 
3333 1980 2000 20 fold 
7777 1872 2000 128 raise 
1111 2000 2000 0 fold 
6666 2000 2000 0 fold 
8888 1960 2000 40 call 
total pot: 228 
/inquire 
recv from player 8888: call 

valid player: 8, all in player: 0, fold player: 6

----- send notify msg from 5 to 0(exclude) -----

player 6666(seat:5) doesn't need notify-msg

player 1111(seat:6) doesn't need notify-msg

send notify msg to player 7777(seat:7) 
notify/ 
1111 2000 2000 0 fold 
6666 2000 2000 0 fold 
8888 1872 2000 128 call 
2222 2000 2000 0 fold 
5555 2000 2000 0 fold 
4444 1960 2000 40 fold 
3333 1980 2000 20 fold 
7777 1872 2000 128 raise 
total pot: 316 
/notify 
flop/ 
SPADES 2 
DIAMONDS 6 
HEARTS 3 
/flop 

---flop round bet---
valid player: 8, all in player: 0, fold player: 6

send notify msg to player 3333(seat:0) 
notify/ 
7777 1872 2000 128 raise 
1111 2000 2000 0 fold 
6666 2000 2000 0 fold 
8888 1872 2000 128 call 
2222 2000 2000 0 fold 
5555 2000 2000 0 fold 
4444 1960 2000 40 fold 
3333 1980 2000 20 fold 
total pot: 316 
/notify 

send notify msg to player 4444(seat:1) 
notify/ 
3333 1980 2000 20 fold 
7777 1872 2000 128 raise 
1111 2000 2000 0 fold 
6666 2000 2000 0 fold 
8888 1872 2000 128 call 
2222 2000 2000 0 fold 
5555 2000 2000 0 fold 
4444 1960 2000 40 fold 
total pot: 316 
/notify 

player 5555(seat:2) doesn't need notify-msg

player 2222(seat:3) doesn't need notify-msg

send inquire msg to player 8888(seat:4) 
inquire/ 
2222 2000 2000 0 fold 
5555 2000 2000 0 fold 
4444 1960 2000 40 fold 
3333 1980 2000 20 fold 
7777 1872 2000 128 raise 
1111 2000 2000 0 fold 
6666 2000 2000 0 fold 
8888 1872 2000 128 call 
total pot: 316 
/inquire 
recv from player 8888: check 


player 6666(seat:5) doesn't need notify-msg

player 1111(seat:6) doesn't need notify-msg

send inquire msg to player 7777(seat:7) 
inquire/ 
1111 2000 2000 0 fold 
6666 2000 2000 0 fold 
8888 1872 2000 128 check 
2222 2000 2000 0 fold 
5555 2000 2000 0 fold 
4444 1960 2000 40 fold 
3333 1980 2000 20 fold 
7777 1872 2000 128 raise 
total pot: 316 
/inquire 
recv from player 7777: raise 88 


send notify msg to player 3333(seat:0) 
notify/ 
7777 1784 2000 216 raise 
1111 2000 2000 0 fold 
6666 2000 2000 0 fold 
8888 1872 2000 128 check 
2222 2000 2000 0 fold 
5555 2000 2000 0 fold 
4444 1960 2000 40 fold 
3333 1980 2000 20 fold 
total pot: 404 
/notify 

send notify msg to player 4444(seat:1) 
notify/ 
3333 1980 2000 20 fold 
7777 1784 2000 216 raise 
1111 2000 2000 0 fold 
6666 2000 2000 0 fold 
8888 1872 2000 128 check 
2222 2000 2000 0 fold 
5555 2000 2000 0 fold 
4444 1960 2000 40 fold 
total pot: 404 
/notify 

player 5555(seat:2) doesn't need notify-msg

player 2222(seat:3) doesn't need notify-msg

send inquire msg to player 8888(seat:4) 
inquire/ 
2222 2000 2000 0 fold 
5555 2000 2000 0 fold 
4444 1960 2000 40 fold 
3333 1980 2000 20 fold 
7777 1784 2000 216 raise 
1111 2000 2000 0 fold 
6666 2000 2000 0 fold 
8888 1872 2000 128 check 
total pot: 404 
/inquire 
recv from player 8888: fold 

valid player: 8, all in player: 0, fold player: 7

----- send notify msg from 5 to 4(exclude) -----

player 6666(seat:5) doesn't need notify-msg

player 1111(seat:6) doesn't need notify-msg

send notify msg to player 7777(seat:7) 
notify/ 
1111 2000 2000 0 fold 
6666 2000 2000 0 fold 
8888 1872 2000 128 fold 
2222 2000 2000 0 fold 
5555 2000 2000 0 fold 
4444 1960 2000 40 fold 
3333 1980 2000 20 fold 
7777 1784 2000 216 raise 
total pot: 404 
/notify 

send notify msg to player 3333(seat:0) 
notify/ 
7777 1784 2000 216 raise 
1111 2000 2000 0 fold 
6666 2000 2000 0 fold 
8888 1872 2000 128 fold 
2222 2000 2000 0 fold 
5555 2000 2000 0 fold 
4444 1960 2000 40 fold 
3333 1980 2000 20 fold 
total pot: 404 
/notify 

send notify msg to player 4444(seat:1) 
notify/ 
3333 1980 2000 20 fold 
7777 1784 2000 216 raise 
1111 2000 2000 0 fold 
6666 2000 2000 0 fold 
8888 1872 2000 128 fold 
2222 2000 2000 0 fold 
5555 2000 2000 0 fold 
4444 1960 2000 40 fold 
total pot: 404 
/notify 

player 5555(seat:2) doesn't need notify-msg

player 2222(seat:3) doesn't need notify-msg

---turn round bet---
valid player: 8, all in player: 0, fold player: 7

---river round bet---
valid player: 8, all in player: 0, fold player: 7

--- 1 players not fold, don't need show down---

---Allocate pot---
Only player at seat 7 not fold, win all the pot 404
pot-win/ 
7777: 404 
/pot-win 
it is player 3333's turn to be button

-----2 Hand-----

----- clean player data in socket -----
seat/ 
button: 3333 1980 2000 
small blind: 4444 1960 2000 
big blind: 5555 2000 2000 
2222 2000 2000 
8888 1872 2000 
6666 2000 2000 
1111 2000 2000 
7777 2188 2000 
/seat 
blind/ 
4444: 20 
5555: 40 
/blind 
player 4444:hold/ 
SPADES A 
CLUBS 10 
/hold 
player 5555:hold/ 
SPADES 5 
DIAMONDS 5 
/hold 
player 2222:hold/ 
HEARTS 5 
DIAMONDS A 
/hold 
player 8888:hold/ 
DIAMONDS 10 
SPADES 10 
/hold 
player 6666:hold/ 
DIAMONDS Q 
HEARTS 2 
/hold 
player 1111:hold/ 
DIAMONDS K 
CLUBS 3 
/hold 
player 7777:hold/ 
CLUBS 5 
DIAMONDS 2 
/hold 
player 3333:hold/ 
HEARTS 10 
CLUBS 9 
/hold 

---pre flop round bet---
valid player: 8, all in player: 0, fold player: 0

send inquire msg to player 2222(seat:2) 
inquire/ 
5555 1960 2000 40 blind 
4444 1940 2000 20 blind 
total pot: 60 
/inquire 
recv from player 2222: fold 

send inquire msg to player 8888(seat:3) 
inquire/ 
2222 2000 2000 0 fold 
5555 1960 2000 40 blind 
4444 1940 2000 20 blind 
total pot: 60 
/inquire 
recv from player 8888: raise 68 


send inquire msg to player 6666(seat:4) 
inquire/ 
8888 1764 2000 108 raise 
2222 2000 2000 0 fold 
5555 1960 2000 40 blind 
4444 1940 2000 20 blind 
total pot: 168 
/inquire 
recv from player 6666: fold 


send inquire msg to player 1111(seat:5) 
inquire/ 
6666 2000 2000 0 fold 
8888 1764 2000 108 raise 
2222 2000 2000 0 fold 
5555 1960 2000 40 blind 
4444 1940 2000 20 blind 
total pot: 168 
/inquire 
recv from player 1111: fold 


send inquire msg to player 7777(seat:6) 
inquire/ 
1111 2000 2000 0 fold 
6666 2000 2000 0 fold 
8888 1764 2000 108 raise 
2222 2000 2000 0 fold 
5555 1960 2000 40 blind 
4444 1940 2000 20 blind 
total pot: 168 
/inquire 
recv from player 7777: fold 


send inquire msg to player 3333(seat:7) 
inquire/ 
7777 2188 2000 0 fold 
1111 2000 2000 0 fold 
6666 2000 2000 0 fold 
8888 1764 2000 108 raise 
2222 2000 2000 0 fold 
5555 1960 2000 40 blind 
4444 1940 2000 20 blind 
total pot: 168 
/inquire 
recv from player 3333: fold 

send inquire msg to player 4444(seat:0) 
inquire/ 
3333 1980 2000 0 fold 
7777 2188 2000 0 fold 
1111 2000 2000 0 fold 
6666 2000 2000 0 fold 
8888 1764 2000 108 raise 
2222 2000 2000 0 fold 
5555 1960 2000 40 blind 
4444 1940 2000 20 blind 
total pot: 168 
/inquire 
recv from player 4444: call 


send inquire msg to player 5555(seat:1) 
inquire/ 
4444 1852 2000 108 call 
3333 1980 2000 0 fold 
7777 2188 2000 0 fold 
1111 2000 2000 0 fold 
6666 2000 2000 0 fold 
8888 1764 2000 108 raise 
2222 2000 2000 0 fold 
5555 1960 2000 40 blind 
total pot: 256 
/inquire 
recv from player 5555: call
valid player: 8, all in player: 0, fold player: 5

----- send notify msg from 2 to 0(exclude) -----

player 2222(seat:2) doesn't need notify-msg

send notify msg to player 8888(seat:3) 
notify/ 
2222 2000 2000 0 fold 
5555 1892 2000 108 call 
4444 1852 2000 108 call 
3333 1980 2000 0 fold 
7777 2188 2000 0 fold 
1111 2000 2000 0 fold 
6666 2000 2000 0 fold 
8888 1764 2000 108 raise 
total pot: 324 
/notify 

player 6666(seat:4) doesn't need notify-msg

player 1111(seat:5) doesn't need notify-msg

send notify msg to player 7777(seat:6) 
notify/ 
1111 2000 2000 0 fold 
6666 2000 2000 0 fold 
8888 1764 2000 108 raise 
2222 2000 2000 0 fold 
5555 1892 2000 108 call 
4444 1852 2000 108 call 
3333 1980 2000 0 fold 
7777 2188 2000 0 fold 
total pot: 324 
/notify 

send notify msg to player 3333(seat:7) 
notify/ 
7777 2188 2000 0 fold 
1111 2000 2000 0 fold 
6666 2000 2000 0 fold 
8888 1764 2000 108 raise 
2222 2000 2000 0 fold 
5555 1892 2000 108 call 
4444 1852 2000 108 call 
3333 1980 2000 0 fold 
total pot: 324 
/notify 
flop/ 
HEARTS 7 
SPADES 8 
HEARTS 3 
/flop 

---flop round bet---
valid player: 8, all in player: 0, fold player: 5

send inquire msg to player 4444(seat:0) 
inquire/ 
3333 1980 2000 0 fold 
7777 2188 2000 0 fold 
1111 2000 2000 0 fold 
6666 2000 2000 0 fold 
8888 1764 2000 108 raise 
2222 2000 2000 0 fold 
5555 1892 2000 108 call 
4444 1852 2000 108 call 
total pot: 324 
/inquire 
recv from player 4444: check 


send inquire msg to player 5555(seat:1) 
inquire/ 
4444 1852 2000 108 check 
3333 1980 2000 0 fold 
7777 2188 2000 0 fold 
1111 2000 2000 0 fold 
6666 2000 2000 0 fold 
8888 1764 2000 108 raise 
2222 2000 2000 0 fold 
5555 1892 2000 108 call 
total pot: 324 
/inquire 
recv from player 5555: call

player 2222(seat:2) doesn't need notify-msg
find residue data from player 8888, data size 10

send inquire msg to player 8888(seat:3) 
inquire/ 
2222 2000 2000 0 fold 
5555 1892 2000 108 check 
4444 1852 2000 108 check 
3333 1980 2000 0 fold 
7777 2188 2000 0 fold 
1111 2000 2000 0 fold 
6666 2000 2000 0 fold 
8888 1764 2000 108 raise 
total pot: 324 
/inquire 
recv from player 8888: call 

valid player: 8, all in player: 0, fold player: 5

----- send notify msg from 4 to 0(exclude) -----

player 6666(seat:4) doesn't need notify-msg

player 1111(seat:5) doesn't need notify-msg

send notify msg to player 7777(seat:6) 
notify/ 
1111 2000 2000 0 fold 
6666 2000 2000 0 fold 
8888 1764 2000 108 check 
2222 2000 2000 0 fold 
5555 1892 2000 108 check 
4444 1852 2000 108 check 
3333 1980 2000 0 fold 
7777 2188 2000 0 fold 
total pot: 324 
/notify 

send notify msg to player 3333(seat:7) 
notify/ 
7777 2188 2000 0 fold 
1111 2000 2000 0 fold 
6666 2000 2000 0 fold 
8888 1764 2000 108 check 
2222 2000 2000 0 fold 
5555 1892 2000 108 check 
4444 1852 2000 108 check 
3333 1980 2000 0 fold 
total pot: 324 
/notify 
turn/ 
CLUBS 4 
/turn 

---turn round bet---
valid player: 8, all in player: 0, fold player: 5

send inquire msg to player 4444(seat:0) 
inquire/ 
3333 1980 2000 0 fold 
7777 2188 2000 0 fold 
1111 2000 2000 0 fold 
6666 2000 2000 0 fold 
8888 1764 2000 108 check 
2222 2000 2000 0 fold 
5555 1892 2000 108 check 
4444 1852 2000 108 check 
total pot: 324 
/inquire 
recv from player 4444: check 


send inquire msg to player 5555(seat:1) 
inquire/ 
4444 1852 2000 108 check 
3333 1980 2000 0 fold 
7777 2188 2000 0 fold 
1111 2000 2000 0 fold 
6666 2000 2000 0 fold 
8888 1764 2000 108 check 
2222 2000 2000 0 fold 
5555 1892 2000 108 check 
total pot: 324 
/inquire 
recv from player 5555: call

player 2222(seat:2) doesn't need notify-msg

send inquire msg to player 8888(seat:3) 
inquire/ 
2222 2000 2000 0 fold 
5555 1892 2000 108 check 
4444 1852 2000 108 check 
3333 1980 2000 0 fold 
7777 2188 2000 0 fold 
1111 2000 2000 0 fold 
6666 2000 2000 0 fold 
8888 1764 2000 108 check 
total pot: 324 
/inquire 
recv from player 8888: call 

valid player: 8, all in player: 0, fold player: 5

----- send notify msg from 4 to 0(exclude) -----

player 6666(seat:4) doesn't need notify-msg

player 1111(seat:5) doesn't need notify-msg

send notify msg to player 7777(seat:6) 
notify/ 
1111 2000 2000 0 fold 
6666 2000 2000 0 fold 
8888 1764 2000 108 check 
2222 2000 2000 0 fold 
5555 1892 2000 108 check 
4444 1852 2000 108 check 
3333 1980 2000 0 fold 
7777 2188 2000 0 fold 
total pot: 324 
/notify 

send notify msg to player 3333(seat:7) 
notify/ 
7777 2188 2000 0 fold 
1111 2000 2000 0 fold 
6666 2000 2000 0 fold 
8888 1764 2000 108 check 
2222 2000 2000 0 fold 
5555 1892 2000 108 check 
4444 1852 2000 108 check 
3333 1980 2000 0 fold 
total pot: 324 
/notify 
river/ 
DIAMONDS 7 
/river 

---river round bet---
valid player: 8, all in player: 0, fold player: 5

send inquire msg to player 4444(seat:0) 
inquire/ 
3333 1980 2000 0 fold 
7777 2188 2000 0 fold 
1111 2000 2000 0 fold 
6666 2000 2000 0 fold 
8888 1764 2000 108 check 
2222 2000 2000 0 fold 
5555 1892 2000 108 check 
4444 1852 2000 108 check 
total pot: 324 
/inquire 
recv from player 4444: check 


send inquire msg to player 5555(seat:1) 
inquire/ 
4444 1852 2000 108 check 
3333 1980 2000 0 fold 
7777 2188 2000 0 fold 
1111 2000 2000 0 fold 
6666 2000 2000 0 fold 
8888 1764 2000 108 check 
2222 2000 2000 0 fold 
5555 1892 2000 108 check 
total pot: 324 
/inquire 
recv from player 5555: raise 240

player 2222(seat:2) doesn't need notify-msg

send inquire msg to player 8888(seat:3) 
inquire/ 
2222 2000 2000 0 fold 
5555 1652 2000 348 raise 
4444 1852 2000 108 check 
3333 1980 2000 0 fold 
7777 2188 2000 0 fold 
1111 2000 2000 0 fold 
6666 2000 2000 0 fold 
8888 1764 2000 108 check 
total pot: 564 
/inquire 
recv from player 8888: fold 


player 6666(seat:4) doesn't need notify-msg

player 1111(seat:5) doesn't need notify-msg

send notify msg to player 7777(seat:6) 
notify/ 
1111 2000 2000 0 fold 
6666 2000 2000 0 fold 
8888 1764 2000 108 fold 
2222 2000 2000 0 fold 
5555 1652 2000 348 raise 
4444 1852 2000 108 check 
3333 1980 2000 0 fold 
7777 2188 2000 0 fold 
total pot: 564 
/notify 

send notify msg to player 3333(seat:7) 
notify/ 
7777 2188 2000 0 fold 
1111 2000 2000 0 fold 
6666 2000 2000 0 fold 
8888 1764 2000 108 fold 
2222 2000 2000 0 fold 
5555 1652 2000 348 raise 
4444 1852 2000 108 check 
3333 1980 2000 0 fold 
total pot: 564 
/notify 

send inquire msg to player 4444(seat:0) 
inquire/ 
3333 1980 2000 0 fold 
7777 2188 2000 0 fold 
1111 2000 2000 0 fold 
6666 2000 2000 0 fold 
8888 1764 2000 108 fold 
2222 2000 2000 0 fold 
5555 1652 2000 348 raise 
4444 1852 2000 108 check 
total pot: 564 
/inquire 
recv from player 4444: fold 

valid player: 8, all in player: 0, fold player: 7

----- send notify msg from 1 to 0(exclude) -----

player 5555(seat:1) doesn't need notify-msg

player 2222(seat:2) doesn't need notify-msg

send notify msg to player 8888(seat:3) 
notify/ 
2222 2000 2000 0 fold 
5555 1652 2000 348 raise 
4444 1852 2000 108 fold 
3333 1980 2000 0 fold 
7777 2188 2000 0 fold 
1111 2000 2000 0 fold 
6666 2000 2000 0 fold 
8888 1764 2000 108 fold 
total pot: 564 
/notify 

player 6666(seat:4) doesn't need notify-msg

player 1111(seat:5) doesn't need notify-msg

send notify msg to player 7777(seat:6) 
notify/ 
1111 2000 2000 0 fold 
6666 2000 2000 0 fold 
8888 1764 2000 108 fold 
2222 2000 2000 0 fold 
5555 1652 2000 348 raise 
4444 1852 2000 108 fold 
3333 1980 2000 0 fold 
7777 2188 2000 0 fold 
total pot: 564 
/notify 

send notify msg to player 3333(seat:7) 
notify/ 
7777 2188 2000 0 fold 
1111 2000 2000 0 fold 
6666 2000 2000 0 fold 
8888 1764 2000 108 fold 
2222 2000 2000 0 fold 
5555 1652 2000 348 raise 
4444 1852 2000 108 fold 
3333 1980 2000 0 fold 
total pot: 564 
/notify 

--- 1 players not fold, don't need show down---

---Allocate pot---
Only player at seat 1 not fold, win all the pot 564
pot-win/ 
5555: 564 
/pot-win 
it is player 4444's turn to be button

-----3 Hand-----

----- clean player data in socket -----
seat/ 
button: 4444 1852 2000 
small blind: 5555 2216 2000 
big blind: 2222 2000 2000 
8888 1764 2000 
6666 2000 2000 
1111 2000 2000 
7777 2188 2000 
3333 1980 2000 
/seat 
blind/ 
5555: 20 
2222: 40 
/blind 
player 5555:hold/ 
CLUBS 8 
CLUBS 9 
/hold 
player 2222:hold/ 
SPADES 6 
HEARTS 8 
/hold 
player 8888:hold/ 
DIAMONDS 6 
CLUBS J 
/hold 
player 6666:hold/ 
HEARTS Q 
DIAMONDS 10 
/hold 
player 1111:hold/ 
DIAMONDS 8 
CLUBS 5 
/hold 
player 7777:hold/ 
HEARTS J 
CLUBS 6 
/hold 
player 3333:hold/ 
HEARTS 10 
CLUBS Q 
/hold 
player 4444:hold/ 
DIAMONDS K 
SPADES K 
/hold 

---pre flop round bet---
valid player: 8, all in player: 0, fold player: 0

send inquire msg to player 8888(seat:2) 
inquire/ 
2222 1960 2000 40 blind 
5555 2196 2000 20 blind 
total pot: 60 
/inquire 
recv from player 8888: fold 


send inquire msg to player 6666(seat:3) 
inquire/ 
8888 1764 2000 0 fold 
2222 1960 2000 40 blind 
5555 2196 2000 20 blind 
total pot: 60 
/inquire 
recv from player 6666: fold 


send inquire msg to player 1111(seat:4) 
inquire/ 
6666 2000 2000 0 fold 
8888 1764 2000 0 fold 
2222 1960 2000 40 blind 
5555 2196 2000 20 blind 
total pot: 60 
/inquire 
recv from player 1111: fold 


send inquire msg to player 7777(seat:5) 
inquire/ 
1111 2000 2000 0 fold 
6666 2000 2000 0 fold 
8888 1764 2000 0 fold 
2222 1960 2000 40 blind 
5555 2196 2000 20 blind 
total pot: 60 
/inquire 
recv from player 7777: fold 


send inquire msg to player 3333(seat:6) 
inquire/ 
7777 2188 2000 0 fold 
1111 2000 2000 0 fold 
6666 2000 2000 0 fold 
8888 1764 2000 0 fold 
2222 1960 2000 40 blind 
5555 2196 2000 20 blind 
total pot: 60 
/inquire 
recv from player 3333: raise 93


send inquire msg to player 4444(seat:7) 
inquire/ 
3333 1847 2000 133 raise 
7777 2188 2000 0 fold 
1111 2000 2000 0 fold 
6666 2000 2000 0 fold 
8888 1764 2000 0 fold 
2222 1960 2000 40 blind 
5555 2196 2000 20 blind 
total pot: 193 
/inquire 
recv from player 4444: raise 136 


send inquire msg to player 5555(seat:0) 
inquire/ 
4444 1583 2000 269 raise 
3333 1847 2000 133 raise 
7777 2188 2000 0 fold 
1111 2000 2000 0 fold 
6666 2000 2000 0 fold 
8888 1764 2000 0 fold 
2222 1960 2000 40 blind 
5555 2196 2000 20 blind 
total pot: 462 
/inquire 
recv from player 5555: fold

send inquire msg to player 2222(seat:1) 
inquire/ 
5555 2196 2000 20 fold 
4444 1583 2000 269 raise 
3333 1847 2000 133 raise 
7777 2188 2000 0 fold 
1111 2000 2000 0 fold 
6666 2000 2000 0 fold 
8888 1764 2000 0 fold 
2222 1960 2000 40 blind 
total pot: 462 
/inquire 
recv from player 2222: fold 

send notify msg to player 8888(seat:2) 
notify/ 
2222 1960 2000 40 fold 
5555 2196 2000 20 fold 
4444 1583 2000 269 raise 
3333 1847 2000 133 raise 
7777 2188 2000 0 fold 
1111 2000 2000 0 fold 
6666 2000 2000 0 fold 
8888 1764 2000 0 fold 
total pot: 462 
/notify 

player 6666(seat:3) doesn't need notify-msg

player 1111(seat:4) doesn't need notify-msg

send notify msg to player 7777(seat:5) 
notify/ 
1111 2000 2000 0 fold 
6666 2000 2000 0 fold 
8888 1764 2000 0 fold 
2222 1960 2000 40 fold 
5555 2196 2000 20 fold 
4444 1583 2000 269 raise 
3333 1847 2000 133 raise 
7777 2188 2000 0 fold 
total pot: 462 
/notify 

send inquire msg to player 3333(seat:6) 
inquire/ 
7777 2188 2000 0 fold 
1111 2000 2000 0 fold 
6666 2000 2000 0 fold 
8888 1764 2000 0 fold 
2222 1960 2000 40 fold 
5555 2196 2000 20 fold 
4444 1583 2000 269 raise 
3333 1847 2000 133 raise 
total pot: 462 
/inquire 
recv from player 3333: call 
valid player: 8, all in player: 0, fold player: 6

----- send notify msg from 7 to 0(exclude) -----

send notify msg to player 4444(seat:7) 
notify/ 
3333 1711 2000 269 call 
7777 2188 2000 0 fold 
1111 2000 2000 0 fold 
6666 2000 2000 0 fold 
8888 1764 2000 0 fold 
2222 1960 2000 40 fold 
5555 2196 2000 20 fold 
4444 1583 2000 269 raise 
total pot: 598 
/notify 
flop/ 
SPADES A 
SPADES 3 
CLUBS 10 
/flop 

---flop round bet---
valid player: 8, all in player: 0, fold player: 6

player 5555(seat:0) doesn't need notify-msg

player 2222(seat:1) doesn't need notify-msg

send notify msg to player 8888(seat:2) 
notify/ 
2222 1960 2000 40 fold 
5555 2196 2000 20 fold 
4444 1583 2000 269 raise 
3333 1711 2000 269 call 
7777 2188 2000 0 fold 
1111 2000 2000 0 fold 
6666 2000 2000 0 fold 
8888 1764 2000 0 fold 
total pot: 598 
/notify 

player 6666(seat:3) doesn't need notify-msg

player 1111(seat:4) doesn't need notify-msg

send notify msg to player 7777(seat:5) 
notify/ 
1111 2000 2000 0 fold 
6666 2000 2000 0 fold 
8888 1764 2000 0 fold 
2222 1960 2000 40 fold 
5555 2196 2000 20 fold 
4444 1583 2000 269 raise 
3333 1711 2000 269 call 
7777 2188 2000 0 fold 
total pot: 598 
/notify 

send inquire msg to player 3333(seat:6) 
inquire/ 
7777 2188 2000 0 fold 
1111 2000 2000 0 fold 
6666 2000 2000 0 fold 
8888 1764 2000 0 fold 
2222 1960 2000 40 fold 
5555 2196 2000 20 fold 
4444 1583 2000 269 raise 
3333 1711 2000 269 call 
total pot: 598 
/inquire 
recv from player 3333: raise 160

find residue data from player 4444, data size 6

send inquire msg to player 4444(seat:7) 
inquire/ 
3333 1551 2000 429 raise 
7777 2188 2000 0 fold 
1111 2000 2000 0 fold 
6666 2000 2000 0 fold 
8888 1764 2000 0 fold 
2222 1960 2000 40 fold 
5555 2196 2000 20 fold 
4444 1583 2000 269 raise 
total pot: 758 
/inquire 
recv from player 4444: fold 

valid player: 8, all in player: 0, fold player: 7

----- send notify msg from 0 to 7(exclude) -----

player 5555(seat:0) doesn't need notify-msg

player 2222(seat:1) doesn't need notify-msg

send notify msg to player 8888(seat:2) 
notify/ 
2222 1960 2000 40 fold 
5555 2196 2000 20 fold 
4444 1583 2000 269 fold 
3333 1551 2000 429 raise 
7777 2188 2000 0 fold 
1111 2000 2000 0 fold 
6666 2000 2000 0 fold 
8888 1764 2000 0 fold 
total pot: 758 
/notify 

player 6666(seat:3) doesn't need notify-msg

player 1111(seat:4) doesn't need notify-msg

send notify msg to player 7777(seat:5) 
notify/ 
1111 2000 2000 0 fold 
6666 2000 2000 0 fold 
8888 1764 2000 0 fold 
2222 1960 2000 40 fold 
5555 2196 2000 20 fold 
4444 1583 2000 269 fold 
3333 1551 2000 429 raise 
7777 2188 2000 0 fold 
total pot: 758 
/notify 

send notify msg to player 3333(seat:6) 
notify/ 
7777 2188 2000 0 fold 
1111 2000 2000 0 fold 
6666 2000 2000 0 fold 
8888 1764 2000 0 fold 
2222 1960 2000 40 fold 
5555 2196 2000 20 fold 
4444 1583 2000 269 fold 
3333 1551 2000 429 raise 
total pot: 758 
/notify 

---turn round bet---
valid player: 8, all in player: 0, fold player: 7

---river round bet---
valid player: 8, all in player: 0, fold player: 7

--- 1 players not fold, don't need show down---

---Allocate pot---
Only player at seat 6 not fold, win all the pot 758
pot-win/ 
3333: 758 
/pot-win 
it is player 5555's turn to be button

-----4 Hand-----

----- clean player data in socket -----
seat/ 
button: 5555 2196 2000 
small blind: 2222 1960 2000 
big blind: 8888 1764 2000 
6666 2000 2000 
1111 2000 2000 
7777 2188 2000 
3333 2309 2000 
4444 1583 2000 
/seat 
blind/ 
2222: 20 
8888: 40 
/blind 
player 2222:hold/ 
CLUBS 6 
DIAMONDS 10 
/hold 
player 8888:hold/ 
CLUBS 4 
HEARTS J 
/hold 
player 6666:hold/ 
DIAMONDS 9 
HEARTS 3 
/hold 
player 1111:hold/ 
CLUBS 5 
CLUBS K 
/hold 
player 7777:hold/ 
SPADES K 
SPADES J 
/hold 
player 3333:hold/ 
DIAMONDS J 
CLUBS 8 
/hold 
player 4444:hold/ 
HEARTS 8 
SPADES 10 
/hold 
player 5555:hold/ 
DIAMONDS Q 
HEARTS 6 
/hold 

---pre flop round bet---
valid player: 8, all in player: 0, fold player: 0

send inquire msg to player 6666(seat:2) 
inquire/ 
8888 1724 2000 40 blind 
2222 1940 2000 20 blind 
total pot: 60 
/inquire 
recv from player 6666: fold 


send inquire msg to player 1111(seat:3) 
inquire/ 
6666 2000 2000 0 fold 
8888 1724 2000 40 blind 
2222 1940 2000 20 blind 
total pot: 60 
/inquire 
recv from player 1111: fold 


send inquire msg to player 7777(seat:4) 
inquire/ 
1111 2000 2000 0 fold 
6666 2000 2000 0 fold 
8888 1724 2000 40 blind 
2222 1940 2000 20 blind 
total pot: 60 
/inquire 
recv from player 7777: call 


send inquire msg to player 3333(seat:5) 
inquire/ 
7777 2148 2000 40 call 
1111 2000 2000 0 fold 
6666 2000 2000 0 fold 
8888 1724 2000 40 blind 
2222 1940 2000 20 blind 
total pot: 100 
/inquire 
recv from player 3333: fold 

send inquire msg to player 4444(seat:6) 
inquire/ 
3333 2309 2000 0 fold 
7777 2148 2000 40 call 
1111 2000 2000 0 fold 
6666 2000 2000 0 fold 
8888 1724 2000 40 blind 
2222 1940 2000 20 blind 
total pot: 100 
/inquire 
recv from player 4444: fold 


send inquire msg to player 5555(seat:7) 
inquire/ 
4444 1583 2000 0 fold 
3333 2309 2000 0 fold 
7777 2148 2000 40 call 
1111 2000 2000 0 fold 
6666 2000 2000 0 fold 
8888 1724 2000 40 blind 
2222 1940 2000 20 blind 
total pot: 100 
/inquire 
recv from player 5555: fold

send inquire msg to player 2222(seat:0) 
inquire/ 
5555 2196 2000 0 fold 
4444 1583 2000 0 fold 
3333 2309 2000 0 fold 
7777 2148 2000 40 call 
1111 2000 2000 0 fold 
6666 2000 2000 0 fold 
8888 1724 2000 40 blind 
2222 1940 2000 20 blind 
total pot: 100 
/inquire 
recv from player 2222: call 

send inquire msg to player 8888(seat:1) 
inquire/ 
2222 1920 2000 40 call 
5555 2196 2000 0 fold 
4444 1583 2000 0 fold 
3333 2309 2000 0 fold 
7777 2148 2000 40 call 
1111 2000 2000 0 fold 
6666 2000 2000 0 fold 
8888 1724 2000 40 blind 
total pot: 120 
/inquire 
recv from player 8888: check 

valid player: 8, all in player: 0, fold player: 5

----- send notify msg from 2 to 0(exclude) -----

player 6666(seat:2) doesn't need notify-msg

player 1111(seat:3) doesn't need notify-msg

send notify msg to player 7777(seat:4) 
notify/ 
1111 2000 2000 0 fold 
6666 2000 2000 0 fold 
8888 1724 2000 40 check 
2222 1920 2000 40 call 
5555 2196 2000 0 fold 
4444 1583 2000 0 fold 
3333 2309 2000 0 fold 
7777 2148 2000 40 call 
total pot: 120 
/notify 

send notify msg to player 3333(seat:5) 
notify/ 
7777 2148 2000 40 call 
1111 2000 2000 0 fold 
6666 2000 2000 0 fold 
8888 1724 2000 40 check 
2222 1920 2000 40 call 
5555 2196 2000 0 fold 
4444 1583 2000 0 fold 
3333 2309 2000 0 fold 
total pot: 120 
/notify 

send notify msg to player 4444(seat:6) 
notify/ 
3333 2309 2000 0 fold 
7777 2148 2000 40 call 
1111 2000 2000 0 fold 
6666 2000 2000 0 fold 
8888 1724 2000 40 check 
2222 1920 2000 40 call 
5555 2196 2000 0 fold 
4444 1583 2000 0 fold 
total pot: 120 
/notify 

player 5555(seat:7) doesn't need notify-msg
flop/ 
CLUBS 7 
DIAMONDS K 
SPADES 9 
/flop 

---flop round bet---
valid player: 8, all in player: 0, fold player: 5

send inquire msg to player 2222(seat:0) 
inquire/ 
5555 2196 2000 0 fold 
4444 1583 2000 0 fold 
3333 2309 2000 0 fold 
7777 2148 2000 40 call 
1111 2000 2000 0 fold 
6666 2000 2000 0 fold 
8888 1724 2000 40 check 
2222 1920 2000 40 call 
total pot: 120 
/inquire 
recv from player 2222: check 

send inquire msg to player 8888(seat:1) 
inquire/ 
2222 1920 2000 40 check 
5555 2196 2000 0 fold 
4444 1583 2000 0 fold 
3333 2309 2000 0 fold 
7777 2148 2000 40 call 
1111 2000 2000 0 fold 
6666 2000 2000 0 fold 
8888 1724 2000 40 check 
total pot: 120 
/inquire 
recv from player 8888: check 


player 6666(seat:2) doesn't need notify-msg

player 1111(seat:3) doesn't need notify-msg

send inquire msg to player 7777(seat:4) 
inquire/ 
1111 2000 2000 0 fold 
6666 2000 2000 0 fold 
8888 1724 2000 40 check 
2222 1920 2000 40 check 
5555 2196 2000 0 fold 
4444 1583 2000 0 fold 
3333 2309 2000 0 fold 
7777 2148 2000 40 call 
total pot: 120 
/inquire 
recv from player 7777: raise 88 


send notify msg to player 3333(seat:5) 
notify/ 
7777 2060 2000 128 raise 
1111 2000 2000 0 fold 
6666 2000 2000 0 fold 
8888 1724 2000 40 check 
2222 1920 2000 40 check 
5555 2196 2000 0 fold 
4444 1583 2000 0 fold 
3333 2309 2000 0 fold 
total pot: 208 
/notify 

send notify msg to player 4444(seat:6) 
notify/ 
3333 2309 2000 0 fold 
7777 2060 2000 128 raise 
1111 2000 2000 0 fold 
6666 2000 2000 0 fold 
8888 1724 2000 40 check 
2222 1920 2000 40 check 
5555 2196 2000 0 fold 
4444 1583 2000 0 fold 
total pot: 208 
/notify 

player 5555(seat:7) doesn't need notify-msg

send inquire msg to player 2222(seat:0) 
inquire/ 
5555 2196 2000 0 fold 
4444 1583 2000 0 fold 
3333 2309 2000 0 fold 
7777 2060 2000 128 raise 
1111 2000 2000 0 fold 
6666 2000 2000 0 fold 
8888 1724 2000 40 check 
2222 1920 2000 40 check 
total pot: 208 
/inquire 
recv from player 2222: fold 

send inquire msg to player 8888(seat:1) 
inquire/ 
2222 1920 2000 40 fold 
5555 2196 2000 0 fold 
4444 1583 2000 0 fold 
3333 2309 2000 0 fold 
7777 2060 2000 128 raise 
1111 2000 2000 0 fold 
6666 2000 2000 0 fold 
8888 1724 2000 40 check 
total pot: 208 
/inquire 
recv from player 8888: fold 

valid player: 8, all in player: 0, fold player: 7

----- send notify msg from 2 to 1(exclude) -----

player 6666(seat:2) doesn't need notify-msg

player 1111(seat:3) doesn't need notify-msg

send notify msg to player 7777(seat:4) 
notify/ 
1111 2000 2000 0 fold 
6666 2000 2000 0 fold 
8888 1724 2000 40 fold 
2222 1920 2000 40 fold 
5555 2196 2000 0 fold 
4444 1583 2000 0 fold 
3333 2309 2000 0 fold 
7777 2060 2000 128 raise 
total pot: 208 
/notify 

send notify msg to player 3333(seat:5) 
notify/ 
7777 2060 2000 128 raise 
1111 2000 2000 0 fold 
6666 2000 2000 0 fold 
8888 1724 2000 40 fold 
2222 1920 2000 40 fold 
5555 2196 2000 0 fold 
4444 1583 2000 0 fold 
3333 2309 2000 0 fold 
total pot: 208 
/notify 

send notify msg to player 4444(seat:6) 
notify/ 
3333 2309 2000 0 fold 
7777 2060 2000 128 raise 
1111 2000 2000 0 fold 
6666 2000 2000 0 fold 
8888 1724 2000 40 fold 
2222 1920 2000 40 fold 
5555 2196 2000 0 fold 
4444 1583 2000 0 fold 
total pot: 208 
/notify 

player 5555(seat:7) doesn't need notify-msg

player 2222(seat:0) doesn't need notify-msg

---turn round bet---
valid player: 8, all in player: 0, fold player: 7

---river round bet---
valid player: 8, all in player: 0, fold player: 7

--- 1 players not fold, don't need show down---

---Allocate pot---
Only player at seat 4 not fold, win all the pot 208
pot-win/ 
7777: 208 
/pot-win 
it is player 2222's turn to be button

-----5 Hand-----

----- clean player data in socket -----
seat/ 
button: 2222 1920 2000 
small blind: 8888 1724 2000 
big blind: 6666 2000 2000 
1111 2000 2000 
7777 2268 2000 
3333 2309 2000 
4444 1583 2000 
5555 2196 2000 
/seat 
blind/ 
8888: 20 
6666: 40 
/blind 
player 8888:hold/ 
DIAMONDS 7 
DIAMONDS 8 
/hold 
player 6666:hold/ 
SPADES 3 
CLUBS 3 
/hold 
player 1111:hold/ 
SPADES 4 
SPADES 7 
/hold 
player 7777:hold/ 
SPADES 8 
CLUBS A 
/hold 
player 3333:hold/ 
SPADES 5 
HEARTS 4 
/hold 
player 4444:hold/ 
HEARTS 2 
CLUBS 10 
/hold 
player 5555:hold/ 
HEARTS 10 
DIAMONDS 5 
/hold 
player 2222:hold/ 
SPADES 10 
CLUBS 6 
/hold 

---pre flop round bet---
valid player: 8, all in player: 0, fold player: 0

send inquire msg to player 1111(seat:2) 
inquire/ 
6666 1960 2000 40 blind 
8888 1704 2000 20 blind 
total pot: 60 
/inquire 
recv from player 1111: fold 


send inquire msg to player 7777(seat:3) 
inquire/ 
1111 2000 2000 0 fold 
6666 1960 2000 40 blind 
8888 1704 2000 20 blind 
total pot: 60 
/inquire 
recv from player 7777: fold 


send inquire msg to player 3333(seat:4) 
inquire/ 
7777 2268 2000 0 fold 
1111 2000 2000 0 fold 
6666 1960 2000 40 blind 
8888 1704 2000 20 blind 
total pot: 60 
/inquire 
recv from player 3333: fold 

send inquire msg to player 4444(seat:5) 
inquire/ 
3333 2309 2000 0 fold 
7777 2268 2000 0 fold 
1111 2000 2000 0 fold 
6666 1960 2000 40 blind 
8888 1704 2000 20 blind 
total pot: 60 
/inquire 
recv from player 4444: fold 


send inquire msg to player 5555(seat:6) 
inquire/ 
4444 1583 2000 0 fold 
3333 2309 2000 0 fold 
7777 2268 2000 0 fold 
1111 2000 2000 0 fold 
6666 1960 2000 40 blind 
8888 1704 2000 20 blind 
total pot: 60 
/inquire 
recv from player 5555: fold

send inquire msg to player 2222(seat:7) 
inquire/ 
5555 2196 2000 0 fold 
4444 1583 2000 0 fold 
3333 2309 2000 0 fold 
7777 2268 2000 0 fold 
1111 2000 2000 0 fold 
6666 1960 2000 40 blind 
8888 1704 2000 20 blind 
total pot: 60 
/inquire 
recv from player 2222: fold 

send inquire msg to player 8888(seat:0) 
inquire/ 
2222 1920 2000 0 fold 
5555 2196 2000 0 fold 
4444 1583 2000 0 fold 
3333 2309 2000 0 fold 
7777 2268 2000 0 fold 
1111 2000 2000 0 fold 
6666 1960 2000 40 blind 
8888 1704 2000 20 blind 
total pot: 60 
/inquire 
recv from player 8888: call 


send inquire msg to player 6666(seat:1) 
inquire/ 
8888 1684 2000 40 call 
2222 1920 2000 0 fold 
5555 2196 2000 0 fold 
4444 1583 2000 0 fold 
3333 2309 2000 0 fold 
7777 2268 2000 0 fold 
1111 2000 2000 0 fold 
6666 1960 2000 40 blind 
total pot: 80 
/inquire 
recv from player 6666: check 

valid player: 8, all in player: 0, fold player: 6

----- send notify msg from 2 to 0(exclude) -----

player 1111(seat:2) doesn't need notify-msg

send notify msg to player 7777(seat:3) 
notify/ 
1111 2000 2000 0 fold 
6666 1960 2000 40 check 
8888 1684 2000 40 call 
2222 1920 2000 0 fold 
5555 2196 2000 0 fold 
4444 1583 2000 0 fold 
3333 2309 2000 0 fold 
7777 2268 2000 0 fold 
total pot: 80 
/notify 

send notify msg to player 3333(seat:4) 
notify/ 
7777 2268 2000 0 fold 
1111 2000 2000 0 fold 
6666 1960 2000 40 check 
8888 1684 2000 40 call 
2222 1920 2000 0 fold 
5555 2196 2000 0 fold 
4444 1583 2000 0 fold 
3333 2309 2000 0 fold 
total pot: 80 
/notify 

send notify msg to player 4444(seat:5) 
notify/ 
3333 2309 2000 0 fold 
7777 2268 2000 0 fold 
1111 2000 2000 0 fold 
6666 1960 2000 40 check 
8888 1684 2000 40 call 
2222 1920 2000 0 fold 
5555 2196 2000 0 fold 
4444 1583 2000 0 fold 
total pot: 80 
/notify 

player 5555(seat:6) doesn't need notify-msg

player 2222(seat:7) doesn't need notify-msg
flop/ 
HEARTS K 
SPADES K 
HEARTS A 
/flop 

---flop round bet---
valid player: 8, all in player: 0, fold player: 6

send inquire msg to player 8888(seat:0) 
inquire/ 
2222 1920 2000 0 fold 
5555 2196 2000 0 fold 
4444 1583 2000 0 fold 
3333 2309 2000 0 fold 
7777 2268 2000 0 fold 
1111 2000 2000 0 fold 
6666 1960 2000 40 check 
8888 1684 2000 40 call 
total pot: 80 
/inquire 
recv from player 8888: check 


send inquire msg to player 6666(seat:1) 
inquire/ 
8888 1684 2000 40 check 
2222 1920 2000 0 fold 
5555 2196 2000 0 fold 
4444 1583 2000 0 fold 
3333 2309 2000 0 fold 
7777 2268 2000 0 fold 
1111 2000 2000 0 fold 
6666 1960 2000 40 check 
total pot: 80 
/inquire 
recv from player 6666: raise 94


player 1111(seat:2) doesn't need notify-msg

send notify msg to player 7777(seat:3) 
notify/ 
1111 2000 2000 0 fold 
6666 1866 2000 134 raise 
8888 1684 2000 40 check 
2222 1920 2000 0 fold 
5555 2196 2000 0 fold 
4444 1583 2000 0 fold 
3333 2309 2000 0 fold 
7777 2268 2000 0 fold 
total pot: 174 
/notify 

send notify msg to player 3333(seat:4) 
notify/ 
7777 2268 2000 0 fold 
1111 2000 2000 0 fold 
6666 1866 2000 134 raise 
8888 1684 2000 40 check 
2222 1920 2000 0 fold 
5555 2196 2000 0 fold 
4444 1583 2000 0 fold 
3333 2309 2000 0 fold 
total pot: 174 
/notify 

send notify msg to player 4444(seat:5) 
notify/ 
3333 2309 2000 0 fold 
7777 2268 2000 0 fold 
1111 2000 2000 0 fold 
6666 1866 2000 134 raise 
8888 1684 2000 40 check 
2222 1920 2000 0 fold 
5555 2196 2000 0 fold 
4444 1583 2000 0 fold 
total pot: 174 
/notify 

player 5555(seat:6) doesn't need notify-msg

player 2222(seat:7) doesn't need notify-msg

send inquire msg to player 8888(seat:0) 
inquire/ 
2222 1920 2000 0 fold 
5555 2196 2000 0 fold 
4444 1583 2000 0 fold 
3333 2309 2000 0 fold 
7777 2268 2000 0 fold 
1111 2000 2000 0 fold 
6666 1866 2000 134 raise 
8888 1684 2000 40 check 
total pot: 174 
/inquire 
recv from player 8888: fold 

valid player: 8, all in player: 0, fold player: 7

----- send notify msg from 1 to 0(exclude) -----

player 6666(seat:1) doesn't need notify-msg

player 1111(seat:2) doesn't need notify-msg

send notify msg to player 7777(seat:3) 
notify/ 
1111 2000 2000 0 fold 
6666 1866 2000 134 raise 
8888 1684 2000 40 fold 
2222 1920 2000 0 fold 
5555 2196 2000 0 fold 
4444 1583 2000 0 fold 
3333 2309 2000 0 fold 
7777 2268 2000 0 fold 
total pot: 174 
/notify 

send notify msg to player 3333(seat:4) 
notify/ 
7777 2268 2000 0 fold 
1111 2000 2000 0 fold 
6666 1866 2000 134 raise 
8888 1684 2000 40 fold 
2222 1920 2000 0 fold 
5555 2196 2000 0 fold 
4444 1583 2000 0 fold 
3333 2309 2000 0 fold 
total pot: 174 
/notify 

send notify msg to player 4444(seat:5) 
notify/ 
3333 2309 2000 0 fold 
7777 2268 2000 0 fold 
1111 2000 2000 0 fold 
6666 1866 2000 134 raise 
8888 1684 2000 40 fold 
2222 1920 2000 0 fold 
5555 2196 2000 0 fold 
4444 1583 2000 0 fold 
total pot: 174 
/notify 

player 5555(seat:6) doesn't need notify-msg

player 2222(seat:7) doesn't need notify-msg

---turn round bet---
valid player: 8, all in player: 0, fold player: 7

---river round bet---
valid player: 8, all in player: 0, fold player: 7

--- 1 players not fold, don't need show down---

---Allocate pot---
Only player at seat 1 not fold, win all the pot 174
pot-win/ 
6666: 174 
/pot-win 
it is player 8888's turn to be button

-----6 Hand-----

----- clean player data in socket -----
seat/ 
button: 8888 1684 2000 
small blind: 6666 2040 2000 
big blind: 1111 2000 2000 
7777 2268 2000 
3333 2309 2000 
4444 1583 2000 
5555 2196 2000 
2222 1920 2000 
/seat 
blind/ 
6666: 20 
1111: 40 
/blind 
player 6666:hold/ 
DIAMONDS 3 
SPADES A 
/hold 
player 1111:hold/ 
CLUBS 6 
CLUBS 2 
/hold 
player 7777:hold/ 
HEARTS J 
HEARTS 10 
/hold 
player 3333:hold/ 
CLUBS 8 
CLUBS 4 
/hold 
player 4444:hold/ 
DIAMONDS 8 
SPADES 6 
/hold 
player 5555:hold/ 
SPADES 4 
DIAMONDS 9 
/hold 
player 2222:hold/ 
DIAMONDS 6 
HEARTS 4 
/hold 
player 8888:hold/ 
HEARTS 5 
HEARTS K 
/hold 

---pre flop round bet---
valid player: 8, all in player: 0, fold player: 0

send inquire msg to player 7777(seat:2) 
inquire/ 
1111 1960 2000 40 blind 
6666 2020 2000 20 blind 
total pot: 60 
/inquire 
recv from player 7777: fold 


