

===VERSION 1.24===
---GAME START @ 2015-5-19-23-51-49---

wait registration for 30 seconds
reg: 3333 Ty_lxx 
reg: 2222 simplebot need_notify 
reg: 5555 young 
reg: 6666 simplebot need_notify 
reg: 8888 simplebot need_notify 
reg: 4444 simplebot need_notify 
reg: 7777 cleverbot need_notify 
reg: 1111 simplebot need_notify 
close registration

-----1 Hand-----

----- clean player data in socket -----
seat/ 
button: 8888 2000 8000 
small blind: 7777 2000 8000 
big blind: 3333 2000 8000 
6666 2000 8000 
5555 2000 8000 
1111 2000 8000 
4444 2000 8000 
2222 2000 8000 
/seat 
blind/ 
7777: 50 
3333: 100 
/blind 
player 7777:hold/ 
CLUBS 3 
SPADES 6 
/hold 
player 3333:hold/ 
DIAMONDS K 
HEARTS 3 
/hold 
player 6666:hold/ 
DIAMONDS A 
SPADES 5 
/hold 
player 5555:hold/ 
CLUBS 10 
SPADES A 
/hold 
player 1111:hold/ 
SPADES Q 
CLUBS K 
/hold 
player 4444:hold/ 
HEARTS A 
DIAMONDS 6 
/hold 
player 2222:hold/ 
SPADES 9 
HEARTS 5 
/hold 
player 8888:hold/ 
HEARTS 9 
CLUBS 5 
/hold 

---pre flop round bet---
valid player: 8, all in player: 0, fold player: 0
send inquire msg to player 6666 
inquire/ 
3333 1900 8000 100 blind 
7777 1950 8000 50 blind 
total pot: 150 
/inquire 
recv from player 6666: raise 127 

send inquire msg to player 5555 
inquire/ 
6666 1773 8000 227 raise 
3333 1900 8000 100 blind 
7777 1950 8000 50 blind 
total pot: 377 
/inquire 
recv from player 5555: fold 

send inquire msg to player 1111 
inquire/ 
5555 2000 8000 0 fold 
6666 1773 8000 227 raise 
3333 1900 8000 100 blind 
7777 1950 8000 50 blind 
total pot: 377 
/inquire 
recv from player 1111: call 

send inquire msg to player 4444 
inquire/ 
1111 1773 8000 227 call 
5555 2000 8000 0 fold 
6666 1773 8000 227 raise 
3333 1900 8000 100 blind 
7777 1950 8000 50 blind 
total pot: 604 
/inquire 
recv from player 4444: call 

send inquire msg to player 2222 
inquire/ 
4444 1773 8000 227 call 
1111 1773 8000 227 call 
5555 2000 8000 0 fold 
6666 1773 8000 227 raise 
3333 1900 8000 100 blind 
7777 1950 8000 50 blind 
total pot: 831 
/inquire 
recv from player 2222: fold 

send inquire msg to player 8888 
inquire/ 
2222 2000 8000 0 fold 
4444 1773 8000 227 call 
1111 1773 8000 227 call 
5555 2000 8000 0 fold 
6666 1773 8000 227 raise 
3333 1900 8000 100 blind 
7777 1950 8000 50 blind 
total pot: 831 
/inquire 
recv from player 8888: fold 

send inquire msg to player 7777 
inquire/ 
8888 2000 8000 0 fold 
2222 2000 8000 0 fold 
4444 1773 8000 227 call 
1111 1773 8000 227 call 
5555 2000 8000 0 fold 
6666 1773 8000 227 raise 
3333 1900 8000 100 blind 
7777 1950 8000 50 blind 
total pot: 831 
/inquire 
recv from player 7777: fold 

send inquire msg to player 3333 
inquire/ 
7777 1950 8000 50 fold 
8888 2000 8000 0 fold 
2222 2000 8000 0 fold 
4444 1773 8000 227 call 
1111 1773 8000 227 call 
5555 2000 8000 0 fold 
6666 1773 8000 227 raise 
3333 1900 8000 100 blind 
total pot: 831 
/inquire 
recv from player 3333: call 

flop/ 
CLUBS 8 
HEARTS 6 
HEARTS 4 
/flop 

---flop round bet---
valid player: 8, all in player: 0, fold player: 4
send notify msg to player 7777 
notify/ 
8888 2000 8000 0 fold 
2222 2000 8000 0 fold 
4444 1773 8000 227 call 
1111 1773 8000 227 call 
5555 2000 8000 0 fold 
6666 1773 8000 227 raise 
3333 1773 8000 227 call 
7777 1950 8000 50 fold 
total pot: 958 
/notify 
send inquire msg to player 3333 
inquire/ 
7777 1950 8000 50 fold 
8888 2000 8000 0 fold 
2222 2000 8000 0 fold 
4444 1773 8000 227 call 
1111 1773 8000 227 call 
5555 2000 8000 0 fold 
6666 1773 8000 227 raise 
3333 1773 8000 227 call 
total pot: 958 
/inquire 
recv from player 3333: check 

send inquire msg to player 6666 
inquire/ 
3333 1773 8000 227 check 
7777 1950 8000 50 fold 
8888 2000 8000 0 fold 
2222 2000 8000 0 fold 
4444 1773 8000 227 call 
1111 1773 8000 227 call 
5555 2000 8000 0 fold 
6666 1773 8000 227 raise 
total pot: 958 
/inquire 
recv from player 6666: call 

send inquire msg to player 1111 
inquire/ 
5555 2000 8000 0 fold 
6666 1773 8000 227 check 
3333 1773 8000 227 check 
7777 1950 8000 50 fold 
8888 2000 8000 0 fold 
2222 2000 8000 0 fold 
4444 1773 8000 227 call 
1111 1773 8000 227 call 
total pot: 958 
/inquire 
recv from player 1111: call 

send inquire msg to player 4444 
inquire/ 
1111 1773 8000 227 check 
5555 2000 8000 0 fold 
6666 1773 8000 227 check 
3333 1773 8000 227 check 
7777 1950 8000 50 fold 
8888 2000 8000 0 fold 
2222 2000 8000 0 fold 
4444 1773 8000 227 call 
total pot: 958 
/inquire 
recv from player 4444: call 

turn/ 
DIAMONDS Q 
/turn 

---turn round bet---
valid player: 8, all in player: 0, fold player: 4
send notify msg to player 7777 
notify/ 
8888 2000 8000 0 fold 
2222 2000 8000 0 fold 
4444 1773 8000 227 check 
1111 1773 8000 227 check 
5555 2000 8000 0 fold 
6666 1773 8000 227 check 
3333 1773 8000 227 check 
7777 1950 8000 50 fold 
total pot: 958 
/notify 
send inquire msg to player 3333 
inquire/ 
7777 1950 8000 50 fold 
8888 2000 8000 0 fold 
2222 2000 8000 0 fold 
4444 1773 8000 227 check 
1111 1773 8000 227 check 
5555 2000 8000 0 fold 
6666 1773 8000 227 check 
3333 1773 8000 227 check 
total pot: 958 
/inquire 
recv from player 3333: check 

send inquire msg to player 6666 
inquire/ 
3333 1773 8000 227 check 
7777 1950 8000 50 fold 
8888 2000 8000 0 fold 
2222 2000 8000 0 fold 
4444 1773 8000 227 check 
1111 1773 8000 227 check 
5555 2000 8000 0 fold 
6666 1773 8000 227 check 
total pot: 958 
/inquire 
recv from player 6666: call 

send inquire msg to player 1111 
inquire/ 
5555 2000 8000 0 fold 
6666 1773 8000 227 check 
3333 1773 8000 227 check 
7777 1950 8000 50 fold 
8888 2000 8000 0 fold 
2222 2000 8000 0 fold 
4444 1773 8000 227 check 
1111 1773 8000 227 check 
total pot: 958 
/inquire 
recv from player 1111: call 

send inquire msg to player 4444 
inquire/ 
1111 1773 8000 227 check 
5555 2000 8000 0 fold 
6666 1773 8000 227 check 
3333 1773 8000 227 check 
7777 1950 8000 50 fold 
8888 2000 8000 0 fold 
2222 2000 8000 0 fold 
4444 1773 8000 227 check 
total pot: 958 
/inquire 
recv from player 4444: call 

river/ 
SPADES 2 
/river 

---river round bet---
valid player: 8, all in player: 0, fold player: 4
send notify msg to player 7777 
notify/ 
8888 2000 8000 0 fold 
2222 2000 8000 0 fold 
4444 1773 8000 227 check 
1111 1773 8000 227 check 
5555 2000 8000 0 fold 
6666 1773 8000 227 check 
3333 1773 8000 227 check 
7777 1950 8000 50 fold 
total pot: 958 
/notify 
send inquire msg to player 3333 
inquire/ 
7777 1950 8000 50 fold 
8888 2000 8000 0 fold 
2222 2000 8000 0 fold 
4444 1773 8000 227 check 
1111 1773 8000 227 check 
5555 2000 8000 0 fold 
6666 1773 8000 227 check 
3333 1773 8000 227 check 
total pot: 958 
/inquire 
recv from player 3333: check 

send inquire msg to player 6666 
inquire/ 
3333 1773 8000 227 check 
7777 1950 8000 50 fold 
8888 2000 8000 0 fold 
2222 2000 8000 0 fold 
4444 1773 8000 227 check 
1111 1773 8000 227 check 
5555 2000 8000 0 fold 
6666 1773 8000 227 check 
total pot: 958 
/inquire 
recv from player 6666: call 

send inquire msg to player 1111 
inquire/ 
5555 2000 8000 0 fold 
6666 1773 8000 227 check 
3333 1773 8000 227 check 
7777 1950 8000 50 fold 
8888 2000 8000 0 fold 
2222 2000 8000 0 fold 
4444 1773 8000 227 check 
1111 1773 8000 227 check 
total pot: 958 
/inquire 
recv from player 1111: call 

send inquire msg to player 4444 
inquire/ 
1111 1773 8000 227 check 
5555 2000 8000 0 fold 
6666 1773 8000 227 check 
3333 1773 8000 227 check 
7777 1950 8000 50 fold 
8888 2000 8000 0 fold 
2222 2000 8000 0 fold 
4444 1773 8000 227 check 
total pot: 958 
/inquire 
recv from player 4444: call 


----- notify msg last round -----
send notify msg to player 2222 
notify/ 
4444 1773 8000 227 check 
1111 1773 8000 227 check 
5555 2000 8000 0 fold 
6666 1773 8000 227 check 
3333 1773 8000 227 check 
7777 1950 8000 50 fold 
8888 2000 8000 0 fold 
2222 2000 8000 0 fold 
total pot: 958 
/notify 
send notify msg to player 8888 
notify/ 
2222 2000 8000 0 fold 
4444 1773 8000 227 check 
1111 1773 8000 227 check 
5555 2000 8000 0 fold 
6666 1773 8000 227 check 
3333 1773 8000 227 check 
7777 1950 8000 50 fold 
8888 2000 8000 0 fold 
total pot: 958 
/notify 
send notify msg to player 7777 
notify/ 
8888 2000 8000 0 fold 
2222 2000 8000 0 fold 
4444 1773 8000 227 check 
1111 1773 8000 227 check 
5555 2000 8000 0 fold 
6666 1773 8000 227 check 
3333 1773 8000 227 check 
7777 1950 8000 50 fold 
total pot: 958 
/notify 
send notify msg to player 6666 
notify/ 
3333 1773 8000 227 check 
7777 1950 8000 50 fold 
8888 2000 8000 0 fold 
2222 2000 8000 0 fold 
4444 1773 8000 227 check 
1111 1773 8000 227 check 
5555 2000 8000 0 fold 
6666 1773 8000 227 check 
total pot: 958 
/notify 
send notify msg to player 1111 
notify/ 
5555 2000 8000 0 fold 
6666 1773 8000 227 check 
3333 1773 8000 227 check 
7777 1950 8000 50 fold 
8888 2000 8000 0 fold 
2222 2000 8000 0 fold 
4444 1773 8000 227 check 
1111 1773 8000 227 check 
total pot: 958 
/notify 
send notify msg to player 4444 
notify/ 
1111 1773 8000 227 check 
5555 2000 8000 0 fold 
6666 1773 8000 227 check 
3333 1773 8000 227 check 
7777 1950 8000 50 fold 
8888 2000 8000 0 fold 
2222 2000 8000 0 fold 
4444 1773 8000 227 check 
total pot: 958 
/notify 

---show down---
showdown/ 
common/ 
CLUBS 8 
HEARTS 6 
HEARTS 4 
DIAMONDS Q 
SPADES 2 
/common 
4: 3333 DIAMONDS K HEARTS 3 HIGH_CARD 
3: 6666 DIAMONDS A SPADES 5 HIGH_CARD 
1: 1111 SPADES Q CLUBS K ONE_PAIR 
2: 4444 HEARTS A DIAMONDS 6 ONE_PAIR 
/showdown 

---Allocate pot---
pot-win/ 
1111: 958 
/pot-win 
it is player 7777's turn to be button

-----2 Hand-----

----- clean player data in socket -----
seat/ 
button: 7777 1950 8000 
small blind: 3333 1773 8000 
big blind: 6666 1773 8000 
5555 2000 8000 
1111 2731 8000 
4444 1773 8000 
2222 2000 8000 
8888 2000 8000 
/seat 
blind/ 
3333: 50 
6666: 100 
/blind 
player 3333:hold/ 
HEARTS 10 
DIAMONDS 4 
/hold 
player 6666:hold/ 
CLUBS 2 
SPADES A 
/hold 
player 5555:hold/ 
DIAMONDS 6 
HEARTS 3 
/hold 
player 1111:hold/ 
CLUBS J 
DIAMONDS 9 
/hold 
player 4444:hold/ 
DIAMONDS K 
DIAMONDS 10 
/hold 
player 2222:hold/ 
DIAMONDS A 
SPADES K 
/hold 
player 8888:hold/ 
SPADES 6 
SPADES 2 
/hold 
player 7777:hold/ 
SPADES 8 
SPADES 4 
/hold 

---pre flop round bet---
valid player: 8, all in player: 0, fold player: 0
send inquire msg to player 5555 
inquire/ 
6666 1673 8000 100 blind 
3333 1723 8000 50 blind 
total pot: 150 
/inquire 
recv from player 5555: fold 

send inquire msg to player 1111 
inquire/ 
5555 2000 8000 0 fold 
6666 1673 8000 100 blind 
3333 1723 8000 50 blind 
total pot: 150 
/inquire 
recv from player 1111: raise 197 

send inquire msg to player 4444 
inquire/ 
1111 2434 8000 297 raise 
5555 2000 8000 0 fold 
6666 1673 8000 100 blind 
3333 1723 8000 50 blind 
total pot: 447 
/inquire 
recv from player 4444: call 

send inquire msg to player 2222 
inquire/ 
4444 1476 8000 297 call 
1111 2434 8000 297 raise 
5555 2000 8000 0 fold 
6666 1673 8000 100 blind 
3333 1723 8000 50 blind 
total pot: 744 
/inquire 
recv from player 2222: call 

send inquire msg to player 8888 
inquire/ 
2222 1703 8000 297 call 
4444 1476 8000 297 call 
1111 2434 8000 297 raise 
5555 2000 8000 0 fold 
6666 1673 8000 100 blind 
3333 1723 8000 50 blind 
total pot: 1041 
/inquire 
recv from player 8888: fold 

send inquire msg to player 7777 
inquire/ 
8888 2000 8000 0 fold 
2222 1703 8000 297 call 
4444 1476 8000 297 call 
1111 2434 8000 297 raise 
5555 2000 8000 0 fold 
6666 1673 8000 100 blind 
3333 1723 8000 50 blind 
total pot: 1041 
/inquire 
recv from player 7777: fold 

send inquire msg to player 3333 
inquire/ 
7777 1950 8000 0 fold 
8888 2000 8000 0 fold 
2222 1703 8000 297 call 
4444 1476 8000 297 call 
1111 2434 8000 297 raise 
5555 2000 8000 0 fold 
6666 1673 8000 100 blind 
3333 1723 8000 50 blind 
total pot: 1041 
/inquire 
recv from player 3333: fold 

send inquire msg to player 6666 
inquire/ 
3333 1723 8000 50 fold 
7777 1950 8000 0 fold 
8888 2000 8000 0 fold 
2222 1703 8000 297 call 
4444 1476 8000 297 call 
1111 2434 8000 297 raise 
5555 2000 8000 0 fold 
6666 1673 8000 100 blind 
total pot: 1041 
/inquire 
recv from player 6666: call 

flop/ 
SPADES 3 
CLUBS 4 
CLUBS 10 
/flop 

---flop round bet---
valid player: 8, all in player: 0, fold player: 4
send inquire msg to player 6666 
inquire/ 
3333 1723 8000 50 fold 
7777 1950 8000 0 fold 
8888 2000 8000 0 fold 
2222 1703 8000 297 call 
4444 1476 8000 297 call 
1111 2434 8000 297 raise 
5555 2000 8000 0 fold 
6666 1476 8000 297 call 
total pot: 1238 
/inquire 
recv from player 6666: call 

send inquire msg to player 1111 
inquire/ 
5555 2000 8000 0 fold 
6666 1476 8000 297 check 
3333 1723 8000 50 fold 
7777 1950 8000 0 fold 
8888 2000 8000 0 fold 
2222 1703 8000 297 call 
4444 1476 8000 297 call 
1111 2434 8000 297 raise 
total pot: 1238 
/inquire 
recv from player 1111: call 

send inquire msg to player 4444 
inquire/ 
1111 2434 8000 297 check 
5555 2000 8000 0 fold 
6666 1476 8000 297 check 
3333 1723 8000 50 fold 
7777 1950 8000 0 fold 
8888 2000 8000 0 fold 
2222 1703 8000 297 call 
4444 1476 8000 297 call 
total pot: 1238 
/inquire 
recv from player 4444: call 

send inquire msg to player 2222 
inquire/ 
4444 1476 8000 297 check 
1111 2434 8000 297 check 
5555 2000 8000 0 fold 
6666 1476 8000 297 check 
3333 1723 8000 50 fold 
7777 1950 8000 0 fold 
8888 2000 8000 0 fold 
2222 1703 8000 297 call 
total pot: 1238 
/inquire 
recv from player 2222: call 

turn/ 
CLUBS K 
/turn 

---turn round bet---
valid player: 8, all in player: 0, fold player: 4
send inquire msg to player 6666 
inquire/ 
3333 1723 8000 50 fold 
7777 1950 8000 0 fold 
8888 2000 8000 0 fold 
2222 1703 8000 297 check 
4444 1476 8000 297 check 
1111 2434 8000 297 check 
5555 2000 8000 0 fold 
6666 1476 8000 297 check 
total pot: 1238 
/inquire 
recv from player 6666: call 

send inquire msg to player 1111 
inquire/ 
5555 2000 8000 0 fold 
6666 1476 8000 297 check 
3333 1723 8000 50 fold 
7777 1950 8000 0 fold 
8888 2000 8000 0 fold 
2222 1703 8000 297 check 
4444 1476 8000 297 check 
1111 2434 8000 297 check 
total pot: 1238 
/inquire 
recv from player 1111: call 

send inquire msg to player 4444 
inquire/ 
1111 2434 8000 297 check 
5555 2000 8000 0 fold 
6666 1476 8000 297 check 
3333 1723 8000 50 fold 
7777 1950 8000 0 fold 
8888 2000 8000 0 fold 
2222 1703 8000 297 check 
4444 1476 8000 297 check 
total pot: 1238 
/inquire 
recv from player 4444: call 

send inquire msg to player 2222 
inquire/ 
4444 1476 8000 297 check 
1111 2434 8000 297 check 
5555 2000 8000 0 fold 
6666 1476 8000 297 check 
3333 1723 8000 50 fold 
7777 1950 8000 0 fold 
8888 2000 8000 0 fold 
2222 1703 8000 297 check 
total pot: 1238 
/inquire 
recv from player 2222: raise 60 

send notify msg to player 8888 
notify/ 
2222 1603 8000 397 raise 
4444 1476 8000 297 check 
1111 2434 8000 297 check 
5555 2000 8000 0 fold 
6666 1476 8000 297 check 
3333 1723 8000 50 fold 
7777 1950 8000 0 fold 
8888 2000 8000 0 fold 
total pot: 1338 
/notify 
send notify msg to player 7777 
notify/ 
8888 2000 8000 0 fold 
2222 1603 8000 397 raise 
4444 1476 8000 297 check 
1111 2434 8000 297 check 
5555 2000 8000 0 fold 
6666 1476 8000 297 check 
3333 1723 8000 50 fold 
7777 1950 8000 0 fold 
total pot: 1338 
/notify 
send inquire msg to player 6666 
inquire/ 
3333 1723 8000 50 fold 
7777 1950 8000 0 fold 
8888 2000 8000 0 fold 
2222 1603 8000 397 raise 
4444 1476 8000 297 check 
1111 2434 8000 297 check 
5555 2000 8000 0 fold 
6666 1476 8000 297 check 
total pot: 1338 
/inquire 
recv from player 6666: call 

send inquire msg to player 1111 
inquire/ 
5555 2000 8000 0 fold 
6666 1376 8000 397 call 
3333 1723 8000 50 fold 
7777 1950 8000 0 fold 
8888 2000 8000 0 fold 
2222 1603 8000 397 raise 
4444 1476 8000 297 check 
1111 2434 8000 297 check 
total pot: 1438 
/inquire 
recv from player 1111: call 

send inquire msg to player 4444 
inquire/ 
1111 2334 8000 397 call 
5555 2000 8000 0 fold 
6666 1376 8000 397 call 
3333 1723 8000 50 fold 
7777 1950 8000 0 fold 
8888 2000 8000 0 fold 
2222 1603 8000 397 raise 
4444 1476 8000 297 check 
total pot: 1538 
/inquire 
recv from player 4444: call 

river/ 
CLUBS 3 
/river 

---river round bet---
valid player: 8, all in player: 0, fold player: 4
send inquire msg to player 6666 
inquire/ 
3333 1723 8000 50 fold 
7777 1950 8000 0 fold 
8888 2000 8000 0 fold 
2222 1603 8000 397 raise 
4444 1376 8000 397 call 
1111 2334 8000 397 call 
5555 2000 8000 0 fold 
6666 1376 8000 397 call 
total pot: 1638 
/inquire 
recv from player 6666: call 

send inquire msg to player 1111 
inquire/ 
5555 2000 8000 0 fold 
6666 1376 8000 397 check 
3333 1723 8000 50 fold 
7777 1950 8000 0 fold 
8888 2000 8000 0 fold 
2222 1603 8000 397 raise 
4444 1376 8000 397 call 
1111 2334 8000 397 call 
total pot: 1638 
/inquire 
recv from player 1111: raise 489 

send inquire msg to player 4444 
inquire/ 
1111 1845 8000 886 raise 
5555 2000 8000 0 fold 
6666 1376 8000 397 check 
3333 1723 8000 50 fold 
7777 1950 8000 0 fold 
8888 2000 8000 0 fold 
2222 1603 8000 397 raise 
4444 1376 8000 397 call 
total pot: 2127 
/inquire 
recv from player 4444: fold 

send inquire msg to player 2222 
inquire/ 
4444 1376 8000 397 fold 
1111 1845 8000 886 raise 
5555 2000 8000 0 fold 
6666 1376 8000 397 check 
3333 1723 8000 50 fold 
7777 1950 8000 0 fold 
8888 2000 8000 0 fold 
2222 1603 8000 397 raise 
total pot: 2127 
/inquire 
recv from player 2222: fold 

send notify msg to player 8888 
notify/ 
2222 1603 8000 397 fold 
4444 1376 8000 397 fold 
1111 1845 8000 886 raise 
5555 2000 8000 0 fold 
6666 1376 8000 397 check 
3333 1723 8000 50 fold 
7777 1950 8000 0 fold 
8888 2000 8000 0 fold 
total pot: 2127 
/notify 
send notify msg to player 7777 
notify/ 
8888 2000 8000 0 fold 
2222 1603 8000 397 fold 
4444 1376 8000 397 fold 
1111 1845 8000 886 raise 
5555 2000 8000 0 fold 
6666 1376 8000 397 check 
3333 1723 8000 50 fold 
7777 1950 8000 0 fold 
total pot: 2127 
/notify 
send inquire msg to player 6666 
inquire/ 
3333 1723 8000 50 fold 
7777 1950 8000 0 fold 
8888 2000 8000 0 fold 
2222 1603 8000 397 fold 
4444 1376 8000 397 fold 
1111 1845 8000 886 raise 
5555 2000 8000 0 fold 
6666 1376 8000 397 check 
total pot: 2127 
/inquire 
recv from player 6666: fold 


----- notify msg last round -----
send notify msg to player 1111 
notify/ 
5555 2000 8000 0 fold 
6666 1376 8000 397 fold 
3333 1723 8000 50 fold 
7777 1950 8000 0 fold 
8888 2000 8000 0 fold 
2222 1603 8000 397 fold 
4444 1376 8000 397 fold 
1111 1845 8000 886 raise 
total pot: 2127 
/notify 
send notify msg to player 4444 
notify/ 
1111 1845 8000 886 raise 
5555 2000 8000 0 fold 
6666 1376 8000 397 fold 
3333 1723 8000 50 fold 
7777 1950 8000 0 fold 
8888 2000 8000 0 fold 
2222 1603 8000 397 fold 
4444 1376 8000 397 fold 
total pot: 2127 
/notify 
send notify msg to player 2222 
notify/ 
4444 1376 8000 397 fold 
1111 1845 8000 886 raise 
5555 2000 8000 0 fold 
6666 1376 8000 397 fold 
3333 1723 8000 50 fold 
7777 1950 8000 0 fold 
8888 2000 8000 0 fold 
2222 1603 8000 397 fold 
total pot: 2127 
/notify 
send notify msg to player 8888 
notify/ 
2222 1603 8000 397 fold 
4444 1376 8000 397 fold 
1111 1845 8000 886 raise 
5555 2000 8000 0 fold 
6666 1376 8000 397 fold 
3333 1723 8000 50 fold 
7777 1950 8000 0 fold 
8888 2000 8000 0 fold 
total pot: 2127 
/notify 
send notify msg to player 7777 
notify/ 
8888 2000 8000 0 fold 
2222 1603 8000 397 fold 
4444 1376 8000 397 fold 
1111 1845 8000 886 raise 
5555 2000 8000 0 fold 
6666 1376 8000 397 fold 
3333 1723 8000 50 fold 
7777 1950 8000 0 fold 
total pot: 2127 
/notify 
send notify msg to player 6666 
notify/ 
3333 1723 8000 50 fold 
7777 1950 8000 0 fold 
8888 2000 8000 0 fold 
2222 1603 8000 397 fold 
4444 1376 8000 397 fold 
1111 1845 8000 886 raise 
5555 2000 8000 0 fold 
6666 1376 8000 397 fold 
total pot: 2127 
/notify 

--- 1 players not fold, don't need show down---

---Allocate pot---
Only player at seat 3 not fold, win all the pot 2127
pot-win/ 
1111: 2127 
/pot-win 
it is player 3333's turn to be button

-----3 Hand-----

----- clean player data in socket -----
seat/ 
button: 3333 1723 8000 
small blind: 6666 1376 8000 
big blind: 5555 2000 8000 
1111 3972 8000 
4444 1376 8000 
2222 1603 8000 
8888 2000 8000 
7777 1950 8000 
/seat 
blind/ 
6666: 50 
5555: 100 
/blind 
player 6666:hold/ 
DIAMONDS 9 
DIAMONDS K 
/hold 
player 5555:hold/ 
DIAMONDS A 
HEARTS 10 
/hold 
player 1111:hold/ 
HEARTS A 
DIAMONDS 4 
/hold 
player 4444:hold/ 
SPADES 6 
HEARTS 6 
/hold 
player 2222:hold/ 
CLUBS 6 
CLUBS 3 
/hold 
player 8888:hold/ 
HEARTS K 
HEARTS 5 
/hold 
player 7777:hold/ 
SPADES 9 
SPADES 7 
/hold 
player 3333:hold/ 
SPADES 10 
HEARTS 8 
/hold 

---pre flop round bet---
valid player: 8, all in player: 0, fold player: 0
send inquire msg to player 1111 
inquire/ 
5555 1900 8000 100 blind 
6666 1326 8000 50 blind 
total pot: 150 
/inquire 
recv from player 1111: raise 245 

send inquire msg to player 4444 
inquire/ 
1111 3627 8000 345 raise 
5555 1900 8000 100 blind 
6666 1326 8000 50 blind 
total pot: 495 
/inquire 
recv from player 4444: call 

send inquire msg to player 2222 
inquire/ 
4444 1031 8000 345 call 
1111 3627 8000 345 raise 
5555 1900 8000 100 blind 
6666 1326 8000 50 blind 
total pot: 840 
/inquire 
recv from player 2222: fold 

send inquire msg to player 8888 
inquire/ 
2222 1603 8000 0 fold 
4444 1031 8000 345 call 
1111 3627 8000 345 raise 
5555 1900 8000 100 blind 
6666 1326 8000 50 blind 
total pot: 840 
/inquire 
recv from player 8888: call 

send inquire msg to player 7777 
inquire/ 
8888 1655 8000 345 call 
2222 1603 8000 0 fold 
4444 1031 8000 345 call 
1111 3627 8000 345 raise 
5555 1900 8000 100 blind 
6666 1326 8000 50 blind 
total pot: 1185 
/inquire 
recv from player 7777: fold 

send inquire msg to player 3333 
inquire/ 
7777 1950 8000 0 fold 
8888 1655 8000 345 call 
2222 1603 8000 0 fold 
4444 1031 8000 345 call 
1111 3627 8000 345 raise 
5555 1900 8000 100 blind 
6666 1326 8000 50 blind 
total pot: 1185 
/inquire 
recv from player 3333: fold 

send inquire msg to player 6666 
inquire/ 
3333 1723 8000 0 fold 
7777 1950 8000 0 fold 
8888 1655 8000 345 call 
2222 1603 8000 0 fold 
4444 1031 8000 345 call 
1111 3627 8000 345 raise 
5555 1900 8000 100 blind 
6666 1326 8000 50 blind 
total pot: 1185 
/inquire 
recv from player 6666: call 

send inquire msg to player 5555 
inquire/ 
6666 1031 8000 345 call 
3333 1723 8000 0 fold 
7777 1950 8000 0 fold 
8888 1655 8000 345 call 
2222 1603 8000 0 fold 
4444 1031 8000 345 call 
1111 3627 8000 345 raise 
5555 1900 8000 100 blind 
total pot: 1480 
/inquire 
recv from player 5555: fold 

flop/ 
CLUBS 8 
HEARTS 2 
HEARTS 9 
/flop 

---flop round bet---
valid player: 8, all in player: 0, fold player: 4
send inquire msg to player 6666 
inquire/ 
3333 1723 8000 0 fold 
7777 1950 8000 0 fold 
8888 1655 8000 345 call 
2222 1603 8000 0 fold 
4444 1031 8000 345 call 
1111 3627 8000 345 raise 
5555 1900 8000 100 fold 
6666 1031 8000 345 call 
total pot: 1480 
/inquire 
recv from player 6666: call 

send inquire msg to player 1111 
inquire/ 
5555 1900 8000 100 fold 
6666 1031 8000 345 check 
3333 1723 8000 0 fold 
7777 1950 8000 0 fold 
8888 1655 8000 345 call 
2222 1603 8000 0 fold 
4444 1031 8000 345 call 
1111 3627 8000 345 raise 
total pot: 1480 
/inquire 
recv from player 1111: call 

send inquire msg to player 4444 
inquire/ 
1111 3627 8000 345 check 
5555 1900 8000 100 fold 
6666 1031 8000 345 check 
3333 1723 8000 0 fold 
7777 1950 8000 0 fold 
8888 1655 8000 345 call 
2222 1603 8000 0 fold 
4444 1031 8000 345 call 
total pot: 1480 
/inquire 
recv from player 4444: call 

send notify msg to player 2222 
notify/ 
4444 1031 8000 345 check 
1111 3627 8000 345 check 
5555 1900 8000 100 fold 
6666 1031 8000 345 check 
3333 1723 8000 0 fold 
7777 1950 8000 0 fold 
8888 1655 8000 345 call 
2222 1603 8000 0 fold 
total pot: 1480 
/notify 
send inquire msg to player 8888 
inquire/ 
2222 1603 8000 0 fold 
4444 1031 8000 345 check 
1111 3627 8000 345 check 
5555 1900 8000 100 fold 
6666 1031 8000 345 check 
3333 1723 8000 0 fold 
7777 1950 8000 0 fold 
8888 1655 8000 345 call 
total pot: 1480 
/inquire 
recv from player 8888: call 

turn/ 
HEARTS J 
/turn 

---turn round bet---
valid player: 8, all in player: 0, fold player: 4
send inquire msg to player 6666 
inquire/ 
3333 1723 8000 0 fold 
7777 1950 8000 0 fold 
8888 1655 8000 345 check 
2222 1603 8000 0 fold 
4444 1031 8000 345 check 
1111 3627 8000 345 check 
5555 1900 8000 100 fold 
6666 1031 8000 345 check 
total pot: 1480 
/inquire 
recv from player 6666: call 

send inquire msg to player 1111 
inquire/ 
5555 1900 8000 100 fold 
6666 1031 8000 345 check 
3333 1723 8000 0 fold 
7777 1950 8000 0 fold 
8888 1655 8000 345 check 
2222 1603 8000 0 fold 
4444 1031 8000 345 check 
1111 3627 8000 345 check 
total pot: 1480 
/inquire 
recv from player 1111: call 

send inquire msg to player 4444 
inquire/ 
1111 3627 8000 345 check 
5555 1900 8000 100 fold 
6666 1031 8000 345 check 
3333 1723 8000 0 fold 
7777 1950 8000 0 fold 
8888 1655 8000 345 check 
2222 1603 8000 0 fold 
4444 1031 8000 345 check 
total pot: 1480 
/inquire 
recv from player 4444: call 

send notify msg to player 2222 
notify/ 
4444 1031 8000 345 check 
1111 3627 8000 345 check 
5555 1900 8000 100 fold 
6666 1031 8000 345 check 
3333 1723 8000 0 fold 
7777 1950 8000 0 fold 
8888 1655 8000 345 check 
2222 1603 8000 0 fold 
total pot: 1480 
/notify 
send inquire msg to player 8888 
inquire/ 
2222 1603 8000 0 fold 
4444 1031 8000 345 check 
1111 3627 8000 345 check 
5555 1900 8000 100 fold 
6666 1031 8000 345 check 
3333 1723 8000 0 fold 
7777 1950 8000 0 fold 
8888 1655 8000 345 check 
total pot: 1480 
/inquire 
recv from player 8888: raise 574 

send notify msg to player 7777 
notify/ 
8888 1081 8000 919 raise 
2222 1603 8000 0 fold 
4444 1031 8000 345 check 
1111 3627 8000 345 check 
5555 1900 8000 100 fold 
6666 1031 8000 345 check 
3333 1723 8000 0 fold 
7777 1950 8000 0 fold 
total pot: 2054 
/notify 
send inquire msg to player 6666 
inquire/ 
3333 1723 8000 0 fold 
7777 1950 8000 0 fold 
8888 1081 8000 919 raise 
2222 1603 8000 0 fold 
4444 1031 8000 345 check 
1111 3627 8000 345 check 
5555 1900 8000 100 fold 
6666 1031 8000 345 check 
total pot: 2054 
/inquire 
recv from player 6666: fold 

send inquire msg to player 1111 
inquire/ 
5555 1900 8000 100 fold 
6666 1031 8000 345 fold 
3333 1723 8000 0 fold 
7777 1950 8000 0 fold 
8888 1081 8000 919 raise 
2222 1603 8000 0 fold 
4444 1031 8000 345 check 
1111 3627 8000 345 check 
total pot: 2054 
/inquire 
recv from player 1111: call 

send inquire msg to player 4444 
inquire/ 
1111 3053 8000 919 call 
5555 1900 8000 100 fold 
6666 1031 8000 345 fold 
3333 1723 8000 0 fold 
7777 1950 8000 0 fold 
8888 1081 8000 919 raise 
2222 1603 8000 0 fold 
4444 1031 8000 345 check 
total pot: 2628 
/inquire 
recv from player 4444: fold 

river/ 
CLUBS 7 
/river 

---river round bet---
valid player: 8, all in player: 0, fold player: 6
send notify msg to player 6666 
notify/ 
3333 1723 8000 0 fold 
7777 1950 8000 0 fold 
8888 1081 8000 919 raise 
2222 1603 8000 0 fold 
4444 1031 8000 345 fold 
1111 3053 8000 919 call 
5555 1900 8000 100 fold 
6666 1031 8000 345 fold 
total pot: 2628 
/notify 
send inquire msg to player 1111 
inquire/ 
5555 1900 8000 100 fold 
6666 1031 8000 345 fold 
3333 1723 8000 0 fold 
7777 1950 8000 0 fold 
8888 1081 8000 919 raise 
2222 1603 8000 0 fold 
4444 1031 8000 345 fold 
1111 3053 8000 919 call 
total pot: 2628 
/inquire 
recv from player 1111: call 

send notify msg to player 4444 
notify/ 
1111 3053 8000 919 check 
5555 1900 8000 100 fold 
6666 1031 8000 345 fold 
3333 1723 8000 0 fold 
7777 1950 8000 0 fold 
8888 1081 8000 919 raise 
2222 1603 8000 0 fold 
4444 1031 8000 345 fold 
total pot: 2628 
/notify 
send notify msg to player 2222 
notify/ 
4444 1031 8000 345 fold 
1111 3053 8000 919 check 
5555 1900 8000 100 fold 
6666 1031 8000 345 fold 
3333 1723 8000 0 fold 
7777 1950 8000 0 fold 
8888 1081 8000 919 raise 
2222 1603 8000 0 fold 
total pot: 2628 
/notify 
send inquire msg to player 8888 
inquire/ 
2222 1603 8000 0 fold 
4444 1031 8000 345 fold 
1111 3053 8000 919 check 
5555 1900 8000 100 fold 
6666 1031 8000 345 fold 
3333 1723 8000 0 fold 
7777 1950 8000 0 fold 
8888 1081 8000 919 raise 
total pot: 2628 
/inquire 
recv from player 8888: call 


----- notify msg last round -----
send notify msg to player 7777 
notify/ 
8888 1081 8000 919 check 
2222 1603 8000 0 fold 
4444 1031 8000 345 fold 
1111 3053 8000 919 check 
5555 1900 8000 100 fold 
6666 1031 8000 345 fold 
3333 1723 8000 0 fold 
7777 1950 8000 0 fold 
total pot: 2628 
/notify 
send notify msg to player 6666 
notify/ 
3333 1723 8000 0 fold 
7777 1950 8000 0 fold 
8888 1081 8000 919 check 
2222 1603 8000 0 fold 
4444 1031 8000 345 fold 
1111 3053 8000 919 check 
5555 1900 8000 100 fold 
6666 1031 8000 345 fold 
total pot: 2628 
/notify 
send notify msg to player 1111 
notify/ 
5555 1900 8000 100 fold 
6666 1031 8000 345 fold 
3333 1723 8000 0 fold 
7777 1950 8000 0 fold 
8888 1081 8000 919 check 
2222 1603 8000 0 fold 
4444 1031 8000 345 fold 
1111 3053 8000 919 check 
total pot: 2628 
/notify 
send notify msg to player 4444 
notify/ 
1111 3053 8000 919 check 
5555 1900 8000 100 fold 
6666 1031 8000 345 fold 
3333 1723 8000 0 fold 
7777 1950 8000 0 fold 
8888 1081 8000 919 check 
2222 1603 8000 0 fold 
4444 1031 8000 345 fold 
total pot: 2628 
/notify 
send notify msg to player 2222 
notify/ 
4444 1031 8000 345 fold 
1111 3053 8000 919 check 
5555 1900 8000 100 fold 
6666 1031 8000 345 fold 
3333 1723 8000 0 fold 
7777 1950 8000 0 fold 
8888 1081 8000 919 check 
2222 1603 8000 0 fold 
total pot: 2628 
/notify 
send notify msg to player 8888 
notify/ 
2222 1603 8000 0 fold 
4444 1031 8000 345 fold 
1111 3053 8000 919 check 
5555 1900 8000 100 fold 
6666 1031 8000 345 fold 
3333 1723 8000 0 fold 
7777 1950 8000 0 fold 
8888 1081 8000 919 check 
total pot: 2628 
/notify 

---show down---
showdown/ 
common/ 
CLUBS 8 
HEARTS 2 
HEARTS 9 
HEARTS J 
CLUBS 7 
/common 
2: 1111 HEARTS A DIAMONDS 4 HIGH_CARD 
1: 8888 HEARTS K HEARTS 5 FLUSH 
/showdown 

---Allocate pot---
pot-win/ 
8888: 2628 
/pot-win 
it is player 6666's turn to be button

-----4 Hand-----

----- clean player data in socket -----
seat/ 
button: 6666 1031 8000 
small blind: 5555 1900 8000 
big blind: 1111 3053 8000 
4444 1031 8000 
2222 1603 8000 
8888 3709 8000 
7777 1950 8000 
3333 1723 8000 
/seat 
blind/ 
5555: 50 
1111: 100 
/blind 
player 5555:hold/ 
DIAMONDS 9 
DIAMONDS 5 
/hold 
player 1111:hold/ 
CLUBS K 
HEARTS J 
/hold 
player 4444:hold/ 
DIAMONDS 3 
CLUBS 5 
/hold 
player 2222:hold/ 
CLUBS 3 
SPADES 3 
/hold 
player 8888:hold/ 
DIAMONDS 2 
HEARTS 5 
/hold 
player 7777:hold/ 
HEARTS 9 
CLUBS A 
/hold 
player 3333:hold/ 
SPADES K 
HEARTS 3 
/hold 
player 6666:hold/ 
CLUBS 4 
SPADES 6 
/hold 

---pre flop round bet---
valid player: 8, all in player: 0, fold player: 0
send inquire msg to player 4444 
inquire/ 
1111 2953 8000 100 blind 
5555 1850 8000 50 blind 
total pot: 150 
/inquire 
recv from player 4444: call 

send inquire msg to player 2222 
inquire/ 
4444 931 8000 100 call 
1111 2953 8000 100 blind 
5555 1850 8000 50 blind 
total pot: 250 
/inquire 
recv from player 2222: raise 128 

send inquire msg to player 8888 
inquire/ 
2222 1375 8000 228 raise 
4444 931 8000 100 call 
1111 2953 8000 100 blind 
5555 1850 8000 50 blind 
total pot: 478 
/inquire 
recv from player 8888: call 

send inquire msg to player 7777 
inquire/ 
8888 3481 8000 228 call 
2222 1375 8000 228 raise 
4444 931 8000 100 call 
1111 2953 8000 100 blind 
5555 1850 8000 50 blind 
total pot: 706 
/inquire 
recv from player 7777: fold 

send inquire msg to player 3333 
inquire/ 
7777 1950 8000 0 fold 
8888 3481 8000 228 call 
2222 1375 8000 228 raise 
4444 931 8000 100 call 
1111 2953 8000 100 blind 
5555 1850 8000 50 blind 
total pot: 706 
/inquire 
recv from player 3333: fold 

send inquire msg to player 6666 
inquire/ 
3333 1723 8000 0 fold 
7777 1950 8000 0 fold 
8888 3481 8000 228 call 
2222 1375 8000 228 raise 
4444 931 8000 100 call 
1111 2953 8000 100 blind 
5555 1850 8000 50 blind 
total pot: 706 
/inquire 
recv from player 6666: fold 

send inquire msg to player 5555 
inquire/ 
6666 1031 8000 0 fold 
3333 1723 8000 0 fold 
7777 1950 8000 0 fold 
8888 3481 8000 228 call 
2222 1375 8000 228 raise 
4444 931 8000 100 call 
1111 2953 8000 100 blind 
5555 1850 8000 50 blind 
total pot: 706 
/inquire 
recv from player 5555: fold 

send inquire msg to player 1111 
inquire/ 
5555 1850 8000 50 fold 
6666 1031 8000 0 fold 
3333 1723 8000 0 fold 
7777 1950 8000 0 fold 
8888 3481 8000 228 call 
2222 1375 8000 228 raise 
4444 931 8000 100 call 
1111 2953 8000 100 blind 
total pot: 706 
/inquire 
recv from player 1111: raise 204 

send inquire msg to player 4444 
inquire/ 
1111 2621 8000 432 raise 
5555 1850 8000 50 fold 
6666 1031 8000 0 fold 
3333 1723 8000 0 fold 
7777 1950 8000 0 fold 
8888 3481 8000 228 call 
2222 1375 8000 228 raise 
4444 931 8000 100 call 
total pot: 1038 
/inquire 
recv from player 4444: fold 

send inquire msg to player 2222 
inquire/ 
4444 931 8000 100 fold 
1111 2621 8000 432 raise 
5555 1850 8000 50 fold 
6666 1031 8000 0 fold 
3333 1723 8000 0 fold 
7777 1950 8000 0 fold 
8888 3481 8000 228 call 
2222 1375 8000 228 raise 
total pot: 1038 
/inquire 
recv from player 2222: call 

send inquire msg to player 8888 
inquire/ 
2222 1171 8000 432 call 
4444 931 8000 100 fold 
1111 2621 8000 432 raise 
5555 1850 8000 50 fold 
6666 1031 8000 0 fold 
3333 1723 8000 0 fold 
7777 1950 8000 0 fold 
8888 3481 8000 228 call 
total pot: 1242 
/inquire 
recv from player 8888: call 

flop/ 
CLUBS 8 
HEARTS 2 
DIAMONDS 4 
/flop 

---flop round bet---
valid player: 8, all in player: 0, fold player: 5
send inquire msg to player 1111 
inquire/ 
5555 1850 8000 50 fold 
6666 1031 8000 0 fold 
3333 1723 8000 0 fold 
7777 1950 8000 0 fold 
8888 3277 8000 432 call 
2222 1171 8000 432 call 
4444 931 8000 100 fold 
1111 2621 8000 432 raise 
total pot: 1446 
/inquire 
recv from player 1111: call 

send notify msg to player 4444 
notify/ 
1111 2621 8000 432 check 
5555 1850 8000 50 fold 
6666 1031 8000 0 fold 
3333 1723 8000 0 fold 
7777 1950 8000 0 fold 
8888 3277 8000 432 call 
2222 1171 8000 432 call 
4444 931 8000 100 fold 
total pot: 1446 
/notify 
send inquire msg to player 2222 
inquire/ 
4444 931 8000 100 fold 
1111 2621 8000 432 check 
5555 1850 8000 50 fold 
6666 1031 8000 0 fold 
3333 1723 8000 0 fold 
7777 1950 8000 0 fold 
8888 3277 8000 432 call 
2222 1171 8000 432 call 
total pot: 1446 
/inquire 
recv from player 2222: call 

send inquire msg to player 8888 
inquire/ 
2222 1171 8000 432 check 
4444 931 8000 100 fold 
1111 2621 8000 432 check 
5555 1850 8000 50 fold 
6666 1031 8000 0 fold 
3333 1723 8000 0 fold 
7777 1950 8000 0 fold 
8888 3277 8000 432 call 
total pot: 1446 
/inquire 
recv from player 8888: call 

turn/ 
SPADES A 
/turn 

---turn round bet---
valid player: 8, all in player: 0, fold player: 5
send inquire msg to player 1111 
inquire/ 
5555 1850 8000 50 fold 
6666 1031 8000 0 fold 
3333 1723 8000 0 fold 
7777 1950 8000 0 fold 
8888 3277 8000 432 check 
2222 1171 8000 432 check 
4444 931 8000 100 fold 
1111 2621 8000 432 check 
total pot: 1446 
/inquire 
recv from player 1111: call 

send notify msg to player 4444 
notify/ 
1111 2621 8000 432 check 
5555 1850 8000 50 fold 
6666 1031 8000 0 fold 
3333 1723 8000 0 fold 
7777 1950 8000 0 fold 
8888 3277 8000 432 check 
2222 1171 8000 432 check 
4444 931 8000 100 fold 
total pot: 1446 
/notify 
send inquire msg to player 2222 
inquire/ 
4444 931 8000 100 fold 
1111 2621 8000 432 check 
5555 1850 8000 50 fold 
6666 1031 8000 0 fold 
3333 1723 8000 0 fold 
7777 1950 8000 0 fold 
8888 3277 8000 432 check 
2222 1171 8000 432 check 
total pot: 1446 
/inquire 
recv from player 2222: call 

send inquire msg to player 8888 
inquire/ 
2222 1171 8000 432 check 
4444 931 8000 100 fold 
1111 2621 8000 432 check 
5555 1850 8000 50 fold 
6666 1031 8000 0 fold 
3333 1723 8000 0 fold 
7777 1950 8000 0 fold 
8888 3277 8000 432 check 
total pot: 1446 
/inquire 
recv from player 8888: call 

river/ 
SPADES J 
/river 

---river round bet---
valid player: 8, all in player: 0, fold player: 5
send inquire msg to player 1111 
inquire/ 
5555 1850 8000 50 fold 
6666 1031 8000 0 fold 
3333 1723 8000 0 fold 
7777 1950 8000 0 fold 
8888 3277 8000 432 check 
2222 1171 8000 432 check 
4444 931 8000 100 fold 
1111 2621 8000 432 check 
total pot: 1446 
/inquire 
recv from player 1111: raise 50 

send notify msg to player 4444 
notify/ 
1111 2521 8000 532 raise 
5555 1850 8000 50 fold 
6666 1031 8000 0 fold 
3333 1723 8000 0 fold 
7777 1950 8000 0 fold 
8888 3277 8000 432 check 
2222 1171 8000 432 check 
4444 931 8000 100 fold 
total pot: 1546 
/notify 
send inquire msg to player 2222 
inquire/ 
4444 931 8000 100 fold 
1111 2521 8000 532 raise 
5555 1850 8000 50 fold 
6666 1031 8000 0 fold 
3333 1723 8000 0 fold 
7777 1950 8000 0 fold 
8888 3277 8000 432 check 
2222 1171 8000 432 check 
total pot: 1546 
/inquire 
recv from player 2222: call 

send inquire msg to player 8888 
inquire/ 
2222 1071 8000 532 call 
4444 931 8000 100 fold 
1111 2521 8000 532 raise 
5555 1850 8000 50 fold 
6666 1031 8000 0 fold 
3333 1723 8000 0 fold 
7777 1950 8000 0 fold 
8888 3277 8000 432 check 
total pot: 1646 
/inquire 
recv from player 8888: call 


----- notify msg last round -----
send notify msg to player 7777 
notify/ 
8888 3177 8000 532 call 
2222 1071 8000 532 call 
4444 931 8000 100 fold 
1111 2521 8000 532 raise 
5555 1850 8000 50 fold 
6666 1031 8000 0 fold 
3333 1723 8000 0 fold 
7777 1950 8000 0 fold 
total pot: 1746 
/notify 
send notify msg to player 6666 
notify/ 
3333 1723 8000 0 fold 
7777 1950 8000 0 fold 
8888 3177 8000 532 call 
2222 1071 8000 532 call 
4444 931 8000 100 fold 
1111 2521 8000 532 raise 
5555 1850 8000 50 fold 
6666 1031 8000 0 fold 
total pot: 1746 
/notify 
send notify msg to player 1111 
notify/ 
5555 1850 8000 50 fold 
6666 1031 8000 0 fold 
3333 1723 8000 0 fold 
7777 1950 8000 0 fold 
8888 3177 8000 532 call 
2222 1071 8000 532 call 
4444 931 8000 100 fold 
1111 2521 8000 532 raise 
total pot: 1746 
/notify 
send notify msg to player 4444 
notify/ 
1111 2521 8000 532 raise 
5555 1850 8000 50 fold 
6666 1031 8000 0 fold 
3333 1723 8000 0 fold 
7777 1950 8000 0 fold 
8888 3177 8000 532 call 
2222 1071 8000 532 call 
4444 931 8000 100 fold 
total pot: 1746 
/notify 
send notify msg to player 2222 
notify/ 
4444 931 8000 100 fold 
1111 2521 8000 532 raise 
5555 1850 8000 50 fold 
6666 1031 8000 0 fold 
3333 1723 8000 0 fold 
7777 1950 8000 0 fold 
8888 3177 8000 532 call 
2222 1071 8000 532 call 
total pot: 1746 
/notify 
send notify msg to player 8888 
notify/ 
2222 1071 8000 532 call 
4444 931 8000 100 fold 
1111 2521 8000 532 raise 
5555 1850 8000 50 fold 
6666 1031 8000 0 fold 
3333 1723 8000 0 fold 
7777 1950 8000 0 fold 
8888 3177 8000 532 call 
total pot: 1746 
/notify 

---show down---
showdown/ 
common/ 
CLUBS 8 
HEARTS 2 
DIAMONDS 4 
SPADES A 
SPADES J 
/common 
1: 1111 CLUBS K HEARTS J ONE_PAIR 
2: 2222 CLUBS 3 SPADES 3 ONE_PAIR 
3: 8888 DIAMONDS 2 HEARTS 5 ONE_PAIR 
/showdown 

---Allocate pot---
pot-win/ 
1111: 1746 
/pot-win 
it is player 5555's turn to be button

-----5 Hand-----

----- clean player data in socket -----
seat/ 
button: 5555 1850 8000 
small blind: 1111 4267 8000 
big blind: 4444 931 8000 
2222 1071 8000 
8888 3177 8000 
7777 1950 8000 
3333 1723 8000 
6666 1031 8000 
/seat 
blind/ 
1111: 50 
4444: 100 
/blind 
player 1111:hold/ 
HEARTS 7 
SPADES J 
/hold 
player 4444:hold/ 
HEARTS Q 
SPADES 4 
/hold 
player 2222:hold/ 
CLUBS 5 
SPADES 10 
/hold 
player 8888:hold/ 
CLUBS 6 
SPADES 3 
/hold 
player 7777:hold/ 
DIAMONDS 7 
CLUBS 8 
/hold 
player 3333:hold/ 
DIAMONDS K 
HEARTS J 
/hold 
player 6666:hold/ 
SPADES 6 
DIAMONDS 3 
/hold 
player 5555:hold/ 
CLUBS 7 
DIAMONDS 9 
/hold 

