

---GAME START @ 2015-5-16-19-48-35---
reg: 3333 Ty_lxx 
reg: 5555 randombot 
reg: 6666 raisecallbot 
reg: 4444 simplebot 
reg: 2222 simplebot 
reg: 7777 cleverbot 
reg: 1111 randombot 
reg: 8888 callbot 

-----1 Hand-----

----- clean player data in socket -----
seat/ 
button: 8888 2000 8000 
small blind: 4444 2000 8000 
big blind: 1111 2000 8000 
6666 2000 8000 
3333 2000 8000 
7777 2000 8000 
2222 2000 8000 
5555 2000 8000 
/seat 
blind/ 
4444: 50 
1111: 100 
/blind 
player 4444:hold/ 
HEARTS 4 
DIAMONDS K 
/hold 
player 1111:hold/ 
HEARTS Q 
CLUBS 7 
/hold 
player 6666:hold/ 
HEARTS 8 
CLUBS 2 
/hold 
player 3333:hold/ 
CLUBS 3 
SPADES 9 
/hold 
player 7777:hold/ 
SPADES A 
CLUBS 4 
/hold 
player 2222:hold/ 
CLUBS 5 
CLUBS A 
/hold 
player 5555:hold/ 
DIAMONDS 4 
HEARTS 2 
/hold 
player 8888:hold/ 
HEARTS 10 
DIAMONDS 5 
/hold 

---pre flop round bet---
valid player: 8, all in player: 0, fold player: 0
send inquire msg to player 6666 
inquire/ 
1111 1900 8000 100 blind 
4444 1950 8000 50 blind 
total pot: 150 
/inquire 
recv from player 6666: check 

send inquire msg to player 3333 
inquire/ 
6666 1900 8000 100 call 
1111 1900 8000 100 blind 
4444 1950 8000 50 blind 
total pot: 250 
/inquire 
recv from player 3333: fold 

send inquire msg to player 7777 
inquire/ 
3333 2000 8000 0 fold 
6666 1900 8000 100 call 
1111 1900 8000 100 blind 
4444 1950 8000 50 blind 
total pot: 250 
/inquire 
recv from player 7777: fold 

send inquire msg to player 2222 
inquire/ 
7777 2000 8000 0 fold 
3333 2000 8000 0 fold 
6666 1900 8000 100 call 
1111 1900 8000 100 blind 
4444 1950 8000 50 blind 
total pot: 250 
/inquire 
recv from player 2222: raise 196 

send inquire msg to player 5555 
inquire/ 
2222 1704 8000 296 raise 
7777 2000 8000 0 fold 
3333 2000 8000 0 fold 
6666 1900 8000 100 call 
1111 1900 8000 100 blind 
4444 1950 8000 50 blind 
total pot: 546 
/inquire 
recv from player 5555: fold 

send inquire msg to player 8888 
inquire/ 
5555 2000 8000 0 fold 
2222 1704 8000 296 raise 
7777 2000 8000 0 fold 
3333 2000 8000 0 fold 
6666 1900 8000 100 call 
1111 1900 8000 100 blind 
4444 1950 8000 50 blind 
total pot: 546 
/inquire 
recv from player 8888: check 

send inquire msg to player 4444 
inquire/ 
8888 1704 8000 296 call 
5555 2000 8000 0 fold 
2222 1704 8000 296 raise 
7777 2000 8000 0 fold 
3333 2000 8000 0 fold 
6666 1900 8000 100 call 
1111 1900 8000 100 blind 
4444 1950 8000 50 blind 
total pot: 842 
/inquire 
recv from player 4444: check 

send inquire msg to player 1111 
inquire/ 
4444 1704 8000 296 call 
8888 1704 8000 296 call 
5555 2000 8000 0 fold 
2222 1704 8000 296 raise 
7777 2000 8000 0 fold 
3333 2000 8000 0 fold 
6666 1900 8000 100 call 
1111 1900 8000 100 blind 
total pot: 1088 
/inquire 
recv from player 1111: fold 

send inquire msg to player 6666 
inquire/ 
1111 1900 8000 100 fold 
4444 1704 8000 296 call 
8888 1704 8000 296 call 
5555 2000 8000 0 fold 
2222 1704 8000 296 raise 
7777 2000 8000 0 fold 
3333 2000 8000 0 fold 
6666 1900 8000 100 call 
total pot: 1088 
/inquire 
recv from player 6666: check 

flop/ 
CLUBS 6 
SPADES 8 
SPADES 10 
/flop 

---flop round bet---
valid player: 8, all in player: 0, fold player: 4
send inquire msg to player 4444 
inquire/ 
8888 1704 8000 296 call 
5555 2000 8000 0 fold 
2222 1704 8000 296 raise 
7777 2000 8000 0 fold 
3333 2000 8000 0 fold 
6666 1704 8000 296 call 
1111 1900 8000 100 fold 
4444 1704 8000 296 call 
total pot: 1284 
/inquire 
recv from player 4444: check 

send inquire msg to player 1111 
inquire/ 
4444 1704 8000 296 check 
8888 1704 8000 296 call 
5555 2000 8000 0 fold 
2222 1704 8000 296 raise 
7777 2000 8000 0 fold 
3333 2000 8000 0 fold 
6666 1704 8000 296 call 
1111 1900 8000 100 fold 
total pot: 1284 
/inquire 
send inquire msg to player 6666 
inquire/ 
1111 1900 8000 100 fold 
4444 1704 8000 296 check 
8888 1704 8000 296 call 
5555 2000 8000 0 fold 
2222 1704 8000 296 raise 
7777 2000 8000 0 fold 
3333 2000 8000 0 fold 
6666 1704 8000 296 call 
total pot: 1284 
/inquire 
recv from player 6666: check 

send inquire msg to player 3333 
inquire/ 
6666 1704 8000 296 check 
1111 1900 8000 100 fold 
4444 1704 8000 296 check 
8888 1704 8000 296 call 
5555 2000 8000 0 fold 
2222 1704 8000 296 raise 
7777 2000 8000 0 fold 
3333 2000 8000 0 fold 
total pot: 1284 
/inquire 
send inquire msg to player 7777 
inquire/ 
3333 2000 8000 0 fold 
6666 1704 8000 296 check 
1111 1900 8000 100 fold 
4444 1704 8000 296 check 
8888 1704 8000 296 call 
5555 2000 8000 0 fold 
2222 1704 8000 296 raise 
7777 2000 8000 0 fold 
total pot: 1284 
/inquire 
send inquire msg to player 2222 
inquire/ 
7777 2000 8000 0 fold 
3333 2000 8000 0 fold 
6666 1704 8000 296 check 
1111 1900 8000 100 fold 
4444 1704 8000 296 check 
8888 1704 8000 296 call 
5555 2000 8000 0 fold 
2222 1704 8000 296 raise 
total pot: 1284 
/inquire 
recv from player 2222: check 

send inquire msg to player 5555 
inquire/ 
2222 1704 8000 296 check 
7777 2000 8000 0 fold 
3333 2000 8000 0 fold 
6666 1704 8000 296 check 
1111 1900 8000 100 fold 
4444 1704 8000 296 check 
8888 1704 8000 296 call 
5555 2000 8000 0 fold 
total pot: 1284 
/inquire 
send inquire msg to player 8888 
inquire/ 
5555 2000 8000 0 fold 
2222 1704 8000 296 check 
7777 2000 8000 0 fold 
3333 2000 8000 0 fold 
6666 1704 8000 296 check 
1111 1900 8000 100 fold 
4444 1704 8000 296 check 
8888 1704 8000 296 call 
total pot: 1284 
/inquire 
recv from player 8888: check 

turn/ 
CLUBS 10 
/turn 

---turn round bet---
valid player: 8, all in player: 0, fold player: 4
send inquire msg to player 4444 
inquire/ 
8888 1704 8000 296 check 
5555 2000 8000 0 fold 
2222 1704 8000 296 check 
7777 2000 8000 0 fold 
3333 2000 8000 0 fold 
6666 1704 8000 296 check 
1111 1900 8000 100 fold 
4444 1704 8000 296 check 
total pot: 1284 
/inquire 
recv from player 4444: check 

send inquire msg to player 1111 
inquire/ 
4444 1704 8000 296 check 
8888 1704 8000 296 check 
5555 2000 8000 0 fold 
2222 1704 8000 296 check 
7777 2000 8000 0 fold 
3333 2000 8000 0 fold 
6666 1704 8000 296 check 
1111 1900 8000 100 fold 
total pot: 1284 
/inquire 
send inquire msg to player 6666 
inquire/ 
1111 1900 8000 100 fold 
4444 1704 8000 296 check 
8888 1704 8000 296 check 
5555 2000 8000 0 fold 
2222 1704 8000 296 check 
7777 2000 8000 0 fold 
3333 2000 8000 0 fold 
6666 1704 8000 296 check 
total pot: 1284 
/inquire 
recv from player 6666: raise 0 

send inquire msg to player 3333 
inquire/ 
6666 1604 8000 396 raise 
1111 1900 8000 100 fold 
4444 1704 8000 296 check 
8888 1704 8000 296 check 
5555 2000 8000 0 fold 
2222 1704 8000 296 check 
7777 2000 8000 0 fold 
3333 2000 8000 0 fold 
total pot: 1384 
/inquire 
send inquire msg to player 7777 
inquire/ 
3333 2000 8000 0 fold 
6666 1604 8000 396 raise 
1111 1900 8000 100 fold 
4444 1704 8000 296 check 
8888 1704 8000 296 check 
5555 2000 8000 0 fold 
2222 1704 8000 296 check 
7777 2000 8000 0 fold 
total pot: 1384 
/inquire 
send inquire msg to player 2222 
inquire/ 
7777 2000 8000 0 fold 
3333 2000 8000 0 fold 
6666 1604 8000 396 raise 
1111 1900 8000 100 fold 
4444 1704 8000 296 check 
8888 1704 8000 296 check 
5555 2000 8000 0 fold 
2222 1704 8000 296 check 
total pot: 1384 
/inquire 
recv from player 2222: check 

send inquire msg to player 5555 
inquire/ 
2222 1604 8000 396 call 
7777 2000 8000 0 fold 
3333 2000 8000 0 fold 
6666 1604 8000 396 raise 
1111 1900 8000 100 fold 
4444 1704 8000 296 check 
8888 1704 8000 296 check 
5555 2000 8000 0 fold 
total pot: 1484 
/inquire 
send inquire msg to player 8888 
inquire/ 
5555 2000 8000 0 fold 
2222 1604 8000 396 call 
7777 2000 8000 0 fold 
3333 2000 8000 0 fold 
6666 1604 8000 396 raise 
1111 1900 8000 100 fold 
4444 1704 8000 296 check 
8888 1704 8000 296 check 
total pot: 1484 
/inquire 
recv from player 8888: check 

send inquire msg to player 4444 
inquire/ 
8888 1604 8000 396 call 
5555 2000 8000 0 fold 
2222 1604 8000 396 call 
7777 2000 8000 0 fold 
3333 2000 8000 0 fold 
6666 1604 8000 396 raise 
1111 1900 8000 100 fold 
4444 1704 8000 296 check 
total pot: 1584 
/inquire 
recv from player 4444: fold 

river/ 
SPADES 3 
/river 

---river round bet---
valid player: 8, all in player: 0, fold player: 5
send inquire msg to player 4444 
inquire/ 
8888 1604 8000 396 call 
5555 2000 8000 0 fold 
2222 1604 8000 396 call 
7777 2000 8000 0 fold 
3333 2000 8000 0 fold 
6666 1604 8000 396 raise 
1111 1900 8000 100 fold 
4444 1704 8000 296 fold 
total pot: 1584 
/inquire 
send inquire msg to player 1111 
inquire/ 
4444 1704 8000 296 fold 
8888 1604 8000 396 call 
5555 2000 8000 0 fold 
2222 1604 8000 396 call 
7777 2000 8000 0 fold 
3333 2000 8000 0 fold 
6666 1604 8000 396 raise 
1111 1900 8000 100 fold 
total pot: 1584 
/inquire 
send inquire msg to player 6666 
inquire/ 
1111 1900 8000 100 fold 
4444 1704 8000 296 fold 
8888 1604 8000 396 call 
5555 2000 8000 0 fold 
2222 1604 8000 396 call 
7777 2000 8000 0 fold 
3333 2000 8000 0 fold 
6666 1604 8000 396 raise 
total pot: 1584 
/inquire 
recv from player 6666: raise 0 

send inquire msg to player 3333 
inquire/ 
6666 1504 8000 496 raise 
1111 1900 8000 100 fold 
4444 1704 8000 296 fold 
8888 1604 8000 396 call 
5555 2000 8000 0 fold 
2222 1604 8000 396 call 
7777 2000 8000 0 fold 
3333 2000 8000 0 fold 
total pot: 1684 
/inquire 
send inquire msg to player 7777 
inquire/ 
3333 2000 8000 0 fold 
6666 1504 8000 496 raise 
1111 1900 8000 100 fold 
4444 1704 8000 296 fold 
8888 1604 8000 396 call 
5555 2000 8000 0 fold 
2222 1604 8000 396 call 
7777 2000 8000 0 fold 
total pot: 1684 
/inquire 
send inquire msg to player 2222 
inquire/ 
7777 2000 8000 0 fold 
3333 2000 8000 0 fold 
6666 1504 8000 496 raise 
1111 1900 8000 100 fold 
4444 1704 8000 296 fold 
8888 1604 8000 396 call 
5555 2000 8000 0 fold 
2222 1604 8000 396 call 
total pot: 1684 
/inquire 
recv from player 2222: fold 

send inquire msg to player 5555 
inquire/ 
2222 1604 8000 396 fold 
7777 2000 8000 0 fold 
3333 2000 8000 0 fold 
6666 1504 8000 496 raise 
1111 1900 8000 100 fold 
4444 1704 8000 296 fold 
8888 1604 8000 396 call 
5555 2000 8000 0 fold 
total pot: 1684 
/inquire 
send inquire msg to player 8888 
inquire/ 
5555 2000 8000 0 fold 
2222 1604 8000 396 fold 
7777 2000 8000 0 fold 
3333 2000 8000 0 fold 
6666 1504 8000 496 raise 
1111 1900 8000 100 fold 
4444 1704 8000 296 fold 
8888 1604 8000 396 call 
total pot: 1684 
/inquire 
recv from player 8888: check 


---show down---
showdown/ 
common/ 
CLUBS 6 
SPADES 8 
SPADES 10 
CLUBS 10 
SPADES 3 
/common 
2: 6666 HEARTS 8 CLUBS 2 TWO_PAIR 
1: 8888 HEARTS 10 DIAMONDS 5 THREE_OF_A_KIND 
/showdown 

---Allocate pot---
pot-win/ 
8888: 1784 
/pot-win 
it is player 4444's turn to be button

-----2 Hand-----

----- clean player data in socket -----
seat/ 
button: 4444 1704 8000 
small blind: 1111 1900 8000 
big blind: 6666 1504 8000 
3333 2000 8000 
7777 2000 8000 
2222 1604 8000 
5555 2000 8000 
8888 3288 8000 
/seat 
blind/ 
1111: 50 
6666: 100 
/blind 
player 1111:hold/ 
HEARTS 5 
DIAMONDS 5 
/hold 
player 6666:hold/ 
CLUBS Q 
SPADES A 
/hold 
player 3333:hold/ 
CLUBS A 
SPADES 5 
/hold 
player 7777:hold/ 
CLUBS 4 
DIAMONDS 6 
/hold 
player 2222:hold/ 
CLUBS 10 
HEARTS 2 
/hold 
player 5555:hold/ 
SPADES 3 
DIAMONDS 2 
/hold 
player 8888:hold/ 
SPADES 4 
HEARTS 7 
/hold 
player 4444:hold/ 
HEARTS 8 
HEARTS 3 
/hold 

---pre flop round bet---
valid player: 8, all in player: 0, fold player: 0
send inquire msg to player 3333 
inquire/ 
6666 1404 8000 100 blind 
1111 1850 8000 50 blind 
total pot: 150 
/inquire 
recv from player 3333: fold 

send inquire msg to player 7777 
inquire/ 
3333 2000 8000 0 fold 
6666 1404 8000 100 blind 
1111 1850 8000 50 blind 
total pot: 150 
/inquire 
recv from player 7777: fold 

send inquire msg to player 2222 
inquire/ 
7777 2000 8000 0 fold 
3333 2000 8000 0 fold 
6666 1404 8000 100 blind 
1111 1850 8000 50 blind 
total pot: 150 
/inquire 
recv from player 2222: fold 

send inquire msg to player 5555 
inquire/ 
2222 1604 8000 0 fold 
7777 2000 8000 0 fold 
3333 2000 8000 0 fold 
6666 1404 8000 100 blind 
1111 1850 8000 50 blind 
total pot: 150 
/inquire 
recv from player 5555: fold 

send inquire msg to player 8888 
inquire/ 
5555 2000 8000 0 fold 
2222 1604 8000 0 fold 
7777 2000 8000 0 fold 
3333 2000 8000 0 fold 
6666 1404 8000 100 blind 
1111 1850 8000 50 blind 
total pot: 150 
/inquire 
recv from player 8888: check 

send inquire msg to player 4444 
inquire/ 
8888 3188 8000 100 call 
5555 2000 8000 0 fold 
2222 1604 8000 0 fold 
7777 2000 8000 0 fold 
3333 2000 8000 0 fold 
6666 1404 8000 100 blind 
1111 1850 8000 50 blind 
total pot: 250 
/inquire 
recv from player 4444: fold 

send inquire msg to player 1111 
inquire/ 
4444 1704 8000 0 fold 
8888 3188 8000 100 call 
5555 2000 8000 0 fold 
2222 1604 8000 0 fold 
7777 2000 8000 0 fold 
3333 2000 8000 0 fold 
6666 1404 8000 100 blind 
1111 1850 8000 50 blind 
total pot: 250 
/inquire 
recv from player 1111: fold 

send inquire msg to player 6666 
inquire/ 
1111 1850 8000 50 fold 
4444 1704 8000 0 fold 
8888 3188 8000 100 call 
5555 2000 8000 0 fold 
2222 1604 8000 0 fold 
7777 2000 8000 0 fold 
3333 2000 8000 0 fold 
6666 1404 8000 100 blind 
total pot: 250 
/inquire 
recv from player 6666: raise 0 

send inquire msg to player 3333 
inquire/ 
6666 1304 8000 200 raise 
1111 1850 8000 50 fold 
4444 1704 8000 0 fold 
8888 3188 8000 100 call 
5555 2000 8000 0 fold 
2222 1604 8000 0 fold 
7777 2000 8000 0 fold 
3333 2000 8000 0 fold 
total pot: 350 
/inquire 
send inquire msg to player 7777 
inquire/ 
3333 2000 8000 0 fold 
6666 1304 8000 200 raise 
1111 1850 8000 50 fold 
4444 1704 8000 0 fold 
8888 3188 8000 100 call 
5555 2000 8000 0 fold 
2222 1604 8000 0 fold 
7777 2000 8000 0 fold 
total pot: 350 
/inquire 
send inquire msg to player 2222 
inquire/ 
7777 2000 8000 0 fold 
3333 2000 8000 0 fold 
6666 1304 8000 200 raise 
1111 1850 8000 50 fold 
4444 1704 8000 0 fold 
8888 3188 8000 100 call 
5555 2000 8000 0 fold 
2222 1604 8000 0 fold 
total pot: 350 
/inquire 
send inquire msg to player 5555 
inquire/ 
2222 1604 8000 0 fold 
7777 2000 8000 0 fold 
3333 2000 8000 0 fold 
6666 1304 8000 200 raise 
1111 1850 8000 50 fold 
4444 1704 8000 0 fold 
8888 3188 8000 100 call 
5555 2000 8000 0 fold 
total pot: 350 
/inquire 
send inquire msg to player 8888 
inquire/ 
5555 2000 8000 0 fold 
2222 1604 8000 0 fold 
7777 2000 8000 0 fold 
3333 2000 8000 0 fold 
6666 1304 8000 200 raise 
1111 1850 8000 50 fold 
4444 1704 8000 0 fold 
8888 3188 8000 100 call 
total pot: 350 
/inquire 
recv from player 8888: check 

flop/ 
DIAMONDS 4 
SPADES J 
CLUBS 9 
/flop 

---flop round bet---
valid player: 8, all in player: 0, fold player: 6
send inquire msg to player 1111 
inquire/ 
4444 1704 8000 0 fold 
8888 3088 8000 200 call 
5555 2000 8000 0 fold 
2222 1604 8000 0 fold 
7777 2000 8000 0 fold 
3333 2000 8000 0 fold 
6666 1304 8000 200 raise 
1111 1850 8000 50 fold 
total pot: 450 
/inquire 
send inquire msg to player 6666 
inquire/ 
1111 1850 8000 50 fold 
4444 1704 8000 0 fold 
8888 3088 8000 200 call 
5555 2000 8000 0 fold 
2222 1604 8000 0 fold 
7777 2000 8000 0 fold 
3333 2000 8000 0 fold 
6666 1304 8000 200 raise 
total pot: 450 
/inquire 
recv from player 6666: check 

send inquire msg to player 3333 
inquire/ 
6666 1304 8000 200 check 
1111 1850 8000 50 fold 
4444 1704 8000 0 fold 
8888 3088 8000 200 call 
5555 2000 8000 0 fold 
2222 1604 8000 0 fold 
7777 2000 8000 0 fold 
3333 2000 8000 0 fold 
total pot: 450 
/inquire 
send inquire msg to player 7777 
inquire/ 
3333 2000 8000 0 fold 
6666 1304 8000 200 check 
1111 1850 8000 50 fold 
4444 1704 8000 0 fold 
8888 3088 8000 200 call 
5555 2000 8000 0 fold 
2222 1604 8000 0 fold 
7777 2000 8000 0 fold 
total pot: 450 
/inquire 
send inquire msg to player 2222 
inquire/ 
7777 2000 8000 0 fold 
3333 2000 8000 0 fold 
6666 1304 8000 200 check 
1111 1850 8000 50 fold 
4444 1704 8000 0 fold 
8888 3088 8000 200 call 
5555 2000 8000 0 fold 
2222 1604 8000 0 fold 
total pot: 450 
/inquire 
send inquire msg to player 5555 
inquire/ 
2222 1604 8000 0 fold 
7777 2000 8000 0 fold 
3333 2000 8000 0 fold 
6666 1304 8000 200 check 
1111 1850 8000 50 fold 
4444 1704 8000 0 fold 
8888 3088 8000 200 call 
5555 2000 8000 0 fold 
total pot: 450 
/inquire 
send inquire msg to player 8888 
inquire/ 
5555 2000 8000 0 fold 
2222 1604 8000 0 fold 
7777 2000 8000 0 fold 
3333 2000 8000 0 fold 
6666 1304 8000 200 check 
1111 1850 8000 50 fold 
4444 1704 8000 0 fold 
8888 3088 8000 200 call 
total pot: 450 
/inquire 
recv from player 8888: check 

turn/ 
HEARTS A 
/turn 

---turn round bet---
valid player: 8, all in player: 0, fold player: 6
send inquire msg to player 1111 
inquire/ 
4444 1704 8000 0 fold 
8888 3088 8000 200 check 
5555 2000 8000 0 fold 
2222 1604 8000 0 fold 
7777 2000 8000 0 fold 
3333 2000 8000 0 fold 
6666 1304 8000 200 check 
1111 1850 8000 50 fold 
total pot: 450 
/inquire 
send inquire msg to player 6666 
inquire/ 
1111 1850 8000 50 fold 
4444 1704 8000 0 fold 
8888 3088 8000 200 check 
5555 2000 8000 0 fold 
2222 1604 8000 0 fold 
7777 2000 8000 0 fold 
3333 2000 8000 0 fold 
6666 1304 8000 200 check 
total pot: 450 
/inquire 
recv from player 6666: check 

send inquire msg to player 3333 
inquire/ 
6666 1304 8000 200 check 
1111 1850 8000 50 fold 
4444 1704 8000 0 fold 
8888 3088 8000 200 check 
5555 2000 8000 0 fold 
2222 1604 8000 0 fold 
7777 2000 8000 0 fold 
3333 2000 8000 0 fold 
total pot: 450 
/inquire 
send inquire msg to player 7777 
inquire/ 
3333 2000 8000 0 fold 
6666 1304 8000 200 check 
1111 1850 8000 50 fold 
4444 1704 8000 0 fold 
8888 3088 8000 200 check 
5555 2000 8000 0 fold 
2222 1604 8000 0 fold 
7777 2000 8000 0 fold 
total pot: 450 
/inquire 
send inquire msg to player 2222 
inquire/ 
7777 2000 8000 0 fold 
3333 2000 8000 0 fold 
6666 1304 8000 200 check 
1111 1850 8000 50 fold 
4444 1704 8000 0 fold 
8888 3088 8000 200 check 
5555 2000 8000 0 fold 
2222 1604 8000 0 fold 
total pot: 450 
/inquire 
send inquire msg to player 5555 
inquire/ 
2222 1604 8000 0 fold 
7777 2000 8000 0 fold 
3333 2000 8000 0 fold 
6666 1304 8000 200 check 
1111 1850 8000 50 fold 
4444 1704 8000 0 fold 
8888 3088 8000 200 check 
5555 2000 8000 0 fold 
total pot: 450 
/inquire 
send inquire msg to player 8888 
inquire/ 
5555 2000 8000 0 fold 
2222 1604 8000 0 fold 
7777 2000 8000 0 fold 
3333 2000 8000 0 fold 
6666 1304 8000 200 check 
1111 1850 8000 50 fold 
4444 1704 8000 0 fold 
8888 3088 8000 200 check 
total pot: 450 
/inquire 
recv from player 8888: check 

river/ 
DIAMONDS 7 
/river 

---river round bet---
valid player: 8, all in player: 0, fold player: 6
send inquire msg to player 1111 
inquire/ 
4444 1704 8000 0 fold 
8888 3088 8000 200 check 
5555 2000 8000 0 fold 
2222 1604 8000 0 fold 
7777 2000 8000 0 fold 
3333 2000 8000 0 fold 
6666 1304 8000 200 check 
1111 1850 8000 50 fold 
total pot: 450 
/inquire 
send inquire msg to player 6666 
inquire/ 
1111 1850 8000 50 fold 
4444 1704 8000 0 fold 
8888 3088 8000 200 check 
5555 2000 8000 0 fold 
2222 1604 8000 0 fold 
7777 2000 8000 0 fold 
3333 2000 8000 0 fold 
6666 1304 8000 200 check 
total pot: 450 
/inquire 
recv from player 6666: check 

send inquire msg to player 3333 
inquire/ 
6666 1304 8000 200 check 
1111 1850 8000 50 fold 
4444 1704 8000 0 fold 
8888 3088 8000 200 check 
5555 2000 8000 0 fold 
2222 1604 8000 0 fold 
7777 2000 8000 0 fold 
3333 2000 8000 0 fold 
total pot: 450 
/inquire 
send inquire msg to player 7777 
inquire/ 
3333 2000 8000 0 fold 
6666 1304 8000 200 check 
1111 1850 8000 50 fold 
4444 1704 8000 0 fold 
8888 3088 8000 200 check 
5555 2000 8000 0 fold 
2222 1604 8000 0 fold 
7777 2000 8000 0 fold 
total pot: 450 
/inquire 
send inquire msg to player 2222 
inquire/ 
7777 2000 8000 0 fold 
3333 2000 8000 0 fold 
6666 1304 8000 200 check 
1111 1850 8000 50 fold 
4444 1704 8000 0 fold 
8888 3088 8000 200 check 
5555 2000 8000 0 fold 
2222 1604 8000 0 fold 
total pot: 450 
/inquire 
send inquire msg to player 5555 
inquire/ 
2222 1604 8000 0 fold 
7777 2000 8000 0 fold 
3333 2000 8000 0 fold 
6666 1304 8000 200 check 
1111 1850 8000 50 fold 
4444 1704 8000 0 fold 
8888 3088 8000 200 check 
5555 2000 8000 0 fold 
total pot: 450 
/inquire 
send inquire msg to player 8888 
inquire/ 
5555 2000 8000 0 fold 
2222 1604 8000 0 fold 
7777 2000 8000 0 fold 
3333 2000 8000 0 fold 
6666 1304 8000 200 check 
1111 1850 8000 50 fold 
4444 1704 8000 0 fold 
8888 3088 8000 200 check 
total pot: 450 
/inquire 
recv from player 8888: check 


---show down---
showdown/ 
common/ 
DIAMONDS 4 
SPADES J 
CLUBS 9 
HEARTS A 
DIAMONDS 7 
/common 
2: 6666 CLUBS Q SPADES A ONE_PAIR 
1: 8888 SPADES 4 HEARTS 7 TWO_PAIR 
/showdown 

---Allocate pot---
pot-win/ 
8888: 450 
/pot-win 
it is player 1111's turn to be button

-----3 Hand-----

----- clean player data in socket -----
seat/ 
button: 1111 1850 8000 
small blind: 6666 1304 8000 
big blind: 3333 2000 8000 
7777 2000 8000 
2222 1604 8000 
5555 2000 8000 
8888 3538 8000 
4444 1704 8000 
/seat 
blind/ 
6666: 50 
3333: 100 
/blind 
player 6666:hold/ 
DIAMONDS 3 
SPADES 7 
/hold 
player 3333:hold/ 
CLUBS Q 
DIAMONDS 8 
/hold 
player 7777:hold/ 
SPADES 5 
CLUBS 6 
/hold 
player 2222:hold/ 
SPADES 2 
HEARTS 2 
/hold 
player 5555:hold/ 
CLUBS 2 
HEARTS 4 
/hold 
player 8888:hold/ 
HEARTS 9 
HEARTS K 
/hold 
player 4444:hold/ 
DIAMONDS 7 
HEARTS Q 
/hold 
player 1111:hold/ 
DIAMONDS 6 
SPADES 6 
/hold 

---pre flop round bet---
valid player: 8, all in player: 0, fold player: 0
send inquire msg to player 7777 
inquire/ 
3333 1900 8000 100 blind 
6666 1254 8000 50 blind 
total pot: 150 
/inquire 
recv from player 7777: fold 

send inquire msg to player 2222 
inquire/ 
7777 2000 8000 0 fold 
3333 1900 8000 100 blind 
6666 1254 8000 50 blind 
total pot: 150 
/inquire 
recv from player 2222: raise 110 

send inquire msg to player 5555 
inquire/ 
2222 1394 8000 210 raise 
7777 2000 8000 0 fold 
3333 1900 8000 100 blind 
6666 1254 8000 50 blind 
total pot: 360 
/inquire 
recv from player 5555: fold 

send inquire msg to player 8888 
inquire/ 
5555 2000 8000 0 fold 
2222 1394 8000 210 raise 
7777 2000 8000 0 fold 
3333 1900 8000 100 blind 
6666 1254 8000 50 blind 
total pot: 360 
/inquire 
recv from player 8888: check 

send inquire msg to player 4444 
inquire/ 
8888 3328 8000 210 call 
5555 2000 8000 0 fold 
2222 1394 8000 210 raise 
7777 2000 8000 0 fold 
3333 1900 8000 100 blind 
6666 1254 8000 50 blind 
total pot: 570 
/inquire 
recv from player 4444: fold 

send inquire msg to player 1111 
inquire/ 
4444 1704 8000 0 fold 
8888 3328 8000 210 call 
5555 2000 8000 0 fold 
2222 1394 8000 210 raise 
7777 2000 8000 0 fold 
3333 1900 8000 100 blind 
6666 1254 8000 50 blind 
total pot: 570 
/inquire 
recv from player 1111: fold 

send inquire msg to player 6666 
inquire/ 
1111 1850 8000 0 fold 
4444 1704 8000 0 fold 
8888 3328 8000 210 call 
5555 2000 8000 0 fold 
2222 1394 8000 210 raise 
7777 2000 8000 0 fold 
3333 1900 8000 100 blind 
6666 1254 8000 50 blind 
total pot: 570 
/inquire 
recv from player 6666: raise 0 

send inquire msg to player 3333 
inquire/ 
6666 984 8000 320 raise 
1111 1850 8000 0 fold 
4444 1704 8000 0 fold 
8888 3328 8000 210 call 
5555 2000 8000 0 fold 
2222 1394 8000 210 raise 
7777 2000 8000 0 fold 
3333 1900 8000 100 blind 
total pot: 840 
/inquire 
recv from player 3333: raise 300 

send inquire msg to player 7777 
inquire/ 
3333 1380 8000 620 raise 
6666 984 8000 320 raise 
1111 1850 8000 0 fold 
4444 1704 8000 0 fold 
8888 3328 8000 210 call 
5555 2000 8000 0 fold 
2222 1394 8000 210 raise 
7777 2000 8000 0 fold 
total pot: 1360 
/inquire 
send inquire msg to player 2222 
inquire/ 
7777 2000 8000 0 fold 
3333 1380 8000 620 raise 
6666 984 8000 320 raise 
1111 1850 8000 0 fold 
4444 1704 8000 0 fold 
8888 3328 8000 210 call 
5555 2000 8000 0 fold 
2222 1394 8000 210 raise 
total pot: 1360 
/inquire 
recv from player 2222: fold 

send inquire msg to player 5555 
inquire/ 
2222 1394 8000 210 fold 
7777 2000 8000 0 fold 
3333 1380 8000 620 raise 
6666 984 8000 320 raise 
1111 1850 8000 0 fold 
4444 1704 8000 0 fold 
8888 3328 8000 210 call 
5555 2000 8000 0 fold 
total pot: 1360 
/inquire 
send inquire msg to player 8888 
inquire/ 
5555 2000 8000 0 fold 
2222 1394 8000 210 fold 
7777 2000 8000 0 fold 
3333 1380 8000 620 raise 
6666 984 8000 320 raise 
1111 1850 8000 0 fold 
4444 1704 8000 0 fold 
8888 3328 8000 210 call 
total pot: 1360 
/inquire 
recv from player 8888: check 

send inquire msg to player 4444 
inquire/ 
8888 2918 8000 620 call 
5555 2000 8000 0 fold 
2222 1394 8000 210 fold 
7777 2000 8000 0 fold 
3333 1380 8000 620 raise 
6666 984 8000 320 raise 
1111 1850 8000 0 fold 
4444 1704 8000 0 fold 
total pot: 1770 
/inquire 
send inquire msg to player 1111 
inquire/ 
4444 1704 8000 0 fold 
8888 2918 8000 620 call 
5555 2000 8000 0 fold 
2222 1394 8000 210 fold 
7777 2000 8000 0 fold 
3333 1380 8000 620 raise 
6666 984 8000 320 raise 
1111 1850 8000 0 fold 
total pot: 1770 
/inquire 
send inquire msg to player 6666 
inquire/ 
1111 1850 8000 0 fold 
4444 1704 8000 0 fold 
8888 2918 8000 620 call 
5555 2000 8000 0 fold 
2222 1394 8000 210 fold 
7777 2000 8000 0 fold 
3333 1380 8000 620 raise 
6666 984 8000 320 raise 
total pot: 1770 
/inquire 
recv from player 6666: raise 0 

send inquire msg to player 3333 
inquire/ 
6666 384 8000 920 raise 
1111 1850 8000 0 fold 
4444 1704 8000 0 fold 
8888 2918 8000 620 call 
5555 2000 8000 0 fold 
2222 1394 8000 210 fold 
7777 2000 8000 0 fold 
3333 1380 8000 620 raise 
total pot: 2370 
/inquire 
recv from player 3333: raise 600 

send inquire msg to player 7777 
inquire/ 
3333 480 8000 1520 raise 
6666 384 8000 920 raise 
1111 1850 8000 0 fold 
4444 1704 8000 0 fold 
8888 2918 8000 620 call 
5555 2000 8000 0 fold 
2222 1394 8000 210 fold 
7777 2000 8000 0 fold 
total pot: 3270 
/inquire 
send inquire msg to player 2222 
inquire/ 
7777 2000 8000 0 fold 
3333 480 8000 1520 raise 
6666 384 8000 920 raise 
1111 1850 8000 0 fold 
4444 1704 8000 0 fold 
8888 2918 8000 620 call 
5555 2000 8000 0 fold 
2222 1394 8000 210 fold 
total pot: 3270 
/inquire 
send inquire msg to player 5555 
inquire/ 
2222 1394 8000 210 fold 
7777 2000 8000 0 fold 
3333 480 8000 1520 raise 
6666 384 8000 920 raise 
1111 1850 8000 0 fold 
4444 1704 8000 0 fold 
8888 2918 8000 620 call 
5555 2000 8000 0 fold 
total pot: 3270 
/inquire 
send inquire msg to player 8888 
inquire/ 
5555 2000 8000 0 fold 
2222 1394 8000 210 fold 
7777 2000 8000 0 fold 
3333 480 8000 1520 raise 
6666 384 8000 920 raise 
1111 1850 8000 0 fold 
4444 1704 8000 0 fold 
8888 2918 8000 620 call 
total pot: 3270 
/inquire 
recv from player 8888: check 

send inquire msg to player 4444 
inquire/ 
8888 2018 8000 1520 call 
5555 2000 8000 0 fold 
2222 1394 8000 210 fold 
7777 2000 8000 0 fold 
3333 480 8000 1520 raise 
6666 384 8000 920 raise 
1111 1850 8000 0 fold 
4444 1704 8000 0 fold 
total pot: 4170 
/inquire 
send inquire msg to player 1111 
inquire/ 
4444 1704 8000 0 fold 
8888 2018 8000 1520 call 
5555 2000 8000 0 fold 
2222 1394 8000 210 fold 
7777 2000 8000 0 fold 
3333 480 8000 1520 raise 
6666 384 8000 920 raise 
1111 1850 8000 0 fold 
total pot: 4170 
/inquire 
send inquire msg to player 6666 
inquire/ 
1111 1850 8000 0 fold 
4444 1704 8000 0 fold 
8888 2018 8000 1520 call 
5555 2000 8000 0 fold 
2222 1394 8000 210 fold 
7777 2000 8000 0 fold 
3333 480 8000 1520 raise 
6666 384 8000 920 raise 
total pot: 4170 
/inquire 
recv from player 6666: raise 0 

flop/ 
SPADES 9 
DIAMONDS 4 
HEARTS 7 
/flop 

---flop round bet---
valid player: 8, all in player: 1, fold player: 5
send inquire msg to player 6666 
inquire/ 
1111 1850 8000 0 fold 
4444 1704 8000 0 fold 
8888 2018 8000 1520 call 
5555 2000 8000 0 fold 
2222 1394 8000 210 fold 
7777 2000 8000 0 fold 
3333 480 8000 1520 raise 
6666 0 8000 1304 all_in 
total pot: 4554 
/inquire 
send inquire msg to player 3333 
inquire/ 
6666 0 8000 1304 all_in 
1111 1850 8000 0 fold 
4444 1704 8000 0 fold 
8888 2018 8000 1520 call 
5555 2000 8000 0 fold 
2222 1394 8000 210 fold 
7777 2000 8000 0 fold 
3333 480 8000 1520 raise 
total pot: 4554 
/inquire 
recv from player 3333: check 

send inquire msg to player 7777 
inquire/ 
3333 480 8000 1520 check 
6666 0 8000 1304 all_in 
1111 1850 8000 0 fold 
4444 1704 8000 0 fold 
8888 2018 8000 1520 call 
5555 2000 8000 0 fold 
2222 1394 8000 210 fold 
7777 2000 8000 0 fold 
total pot: 4554 
/inquire 
send inquire msg to player 2222 
inquire/ 
7777 2000 8000 0 fold 
3333 480 8000 1520 check 
6666 0 8000 1304 all_in 
1111 1850 8000 0 fold 
4444 1704 8000 0 fold 
8888 2018 8000 1520 call 
5555 2000 8000 0 fold 
2222 1394 8000 210 fold 
total pot: 4554 
/inquire 
send inquire msg to player 5555 
inquire/ 
2222 1394 8000 210 fold 
7777 2000 8000 0 fold 
3333 480 8000 1520 check 
6666 0 8000 1304 all_in 
1111 1850 8000 0 fold 
4444 1704 8000 0 fold 
8888 2018 8000 1520 call 
5555 2000 8000 0 fold 
total pot: 4554 
/inquire 
send inquire msg to player 8888 
inquire/ 
5555 2000 8000 0 fold 
2222 1394 8000 210 fold 
7777 2000 8000 0 fold 
3333 480 8000 1520 check 
6666 0 8000 1304 all_in 
1111 1850 8000 0 fold 
4444 1704 8000 0 fold 
8888 2018 8000 1520 call 
total pot: 4554 
/inquire 
recv from player 8888: check 

turn/ 
HEARTS A 
/turn 

---turn round bet---
valid player: 8, all in player: 1, fold player: 5
send inquire msg to player 6666 
inquire/ 
1111 1850 8000 0 fold 
4444 1704 8000 0 fold 
8888 2018 8000 1520 check 
5555 2000 8000 0 fold 
2222 1394 8000 210 fold 
7777 2000 8000 0 fold 
3333 480 8000 1520 check 
6666 0 8000 1304 all_in 
total pot: 4554 
/inquire 
send inquire msg to player 3333 
inquire/ 
6666 0 8000 1304 all_in 
1111 1850 8000 0 fold 
4444 1704 8000 0 fold 
8888 2018 8000 1520 check 
5555 2000 8000 0 fold 
2222 1394 8000 210 fold 
7777 2000 8000 0 fold 
3333 480 8000 1520 check 
total pot: 4554 
/inquire 
recv from player 3333: check 

send inquire msg to player 7777 
inquire/ 
3333 480 8000 1520 check 
6666 0 8000 1304 all_in 
1111 1850 8000 0 fold 
4444 1704 8000 0 fold 
8888 2018 8000 1520 check 
5555 2000 8000 0 fold 
2222 1394 8000 210 fold 
7777 2000 8000 0 fold 
total pot: 4554 
/inquire 
send inquire msg to player 2222 
inquire/ 
7777 2000 8000 0 fold 
3333 480 8000 1520 check 
6666 0 8000 1304 all_in 
1111 1850 8000 0 fold 
4444 1704 8000 0 fold 
8888 2018 8000 1520 check 
5555 2000 8000 0 fold 
2222 1394 8000 210 fold 
total pot: 4554 
/inquire 
send inquire msg to player 5555 
inquire/ 
2222 1394 8000 210 fold 
7777 2000 8000 0 fold 
3333 480 8000 1520 check 
6666 0 8000 1304 all_in 
1111 1850 8000 0 fold 
4444 1704 8000 0 fold 
8888 2018 8000 1520 check 
5555 2000 8000 0 fold 
total pot: 4554 
/inquire 
send inquire msg to player 8888 
inquire/ 
5555 2000 8000 0 fold 
2222 1394 8000 210 fold 
7777 2000 8000 0 fold 
3333 480 8000 1520 check 
6666 0 8000 1304 all_in 
1111 1850 8000 0 fold 
4444 1704 8000 0 fold 
8888 2018 8000 1520 check 
total pot: 4554 
/inquire 
recv from player 8888: check 

river/ 
DIAMONDS 10 
/river 

---river round bet---
valid player: 8, all in player: 1, fold player: 5
send inquire msg to player 6666 
inquire/ 
1111 1850 8000 0 fold 
4444 1704 8000 0 fold 
8888 2018 8000 1520 check 
5555 2000 8000 0 fold 
2222 1394 8000 210 fold 
7777 2000 8000 0 fold 
3333 480 8000 1520 check 
6666 0 8000 1304 all_in 
total pot: 4554 
/inquire 
send inquire msg to player 3333 
inquire/ 
6666 0 8000 1304 all_in 
1111 1850 8000 0 fold 
4444 1704 8000 0 fold 
8888 2018 8000 1520 check 
5555 2000 8000 0 fold 
2222 1394 8000 210 fold 
7777 2000 8000 0 fold 
3333 480 8000 1520 check 
total pot: 4554 
/inquire 
recv from player 3333: check 

send inquire msg to player 7777 
inquire/ 
3333 480 8000 1520 check 
6666 0 8000 1304 all_in 
1111 1850 8000 0 fold 
4444 1704 8000 0 fold 
8888 2018 8000 1520 check 
5555 2000 8000 0 fold 
2222 1394 8000 210 fold 
7777 2000 8000 0 fold 
total pot: 4554 
/inquire 
send inquire msg to player 2222 
inquire/ 
7777 2000 8000 0 fold 
3333 480 8000 1520 check 
6666 0 8000 1304 all_in 
1111 1850 8000 0 fold 
4444 1704 8000 0 fold 
8888 2018 8000 1520 check 
5555 2000 8000 0 fold 
2222 1394 8000 210 fold 
total pot: 4554 
/inquire 
send inquire msg to player 5555 
inquire/ 
2222 1394 8000 210 fold 
7777 2000 8000 0 fold 
3333 480 8000 1520 check 
6666 0 8000 1304 all_in 
1111 1850 8000 0 fold 
4444 1704 8000 0 fold 
8888 2018 8000 1520 check 
5555 2000 8000 0 fold 
total pot: 4554 
/inquire 
send inquire msg to player 8888 
inquire/ 
5555 2000 8000 0 fold 
2222 1394 8000 210 fold 
7777 2000 8000 0 fold 
3333 480 8000 1520 check 
6666 0 8000 1304 all_in 
1111 1850 8000 0 fold 
4444 1704 8000 0 fold 
8888 2018 8000 1520 check 
total pot: 4554 
/inquire 
recv from player 8888: check 


---show down---
showdown/ 
common/ 
SPADES 9 
DIAMONDS 4 
HEARTS 7 
HEARTS A 
DIAMONDS 10 
/common 
2: 6666 DIAMONDS 3 SPADES 7 ONE_PAIR 
3: 3333 CLUBS Q DIAMONDS 8 HIGH_CARD 
1: 8888 HEARTS 9 HEARTS K ONE_PAIR 
/showdown 

---Allocate pot---
pot-win/ 
8888: 4554 
/pot-win 
it is player 6666's turn to be button

-----4 Hand-----

----- clean player data in socket -----
seat/ 
button: 6666 2000 6000 
small blind: 3333 480 8000 
big blind: 7777 2000 8000 
2222 1394 8000 
5555 2000 8000 
8888 6572 8000 
4444 1704 8000 
1111 1850 8000 
/seat 
blind/ 
3333: 50 
7777: 100 
/blind 
player 3333:hold/ 
HEARTS K 
DIAMONDS K 
/hold 
player 7777:hold/ 
DIAMONDS 8 
DIAMONDS A 
/hold 
player 2222:hold/ 
SPADES 10 
CLUBS 4 
/hold 
player 5555:hold/ 
CLUBS 9 
CLUBS K 
/hold 
player 8888:hold/ 
SPADES J 
HEARTS Q 
/hold 
player 4444:hold/ 
CLUBS 7 
HEARTS J 
/hold 
player 1111:hold/ 
SPADES Q 
DIAMONDS 3 
/hold 
player 6666:hold/ 
HEARTS 5 
CLUBS J 
/hold 

---pre flop round bet---
valid player: 8, all in player: 0, fold player: 0
send inquire msg to player 2222 
inquire/ 
7777 1900 8000 100 blind 
3333 430 8000 50 blind 
total pot: 150 
/inquire 
recv from player 2222: check 

send inquire msg to player 5555 
inquire/ 
2222 1294 8000 100 call 
7777 1900 8000 100 blind 
3333 430 8000 50 blind 
total pot: 250 
/inquire 
recv from player 5555: check 

send inquire msg to player 8888 
inquire/ 
5555 1900 8000 100 call 
2222 1294 8000 100 call 
7777 1900 8000 100 blind 
3333 430 8000 50 blind 
total pot: 350 
/inquire 
recv from player 8888: check 

send inquire msg to player 4444 
inquire/ 
8888 6472 8000 100 call 
5555 1900 8000 100 call 
2222 1294 8000 100 call 
7777 1900 8000 100 blind 
3333 430 8000 50 blind 
total pot: 450 
/inquire 
recv from player 4444: check 

send inquire msg to player 1111 
inquire/ 
4444 1604 8000 100 call 
8888 6472 8000 100 call 
5555 1900 8000 100 call 
2222 1294 8000 100 call 
7777 1900 8000 100 blind 
3333 430 8000 50 blind 
total pot: 550 
/inquire 
recv from player 1111: check 

send inquire msg to player 6666 
inquire/ 
1111 1750 8000 100 call 
4444 1604 8000 100 call 
8888 6472 8000 100 call 
5555 1900 8000 100 call 
2222 1294 8000 100 call 
7777 1900 8000 100 blind 
3333 430 8000 50 blind 
total pot: 650 
/inquire 
recv from player 6666: raise 0 

send inquire msg to player 3333 
inquire/ 
6666 1800 6000 200 raise 
1111 1750 8000 100 call 
4444 1604 8000 100 call 
8888 6472 8000 100 call 
5555 1900 8000 100 call 
2222 1294 8000 100 call 
7777 1900 8000 100 blind 
3333 430 8000 50 blind 
total pot: 850 
/inquire 
recv from player 3333: all_in 

send inquire msg to player 7777 
inquire/ 
3333 0 8000 480 all_in 
6666 1800 6000 200 raise 
1111 1750 8000 100 call 
4444 1604 8000 100 call 
8888 6472 8000 100 call 
5555 1900 8000 100 call 
2222 1294 8000 100 call 
7777 1900 8000 100 blind 
total pot: 1280 
/inquire 
recv from player 7777: fold 

send inquire msg to player 2222 
inquire/ 
7777 1900 8000 100 fold 
3333 0 8000 480 all_in 
6666 1800 6000 200 raise 
1111 1750 8000 100 call 
4444 1604 8000 100 call 
8888 6472 8000 100 call 
5555 1900 8000 100 call 
2222 1294 8000 100 call 
total pot: 1280 
/inquire 
recv from player 2222: fold 

send inquire msg to player 5555 
inquire/ 
2222 1294 8000 100 fold 
7777 1900 8000 100 fold 
3333 0 8000 480 all_in 
6666 1800 6000 200 raise 
1111 1750 8000 100 call 
4444 1604 8000 100 call 
8888 6472 8000 100 call 
5555 1900 8000 100 call 
total pot: 1280 
/inquire 
recv from player 5555: fold 

send inquire msg to player 8888 
inquire/ 
5555 1900 8000 100 fold 
2222 1294 8000 100 fold 
7777 1900 8000 100 fold 
3333 0 8000 480 all_in 
6666 1800 6000 200 raise 
1111 1750 8000 100 call 
4444 1604 8000 100 call 
8888 6472 8000 100 call 
total pot: 1280 
/inquire 
recv from player 8888: check 

send inquire msg to player 4444 
inquire/ 
8888 6092 8000 480 call 
5555 1900 8000 100 fold 
2222 1294 8000 100 fold 
7777 1900 8000 100 fold 
3333 0 8000 480 all_in 
6666 1800 6000 200 raise 
1111 1750 8000 100 call 
4444 1604 8000 100 call 
total pot: 1660 
/inquire 
recv from player 4444: fold 

send inquire msg to player 1111 
inquire/ 
4444 1604 8000 100 fold 
8888 6092 8000 480 call 
5555 1900 8000 100 fold 
2222 1294 8000 100 fold 
7777 1900 8000 100 fold 
3333 0 8000 480 all_in 
6666 1800 6000 200 raise 
1111 1750 8000 100 call 
total pot: 1660 
/inquire 
recv from player 1111: fold 

send inquire msg to player 6666 
inquire/ 
1111 1750 8000 100 fold 
4444 1604 8000 100 fold 
8888 6092 8000 480 call 
5555 1900 8000 100 fold 
2222 1294 8000 100 fold 
7777 1900 8000 100 fold 
3333 0 8000 480 all_in 
6666 1800 6000 200 raise 
total pot: 1660 
/inquire 
recv from player 6666: check 

flop/ 
CLUBS 8 
DIAMONDS 7 
DIAMONDS J 
/flop 

---flop round bet---
valid player: 8, all in player: 1, fold player: 5
send inquire msg to player 3333 
inquire/ 
6666 1520 6000 480 call 
1111 1750 8000 100 fold 
4444 1604 8000 100 fold 
8888 6092 8000 480 call 
5555 1900 8000 100 fold 
2222 1294 8000 100 fold 
7777 1900 8000 100 fold 
3333 0 8000 480 all_in 
total pot: 1940 
/inquire 
send inquire msg to player 7777 
inquire/ 
3333 0 8000 480 all_in 
6666 1520 6000 480 call 
1111 1750 8000 100 fold 
4444 1604 8000 100 fold 
8888 6092 8000 480 call 
5555 1900 8000 100 fold 
2222 1294 8000 100 fold 
7777 1900 8000 100 fold 
total pot: 1940 
/inquire 
send inquire msg to player 2222 
inquire/ 
7777 1900 8000 100 fold 
3333 0 8000 480 all_in 
6666 1520 6000 480 call 
1111 1750 8000 100 fold 
4444 1604 8000 100 fold 
8888 6092 8000 480 call 
5555 1900 8000 100 fold 
2222 1294 8000 100 fold 
total pot: 1940 
/inquire 
send inquire msg to player 5555 
inquire/ 
2222 1294 8000 100 fold 
7777 1900 8000 100 fold 
3333 0 8000 480 all_in 
6666 1520 6000 480 call 
1111 1750 8000 100 fold 
4444 1604 8000 100 fold 
8888 6092 8000 480 call 
5555 1900 8000 100 fold 
total pot: 1940 
/inquire 
send inquire msg to player 8888 
inquire/ 
5555 1900 8000 100 fold 
2222 1294 8000 100 fold 
7777 1900 8000 100 fold 
3333 0 8000 480 all_in 
6666 1520 6000 480 call 
1111 1750 8000 100 fold 
4444 1604 8000 100 fold 
8888 6092 8000 480 call 
total pot: 1940 
/inquire 
recv from player 8888: check 

send inquire msg to player 4444 
inquire/ 
8888 6092 8000 480 check 
5555 1900 8000 100 fold 
2222 1294 8000 100 fold 
7777 1900 8000 100 fold 
3333 0 8000 480 all_in 
6666 1520 6000 480 call 
1111 1750 8000 100 fold 
4444 1604 8000 100 fold 
total pot: 1940 
/inquire 
send inquire msg to player 1111 
inquire/ 
4444 1604 8000 100 fold 
8888 6092 8000 480 check 
5555 1900 8000 100 fold 
2222 1294 8000 100 fold 
7777 1900 8000 100 fold 
3333 0 8000 480 all_in 
6666 1520 6000 480 call 
1111 1750 8000 100 fold 
total pot: 1940 
/inquire 
send inquire msg to player 6666 
inquire/ 
1111 1750 8000 100 fold 
4444 1604 8000 100 fold 
8888 6092 8000 480 check 
5555 1900 8000 100 fold 
2222 1294 8000 100 fold 
7777 1900 8000 100 fold 
3333 0 8000 480 all_in 
6666 1520 6000 480 call 
total pot: 1940 
/inquire 
recv from player 6666: raise 0 

send inquire msg to player 3333 
inquire/ 
6666 1420 6000 580 raise 
1111 1750 8000 100 fold 
4444 1604 8000 100 fold 
8888 6092 8000 480 check 
