

---GAME START @ 2015-5-12-9-54-58---
reg: 1111 randombot 
reg: 6666 callbot 
reg: 7777 cleverbot 
reg: 3333 randombot 
reg: 8888 callbot 
reg: 2222 randombot 
reg: 5555 raisecallbot 
reg: 4444 simplebot 

-----1 Hand-----
seat/ 
button: 3333 2000 8000 
small blind: 4444 2000 8000 
big blind: 8888 2000 8000 
6666 2000 8000 
7777 2000 8000 
1111 2000 8000 
5555 2000 8000 
2222 2000 8000 
/seat 
blind/ 
4444: 50 
8888: 100 
/blind 
player 4444:hold/ 
CLUBS 9 
CLUBS A 
/hold 
player 8888:hold/ 
DIAMONDS 8 
SPADES 6 
/hold 
player 6666:hold/ 
HEARTS Q 
CLUBS 7 
/hold 
player 7777:hold/ 
DIAMONDS Q 
SPADES J 
/hold 
player 1111:hold/ 
SPADES 10 
DIAMONDS J 
/hold 
player 5555:hold/ 
HEARTS A 
DIAMONDS 5 
/hold 
player 2222:hold/ 
SPADES 8 
CLUBS 10 
/hold 
player 3333:hold/ 
HEARTS 2 
HEARTS 4 
/hold 

---pre flop round bet---
valid player: 8, all in player: 0, fold player: 0
send inquire msg to player 6666 
inquire/ 
8888 1900 8000 100 blind 
4444 1950 8000 50 blind 
total pot: 150 
/inquire 
recv from player 6666: check
send inquire msg to player 7777 
inquire/ 
6666 1900 8000 100 call 
8888 1900 8000 100 blind 
4444 1950 8000 50 blind 
total pot: 250 
/inquire 
recv from player 7777: check
send inquire msg to player 1111 
inquire/ 
7777 1900 8000 100 call 
6666 1900 8000 100 call 
8888 1900 8000 100 blind 
4444 1950 8000 50 blind 
total pot: 350 
/inquire 
recv from player 1111: check
send inquire msg to player 5555 
inquire/ 
1111 1900 8000 100 call 
7777 1900 8000 100 call 
6666 1900 8000 100 call 
8888 1900 8000 100 blind 
4444 1950 8000 50 blind 
total pot: 450 
/inquire 
recv from player 5555: raise 0
send inquire msg to player 2222 
inquire/ 
5555 1800 8000 200 raise 
1111 1900 8000 100 call 
7777 1900 8000 100 call 
6666 1900 8000 100 call 
8888 1900 8000 100 blind 
4444 1950 8000 50 blind 
total pot: 650 
/inquire 
recv from player 2222: fold
send inquire msg to player 3333 
inquire/ 
2222 2000 8000 0 fold 
5555 1800 8000 200 raise 
1111 1900 8000 100 call 
7777 1900 8000 100 call 
6666 1900 8000 100 call 
8888 1900 8000 100 blind 
4444 1950 8000 50 blind 
total pot: 650 
/inquire 
recv from player 3333: check
send inquire msg to player 4444 
inquire/ 
3333 1800 8000 200 call 
2222 2000 8000 0 fold 
5555 1800 8000 200 raise 
1111 1900 8000 100 call 
7777 1900 8000 100 call 
6666 1900 8000 100 call 
8888 1900 8000 100 blind 
4444 1950 8000 50 blind 
total pot: 850 
/inquire 
recv from player 4444: raise 167
send inquire msg to player 8888 
inquire/ 
4444 1633 8000 367 raise 
3333 1800 8000 200 call 
2222 2000 8000 0 fold 
5555 1800 8000 200 raise 
1111 1900 8000 100 call 
7777 1900 8000 100 call 
6666 1900 8000 100 call 
8888 1900 8000 100 blind 
total pot: 1167 
/inquire 
recv from player 8888: check
send inquire msg to player 6666 
inquire/ 
8888 1633 8000 367 call 
4444 1633 8000 367 raise 
3333 1800 8000 200 call 
2222 2000 8000 0 fold 
5555 1800 8000 200 raise 
1111 1900 8000 100 call 
7777 1900 8000 100 call 
6666 1900 8000 100 call 
total pot: 1434 
/inquire 
recv from player 6666: check
send inquire msg to player 7777 
inquire/ 
6666 1633 8000 367 call 
8888 1633 8000 367 call 
4444 1633 8000 367 raise 
3333 1800 8000 200 call 
2222 2000 8000 0 fold 
5555 1800 8000 200 raise 
1111 1900 8000 100 call 
7777 1900 8000 100 call 
total pot: 1701 
/inquire 
recv from player 7777: check
send inquire msg to player 1111 
inquire/ 
7777 1633 8000 367 call 
6666 1633 8000 367 call 
8888 1633 8000 367 call 
4444 1633 8000 367 raise 
3333 1800 8000 200 call 
2222 2000 8000 0 fold 
5555 1800 8000 200 raise 
1111 1900 8000 100 call 
total pot: 1968 
/inquire 
recv from player 1111: check
send inquire msg to player 5555 
inquire/ 
1111 1633 8000 367 call 
7777 1633 8000 367 call 
6666 1633 8000 367 call 
8888 1633 8000 367 call 
4444 1633 8000 367 raise 
3333 1800 8000 200 call 
2222 2000 8000 0 fold 
5555 1800 8000 200 raise 
total pot: 2235 
/inquire 
recv from player 5555: raise 0
send inquire msg to player 3333 
inquire/ 
2222 2000 8000 0 fold 
5555 1466 8000 534 raise 
1111 1633 8000 367 call 
7777 1633 8000 367 call 
6666 1633 8000 367 call 
8888 1633 8000 367 call 
4444 1633 8000 367 raise 
3333 1800 8000 200 call 
total pot: 2569 
/inquire 
recv from player 3333: fold
send inquire msg to player 4444 
inquire/ 
3333 1800 8000 200 fold 
2222 2000 8000 0 fold 
5555 1466 8000 534 raise 
1111 1633 8000 367 call 
7777 1633 8000 367 call 
6666 1633 8000 367 call 
8888 1633 8000 367 call 
4444 1633 8000 367 raise 
total pot: 2569 
/inquire 
recv from player 4444: check
send inquire msg to player 8888 
inquire/ 
4444 1466 8000 534 call 
3333 1800 8000 200 fold 
2222 2000 8000 0 fold 
5555 1466 8000 534 raise 
1111 1633 8000 367 call 
7777 1633 8000 367 call 
6666 1633 8000 367 call 
8888 1633 8000 367 call 
total pot: 2736 
/inquire 
recv from player 8888: check
send inquire msg to player 6666 
inquire/ 
8888 1466 8000 534 call 
4444 1466 8000 534 call 
3333 1800 8000 200 fold 
2222 2000 8000 0 fold 
5555 1466 8000 534 raise 
1111 1633 8000 367 call 
7777 1633 8000 367 call 
6666 1633 8000 367 call 
total pot: 2903 
/inquire 
recv from player 6666: check
send inquire msg to player 7777 
inquire/ 
6666 1466 8000 534 call 
8888 1466 8000 534 call 
4444 1466 8000 534 call 
3333 1800 8000 200 fold 
2222 2000 8000 0 fold 
5555 1466 8000 534 raise 
1111 1633 8000 367 call 
7777 1633 8000 367 call 
total pot: 3070 
/inquire 
recv from player 7777: check
send inquire msg to player 1111 
inquire/ 
7777 1466 8000 534 call 
6666 1466 8000 534 call 
8888 1466 8000 534 call 
4444 1466 8000 534 call 
3333 1800 8000 200 fold 
2222 2000 8000 0 fold 
5555 1466 8000 534 raise 
1111 1633 8000 367 call 
total pot: 3237 
/inquire 
recv from player 1111: fold
flop/ 
CLUBS 4 
DIAMONDS 6 
SPADES 4 
/flop 

---flop round bet---
valid player: 8, all in player: 0, fold player: 3
send inquire msg to player 4444 
inquire/ 
3333 1800 8000 200 fold 
2222 2000 8000 0 fold 
5555 1466 8000 534 raise 
1111 1633 8000 367 fold 
7777 1466 8000 534 call 
6666 1466 8000 534 call 
8888 1466 8000 534 call 
4444 1466 8000 534 call 
total pot: 3237 
/inquire 
recv from player 4444: check
send inquire msg to player 8888 
inquire/ 
4444 1466 8000 534 check 
3333 1800 8000 200 fold 
2222 2000 8000 0 fold 
5555 1466 8000 534 raise 
1111 1633 8000 367 fold 
7777 1466 8000 534 call 
6666 1466 8000 534 call 
8888 1466 8000 534 call 
total pot: 3237 
/inquire 
recv from player 8888: check
send inquire msg to player 6666 
inquire/ 
8888 1466 8000 534 check 
4444 1466 8000 534 check 
3333 1800 8000 200 fold 
2222 2000 8000 0 fold 
5555 1466 8000 534 raise 
1111 1633 8000 367 fold 
7777 1466 8000 534 call 
6666 1466 8000 534 call 
total pot: 3237 
/inquire 
recv from player 6666: check
send inquire msg to player 7777 
inquire/ 
6666 1466 8000 534 check 
8888 1466 8000 534 check 
4444 1466 8000 534 check 
3333 1800 8000 200 fold 
2222 2000 8000 0 fold 
5555 1466 8000 534 raise 
1111 1633 8000 367 fold 
7777 1466 8000 534 call 
total pot: 3237 
/inquire 
recv from player 7777: fold
send inquire msg to player 5555 
inquire/ 
1111 1633 8000 367 fold 
7777 1466 8000 534 fold 
6666 1466 8000 534 check 
8888 1466 8000 534 check 
4444 1466 8000 534 check 
3333 1800 8000 200 fold 
2222 2000 8000 0 fold 
5555 1466 8000 534 raise 
total pot: 3237 
/inquire 
recv from player 5555: check
turn/ 
SPADES 5 
/turn 

---turn round bet---
valid player: 8, all in player: 0, fold player: 4
send inquire msg to player 4444 
inquire/ 
3333 1800 8000 200 fold 
2222 2000 8000 0 fold 
5555 1466 8000 534 check 
1111 1633 8000 367 fold 
7777 1466 8000 534 fold 
6666 1466 8000 534 check 
8888 1466 8000 534 check 
4444 1466 8000 534 check 
total pot: 3237 
/inquire 
recv from player 4444: check
send inquire msg to player 8888 
inquire/ 
4444 1466 8000 534 check 
3333 1800 8000 200 fold 
2222 2000 8000 0 fold 
5555 1466 8000 534 check 
1111 1633 8000 367 fold 
7777 1466 8000 534 fold 
6666 1466 8000 534 check 
8888 1466 8000 534 check 
total pot: 3237 
/inquire 
recv from player 8888: check
send inquire msg to player 6666 
inquire/ 
8888 1466 8000 534 check 
4444 1466 8000 534 check 
3333 1800 8000 200 fold 
2222 2000 8000 0 fold 
5555 1466 8000 534 check 
1111 1633 8000 367 fold 
7777 1466 8000 534 fold 
6666 1466 8000 534 check 
total pot: 3237 
/inquire 
recv from player 6666: check
send inquire msg to player 5555 
inquire/ 
1111 1633 8000 367 fold 
7777 1466 8000 534 fold 
6666 1466 8000 534 check 
8888 1466 8000 534 check 
4444 1466 8000 534 check 
3333 1800 8000 200 fold 
2222 2000 8000 0 fold 
5555 1466 8000 534 check 
total pot: 3237 
/inquire 
recv from player 5555: raise 0
send inquire msg to player 4444 
inquire/ 
3333 1800 8000 200 fold 
2222 2000 8000 0 fold 
5555 1366 8000 634 raise 
1111 1633 8000 367 fold 
7777 1466 8000 534 fold 
6666 1466 8000 534 check 
8888 1466 8000 534 check 
4444 1466 8000 534 check 
total pot: 3337 
/inquire 
recv from player 4444: check
send inquire msg to player 8888 
inquire/ 
4444 1366 8000 634 call 
3333 1800 8000 200 fold 
2222 2000 8000 0 fold 
5555 1366 8000 634 raise 
1111 1633 8000 367 fold 
7777 1466 8000 534 fold 
6666 1466 8000 534 check 
8888 1466 8000 534 check 
total pot: 3437 
/inquire 
recv from player 8888: check
send inquire msg to player 6666 
inquire/ 
8888 1366 8000 634 call 
4444 1366 8000 634 call 
3333 1800 8000 200 fold 
2222 2000 8000 0 fold 
5555 1366 8000 634 raise 
1111 1633 8000 367 fold 
7777 1466 8000 534 fold 
6666 1466 8000 534 check 
total pot: 3537 
/inquire 
recv from player 6666: check
river/ 
SPADES A 
/river 

---river round bet---
valid player: 8, all in player: 0, fold player: 4
send inquire msg to player 4444 
inquire/ 
3333 1800 8000 200 fold 
2222 2000 8000 0 fold 
5555 1366 8000 634 raise 
1111 1633 8000 367 fold 
7777 1466 8000 534 fold 
6666 1366 8000 634 call 
8888 1366 8000 634 call 
4444 1366 8000 634 call 
total pot: 3637 
/inquire 
recv from player 4444: check
send inquire msg to player 8888 
inquire/ 
4444 1366 8000 634 check 
3333 1800 8000 200 fold 
2222 2000 8000 0 fold 
5555 1366 8000 634 raise 
1111 1633 8000 367 fold 
7777 1466 8000 534 fold 
6666 1366 8000 634 call 
8888 1366 8000 634 call 
total pot: 3637 
/inquire 
recv from player 8888: check
send inquire msg to player 6666 
inquire/ 
8888 1366 8000 634 check 
4444 1366 8000 634 check 
3333 1800 8000 200 fold 
2222 2000 8000 0 fold 
5555 1366 8000 634 raise 
1111 1633 8000 367 fold 
7777 1466 8000 534 fold 
6666 1366 8000 634 call 
total pot: 3637 
/inquire 
recv from player 6666: check
send inquire msg to player 5555 
inquire/ 
1111 1633 8000 367 fold 
7777 1466 8000 534 fold 
6666 1366 8000 634 check 
8888 1366 8000 634 check 
4444 1366 8000 634 check 
3333 1800 8000 200 fold 
2222 2000 8000 0 fold 
5555 1366 8000 634 raise 
total pot: 3637 
/inquire 
recv from player 5555: raise 0
send inquire msg to player 4444 
inquire/ 
3333 1800 8000 200 fold 
2222 2000 8000 0 fold 
5555 1266 8000 734 raise 
1111 1633 8000 367 fold 
7777 1466 8000 534 fold 
6666 1366 8000 634 check 
8888 1366 8000 634 check 
4444 1366 8000 634 check 
total pot: 3737 
/inquire 
recv from player 4444: check
send inquire msg to player 8888 
inquire/ 
4444 1266 8000 734 call 
3333 1800 8000 200 fold 
2222 2000 8000 0 fold 
5555 1266 8000 734 raise 
1111 1633 8000 367 fold 
7777 1466 8000 534 fold 
6666 1366 8000 634 check 
8888 1366 8000 634 check 
total pot: 3837 
/inquire 
recv from player 8888: check
send inquire msg to player 6666 
inquire/ 
8888 1266 8000 734 call 
4444 1266 8000 734 call 
3333 1800 8000 200 fold 
2222 2000 8000 0 fold 
5555 1266 8000 734 raise 
1111 1633 8000 367 fold 
7777 1466 8000 534 fold 
6666 1366 8000 634 check 
total pot: 3937 
/inquire 
recv from player 6666: check

---show down---
showdown/ 
common/ 
CLUBS 4 
DIAMONDS 6 
SPADES 4 
SPADES 5 
SPADES A 
/common 
2: 4444 CLUBS 9 CLUBS A TWO_PAIR 
3: 8888 DIAMONDS 8 SPADES 6 TWO_PAIR 
4: 6666 HEARTS Q CLUBS 7 ONE_PAIR 
1: 5555 HEARTS A DIAMONDS 5 TWO_PAIR 
/showdown 

---Allocate pot---
pot-win/ 
5555: 4037 
/pot-win 
it is player 4444's turn to be button

-----2 Hand-----
seat/ 
button: 4444 1266 8000 
small blind: 8888 1266 8000 
big blind: 6666 1266 8000 
7777 1466 8000 
1111 1633 8000 
5555 5303 8000 
2222 2000 8000 
3333 1800 8000 
/seat 
blind/ 
8888: 50 
6666: 100 
/blind 
player 8888:hold/ 
SPADES Q 
CLUBS J 
/hold 
player 6666:hold/ 
DIAMONDS 3 
DIAMONDS 10 
/hold 
player 7777:hold/ 
DIAMONDS 2 
HEARTS K 
/hold 
player 1111:hold/ 
CLUBS 3 
HEARTS A 
/hold 
player 5555:hold/ 
HEARTS 6 
HEARTS 7 
/hold 
player 2222:hold/ 
DIAMONDS 7 
SPADES 6 
/hold 
player 3333:hold/ 
DIAMONDS 9 
HEARTS 2 
/hold 
player 4444:hold/ 
DIAMONDS K 
HEARTS 5 
/hold 

---pre flop round bet---
valid player: 8, all in player: 0, fold player: 0
send inquire msg to player 7777 
inquire/ 
6666 1166 8000 100 blind 
8888 1216 8000 50 blind 
total pot: 150 
/inquire 
recv from player 7777: check
send inquire msg to player 1111 
inquire/ 
7777 1366 8000 100 call 
6666 1166 8000 100 blind 
8888 1216 8000 50 blind 
total pot: 250 
/inquire 
recv from player 1111: raise 0
send inquire msg to player 5555 
inquire/ 
1111 1433 8000 200 raise 
7777 1366 8000 100 call 
6666 1166 8000 100 blind 
8888 1216 8000 50 blind 
total pot: 450 
/inquire 
recv from player 5555: raise 0
send inquire msg to player 2222 
inquire/ 
5555 5003 8000 300 raise 
1111 1433 8000 200 raise 
7777 1366 8000 100 call 
6666 1166 8000 100 blind 
8888 1216 8000 50 blind 
total pot: 750 
/inquire 
recv from player 2222: raise 0
send inquire msg to player 3333 
inquire/ 
2222 1600 8000 400 raise 
5555 5003 8000 300 raise 
1111 1433 8000 200 raise 
7777 1366 8000 100 call 
6666 1166 8000 100 blind 
8888 1216 8000 50 blind 
total pot: 1150 
/inquire 
recv from player 3333: raise 0
send inquire msg to player 4444 
inquire/ 
3333 1300 8000 500 raise 
2222 1600 8000 400 raise 
5555 5003 8000 300 raise 
1111 1433 8000 200 raise 
7777 1366 8000 100 call 
6666 1166 8000 100 blind 
8888 1216 8000 50 blind 
total pot: 1650 
/inquire 
recv from player 4444: fold
send inquire msg to player 8888 
inquire/ 
4444 1266 8000 0 fold 
3333 1300 8000 500 raise 
2222 1600 8000 400 raise 
5555 5003 8000 300 raise 
1111 1433 8000 200 raise 
7777 1366 8000 100 call 
6666 1166 8000 100 blind 
8888 1216 8000 50 blind 
total pot: 1650 
/inquire 
recv from player 8888: check
send inquire msg to player 6666 
inquire/ 
8888 766 8000 500 call 
4444 1266 8000 0 fold 
3333 1300 8000 500 raise 
2222 1600 8000 400 raise 
5555 5003 8000 300 raise 
1111 1433 8000 200 raise 
7777 1366 8000 100 call 
6666 1166 8000 100 blind 
total pot: 2100 
/inquire 
recv from player 6666: check
send inquire msg to player 7777 
inquire/ 
6666 766 8000 500 call 
8888 766 8000 500 call 
4444 1266 8000 0 fold 
3333 1300 8000 500 raise 
2222 1600 8000 400 raise 
5555 5003 8000 300 raise 
1111 1433 8000 200 raise 
7777 1366 8000 100 call 
total pot: 2500 
/inquire 
recv from player 7777: check
send inquire msg to player 1111 
inquire/ 
7777 966 8000 500 call 
6666 766 8000 500 call 
8888 766 8000 500 call 
4444 1266 8000 0 fold 
3333 1300 8000 500 raise 
2222 1600 8000 400 raise 
5555 5003 8000 300 raise 
1111 1433 8000 200 raise 
total pot: 2900 
/inquire 
recv from player 1111: check
send inquire msg to player 5555 
inquire/ 
1111 1133 8000 500 call 
7777 966 8000 500 call 
6666 766 8000 500 call 
8888 766 8000 500 call 
4444 1266 8000 0 fold 
3333 1300 8000 500 raise 
2222 1600 8000 400 raise 
5555 5003 8000 300 raise 
total pot: 3200 
/inquire 
recv from player 5555: check
send inquire msg to player 2222 
inquire/ 
5555 4803 8000 500 call 
1111 1133 8000 500 call 
7777 966 8000 500 call 
6666 766 8000 500 call 
8888 766 8000 500 call 
4444 1266 8000 0 fold 
3333 1300 8000 500 raise 
2222 1600 8000 400 raise 
total pot: 3400 
/inquire 
recv from player 2222: check
flop/ 
CLUBS 2 
CLUBS K 
DIAMONDS 8 
/flop 

---flop round bet---
valid player: 8, all in player: 0, fold player: 1
send inquire msg to player 8888 
inquire/ 
4444 1266 8000 0 fold 
3333 1300 8000 500 raise 
2222 1500 8000 500 call 
5555 4803 8000 500 call 
1111 1133 8000 500 call 
7777 966 8000 500 call 
6666 766 8000 500 call 
8888 766 8000 500 call 
total pot: 3500 
/inquire 
recv from player 8888: check
send inquire msg to player 6666 
inquire/ 
8888 766 8000 500 check 
4444 1266 8000 0 fold 
3333 1300 8000 500 raise 
2222 1500 8000 500 call 
5555 4803 8000 500 call 
1111 1133 8000 500 call 
7777 966 8000 500 call 
6666 766 8000 500 call 
total pot: 3500 
/inquire 
recv from player 6666: check
send inquire msg to player 7777 
inquire/ 
6666 766 8000 500 check 
8888 766 8000 500 check 
4444 1266 8000 0 fold 
3333 1300 8000 500 raise 
2222 1500 8000 500 call 
5555 4803 8000 500 call 
1111 1133 8000 500 call 
7777 966 8000 500 call 
total pot: 3500 
/inquire 
recv from player 7777: fold
send inquire msg to player 1111 
inquire/ 
7777 966 8000 500 fold 
6666 766 8000 500 check 
8888 766 8000 500 check 
4444 1266 8000 0 fold 
3333 1300 8000 500 raise 
2222 1500 8000 500 call 
5555 4803 8000 500 call 
1111 1133 8000 500 call 
total pot: 3500 
/inquire 
recv from player 1111: raise 0
send inquire msg to player 5555 
inquire/ 
1111 1033 8000 600 raise 
7777 966 8000 500 fold 
6666 766 8000 500 check 
8888 766 8000 500 check 
4444 1266 8000 0 fold 
3333 1300 8000 500 raise 
2222 1500 8000 500 call 
5555 4803 8000 500 call 
total pot: 3600 
/inquire 
recv from player 5555: check
send inquire msg to player 2222 
inquire/ 
5555 4703 8000 600 call 
1111 1033 8000 600 raise 
7777 966 8000 500 fold 
6666 766 8000 500 check 
8888 766 8000 500 check 
4444 1266 8000 0 fold 
3333 1300 8000 500 raise 
2222 1500 8000 500 call 
total pot: 3700 
/inquire 
recv from player 2222: check
send inquire msg to player 3333 
inquire/ 
2222 1400 8000 600 call 
5555 4703 8000 600 call 
1111 1033 8000 600 raise 
7777 966 8000 500 fold 
6666 766 8000 500 check 
8888 766 8000 500 check 
4444 1266 8000 0 fold 
3333 1300 8000 500 raise 
total pot: 3800 
/inquire 
recv from player 3333: fold
send inquire msg to player 8888 
inquire/ 
4444 1266 8000 0 fold 
3333 1300 8000 500 fold 
2222 1400 8000 600 call 
5555 4703 8000 600 call 
1111 1033 8000 600 raise 
7777 966 8000 500 fold 
6666 766 8000 500 check 
8888 766 8000 500 check 
total pot: 3800 
/inquire 
recv from player 8888: check
send inquire msg to player 6666 
inquire/ 
8888 666 8000 600 call 
4444 1266 8000 0 fold 
3333 1300 8000 500 fold 
2222 1400 8000 600 call 
5555 4703 8000 600 call 
1111 1033 8000 600 raise 
7777 966 8000 500 fold 
6666 766 8000 500 check 
total pot: 3900 
/inquire 
recv from player 6666: check
turn/ 
SPADES 7 
/turn 

---turn round bet---
valid player: 8, all in player: 0, fold player: 3
send inquire msg to player 8888 
inquire/ 
4444 1266 8000 0 fold 
3333 1300 8000 500 fold 
2222 1400 8000 600 call 
5555 4703 8000 600 call 
1111 1033 8000 600 raise 
7777 966 8000 500 fold 
6666 666 8000 600 call 
8888 666 8000 600 call 
total pot: 4000 
/inquire 
recv from player 8888: check
send inquire msg to player 6666 
inquire/ 
8888 666 8000 600 check 
4444 1266 8000 0 fold 
3333 1300 8000 500 fold 
2222 1400 8000 600 call 
5555 4703 8000 600 call 
1111 1033 8000 600 raise 
7777 966 8000 500 fold 
6666 666 8000 600 call 
total pot: 4000 
/inquire 
recv from player 6666: check
send inquire msg to player 1111 
inquire/ 
7777 966 8000 500 fold 
6666 666 8000 600 check 
8888 666 8000 600 check 
4444 1266 8000 0 fold 
3333 1300 8000 500 fold 
2222 1400 8000 600 call 
5555 4703 8000 600 call 
1111 1033 8000 600 raise 
total pot: 4000 
/inquire 
recv from player 1111: fold
send inquire msg to player 5555 
inquire/ 
1111 1033 8000 600 fold 
7777 966 8000 500 fold 
6666 666 8000 600 check 
8888 666 8000 600 check 
4444 1266 8000 0 fold 
3333 1300 8000 500 fold 
2222 1400 8000 600 call 
5555 4703 8000 600 call 
total pot: 4000 
/inquire 
recv from player 5555: raise 0
send inquire msg to player 2222 
inquire/ 
5555 4603 8000 700 raise 
1111 1033 8000 600 fold 
7777 966 8000 500 fold 
6666 666 8000 600 check 
8888 666 8000 600 check 
4444 1266 8000 0 fold 
3333 1300 8000 500 fold 
2222 1400 8000 600 call 
total pot: 4100 
/inquire 
recv from player 2222: check
send inquire msg to player 8888 
inquire/ 
4444 1266 8000 0 fold 
3333 1300 8000 500 fold 
2222 1300 8000 700 call 
5555 4603 8000 700 raise 
1111 1033 8000 600 fold 
7777 966 8000 500 fold 
6666 666 8000 600 check 
8888 666 8000 600 check 
total pot: 4200 
/inquire 
recv from player 8888: check
send inquire msg to player 6666 
inquire/ 
8888 566 8000 700 call 
4444 1266 8000 0 fold 
3333 1300 8000 500 fold 
2222 1300 8000 700 call 
5555 4603 8000 700 raise 
1111 1033 8000 600 fold 
7777 966 8000 500 fold 
6666 666 8000 600 check 
total pot: 4300 
/inquire 
recv from player 6666: check
river/ 
CLUBS A 
/river 

---river round bet---
valid player: 8, all in player: 0, fold player: 4
send inquire msg to player 8888 
inquire/ 
4444 1266 8000 0 fold 
3333 1300 8000 500 fold 
2222 1300 8000 700 call 
5555 4603 8000 700 raise 
1111 1033 8000 600 fold 
7777 966 8000 500 fold 
6666 566 8000 700 call 
8888 566 8000 700 call 
total pot: 4400 
/inquire 
recv from player 8888: check
send inquire msg to player 6666 
inquire/ 
8888 566 8000 700 check 
4444 1266 8000 0 fold 
3333 1300 8000 500 fold 
2222 1300 8000 700 call 
5555 4603 8000 700 raise 
1111 1033 8000 600 fold 
7777 966 8000 500 fold 
6666 566 8000 700 call 
total pot: 4400 
/inquire 
recv from player 6666: check
send inquire msg to player 5555 
inquire/ 
1111 1033 8000 600 fold 
7777 966 8000 500 fold 
6666 566 8000 700 check 
8888 566 8000 700 check 
4444 1266 8000 0 fold 
3333 1300 8000 500 fold 
2222 1300 8000 700 call 
5555 4603 8000 700 raise 
total pot: 4400 
/inquire 
recv from player 5555: raise 0
send inquire msg to player 2222 
inquire/ 
5555 4503 8000 800 raise 
1111 1033 8000 600 fold 
7777 966 8000 500 fold 
6666 566 8000 700 check 
8888 566 8000 700 check 
4444 1266 8000 0 fold 
3333 1300 8000 500 fold 
2222 1300 8000 700 call 
total pot: 4500 
/inquire 
recv from player 2222: fold
send inquire msg to player 8888 
inquire/ 
4444 1266 8000 0 fold 
3333 1300 8000 500 fold 
2222 1300 8000 700 fold 
5555 4503 8000 800 raise 
1111 1033 8000 600 fold 
7777 966 8000 500 fold 
6666 566 8000 700 check 
8888 566 8000 700 check 
total pot: 4500 
/inquire 
recv from player 8888: check
send inquire msg to player 6666 
inquire/ 
8888 466 8000 800 call 
4444 1266 8000 0 fold 
3333 1300 8000 500 fold 
2222 1300 8000 700 fold 
5555 4503 8000 800 raise 
1111 1033 8000 600 fold 
7777 966 8000 500 fold 
6666 566 8000 700 check 
total pot: 4600 
/inquire 
recv from player 6666: check

---show down---
showdown/ 
common/ 
CLUBS 2 
CLUBS K 
DIAMONDS 8 
SPADES 7 
CLUBS A 
/common 
2: 8888 SPADES Q CLUBS J HIGH_CARD 
3: 6666 DIAMONDS 3 DIAMONDS 10 HIGH_CARD 
1: 5555 HEARTS 6 HEARTS 7 ONE_PAIR 
/showdown 

---Allocate pot---
pot-win/ 
5555: 4700 
/pot-win 
it is player 8888's turn to be button

-----3 Hand-----
seat/ 
button: 8888 466 8000 
small blind: 6666 466 8000 
big blind: 7777 966 8000 
1111 1033 8000 
5555 9203 8000 
2222 1300 8000 
3333 1300 8000 
4444 1266 8000 
/seat 
blind/ 
6666: 50 
7777: 100 
/blind 
player 6666:hold/ 
SPADES Q 
CLUBS J 
/hold 
player 7777:hold/ 
DIAMONDS 3 
DIAMONDS 10 
/hold 
player 1111:hold/ 
DIAMONDS 2 
HEARTS K 
/hold 
player 5555:hold/ 
CLUBS 3 
HEARTS A 
/hold 
player 2222:hold/ 
HEARTS 6 
HEARTS 7 
/hold 
player 3333:hold/ 
DIAMONDS 7 
SPADES 6 
/hold 
player 4444:hold/ 
DIAMONDS 9 
HEARTS 2 
/hold 
player 8888:hold/ 
DIAMONDS K 
HEARTS 5 
/hold 

---pre flop round bet---
valid player: 8, all in player: 0, fold player: 0
send inquire msg to player 1111 
inquire/ 
7777 866 8000 100 blind 
6666 416 8000 50 blind 
total pot: 150 
/inquire 
recv from player 1111: check
send inquire msg to player 5555 
inquire/ 
1111 933 8000 100 call 
7777 866 8000 100 blind 
6666 416 8000 50 blind 
total pot: 250 
/inquire 
recv from player 5555: raise 0
send inquire msg to player 2222 
inquire/ 
5555 9003 8000 200 raise 
1111 933 8000 100 call 
7777 866 8000 100 blind 
6666 416 8000 50 blind 
total pot: 450 
/inquire 
recv from player 2222: fold
send inquire msg to player 3333 
inquire/ 
2222 1300 8000 0 fold 
5555 9003 8000 200 raise 
1111 933 8000 100 call 
7777 866 8000 100 blind 
6666 416 8000 50 blind 
total pot: 450 
/inquire 
recv from player 3333: check
send inquire msg to player 4444 
inquire/ 
3333 1100 8000 200 call 
2222 1300 8000 0 fold 
5555 9003 8000 200 raise 
1111 933 8000 100 call 
7777 866 8000 100 blind 
6666 416 8000 50 blind 
total pot: 650 
/inquire 
recv from player 4444: fold
send inquire msg to player 8888 
inquire/ 
4444 1266 8000 0 fold 
3333 1100 8000 200 call 
2222 1300 8000 0 fold 
5555 9003 8000 200 raise 
1111 933 8000 100 call 
7777 866 8000 100 blind 
6666 416 8000 50 blind 
total pot: 650 
/inquire 
recv from player 8888: check
send inquire msg to player 6666 
inquire/ 
8888 266 8000 200 call 
4444 1266 8000 0 fold 
3333 1100 8000 200 call 
2222 1300 8000 0 fold 
5555 9003 8000 200 raise 
1111 933 8000 100 call 
7777 866 8000 100 blind 
6666 416 8000 50 blind 
total pot: 850 
/inquire 
recv from player 6666: check
send inquire msg to player 7777 
inquire/ 
6666 266 8000 200 call 
8888 266 8000 200 call 
4444 1266 8000 0 fold 
3333 1100 8000 200 call 
2222 1300 8000 0 fold 
5555 9003 8000 200 raise 
1111 933 8000 100 call 
7777 866 8000 100 blind 
total pot: 1000 
/inquire 
recv from player 7777: check
send inquire msg to player 1111 
inquire/ 
7777 766 8000 200 call 
6666 266 8000 200 call 
8888 266 8000 200 call 
4444 1266 8000 0 fold 
3333 1100 8000 200 call 
2222 1300 8000 0 fold 
5555 9003 8000 200 raise 
1111 933 8000 100 call 
total pot: 1100 
/inquire 
recv from player 1111: fold
flop/ 
CLUBS 2 
CLUBS K 
DIAMONDS 8 
/flop 

---flop round bet---
valid player: 8, all in player: 0, fold player: 3
send inquire msg to player 6666 
inquire/ 
8888 266 8000 200 call 
4444 1266 8000 0 fold 
3333 1100 8000 200 call 
2222 1300 8000 0 fold 
5555 9003 8000 200 raise 
1111 933 8000 100 fold 
7777 766 8000 200 call 
6666 266 8000 200 call 
total pot: 1100 
/inquire 
recv from player 6666: check
send inquire msg to player 7777 
inquire/ 
6666 266 8000 200 check 
8888 266 8000 200 call 
4444 1266 8000 0 fold 
3333 1100 8000 200 call 
2222 1300 8000 0 fold 
5555 9003 8000 200 raise 
1111 933 8000 100 fold 
7777 766 8000 200 call 
total pot: 1100 
/inquire 
recv from player 7777: fold
send inquire msg to player 5555 
inquire/ 
1111 933 8000 100 fold 
7777 766 8000 200 fold 
6666 266 8000 200 check 
8888 266 8000 200 call 
4444 1266 8000 0 fold 
3333 1100 8000 200 call 
2222 1300 8000 0 fold 
5555 9003 8000 200 raise 
total pot: 1100 
/inquire 
recv from player 5555: check
send inquire msg to player 3333 
inquire/ 
2222 1300 8000 0 fold 
5555 9003 8000 200 check 
1111 933 8000 100 fold 
7777 766 8000 200 fold 
6666 266 8000 200 check 
8888 266 8000 200 call 
4444 1266 8000 0 fold 
3333 1100 8000 200 call 
total pot: 1100 
/inquire 
recv from player 3333: raise 0
send inquire msg to player 8888 
inquire/ 
4444 1266 8000 0 fold 
3333 1000 8000 300 raise 
2222 1300 8000 0 fold 
5555 9003 8000 200 check 
1111 933 8000 100 fold 
7777 766 8000 200 fold 
6666 266 8000 200 check 
8888 266 8000 200 call 
total pot: 1200 
/inquire 
recv from player 8888: check
send inquire msg to player 6666 
inquire/ 
8888 166 8000 300 call 
4444 1266 8000 0 fold 
3333 1000 8000 300 raise 
2222 1300 8000 0 fold 
5555 9003 8000 200 check 
1111 933 8000 100 fold 
7777 766 8000 200 fold 
6666 266 8000 200 check 
total pot: 1300 
/inquire 
recv from player 6666: check
send inquire msg to player 5555 
inquire/ 
1111 933 8000 100 fold 
7777 766 8000 200 fold 
6666 166 8000 300 call 
8888 166 8000 300 call 
4444 1266 8000 0 fold 
3333 1000 8000 300 raise 
2222 1300 8000 0 fold 
5555 9003 8000 200 check 
total pot: 1400 
/inquire 
recv from player 5555: check
turn/ 
SPADES 7 
/turn 

---turn round bet---
valid player: 8, all in player: 0, fold player: 4
send inquire msg to player 6666 
inquire/ 
8888 166 8000 300 call 
4444 1266 8000 0 fold 
3333 1000 8000 300 raise 
2222 1300 8000 0 fold 
5555 8903 8000 300 call 
1111 933 8000 100 fold 
7777 766 8000 200 fold 
6666 166 8000 300 call 
total pot: 1500 
/inquire 
recv from player 6666: check
send inquire msg to player 5555 
inquire/ 
1111 933 8000 100 fold 
7777 766 8000 200 fold 
6666 166 8000 300 check 
8888 166 8000 300 call 
4444 1266 8000 0 fold 
3333 1000 8000 300 raise 
2222 1300 8000 0 fold 
5555 8903 8000 300 call 
total pot: 1500 
/inquire 
recv from player 5555: raise 0
send inquire msg to player 3333 
inquire/ 
2222 1300 8000 0 fold 
5555 8803 8000 400 raise 
1111 933 8000 100 fold 
7777 766 8000 200 fold 
6666 166 8000 300 check 
8888 166 8000 300 call 
4444 1266 8000 0 fold 
3333 1000 8000 300 raise 
total pot: 1600 
/inquire 
recv from player 3333: raise 0
send inquire msg to player 8888 
inquire/ 
4444 1266 8000 0 fold 
3333 800 8000 500 raise 
2222 1300 8000 0 fold 
5555 8803 8000 400 raise 
1111 933 8000 100 fold 
7777 766 8000 200 fold 
6666 166 8000 300 check 
8888 166 8000 300 call 
total pot: 1800 
/inquire 
recv from player 8888: check
send inquire msg to player 6666 
inquire/ 
8888 0 8000 466 all_in 
4444 1266 8000 0 fold 
3333 800 8000 500 raise 
2222 1300 8000 0 fold 
5555 8803 8000 400 raise 
1111 933 8000 100 fold 
7777 766 8000 200 fold 
6666 166 8000 300 check 
total pot: 1966 
/inquire 
recv from player 6666: check
send inquire msg to player 5555 
inquire/ 
1111 933 8000 100 fold 
7777 766 8000 200 fold 
6666 0 8000 466 all_in 
8888 0 8000 466 all_in 
4444 1266 8000 0 fold 
3333 800 8000 500 raise 
2222 1300 8000 0 fold 
5555 8803 8000 400 raise 
total pot: 2132 
/inquire 
recv from player 5555: check
river/ 
CLUBS A 
/river 

---river round bet---
valid player: 8, all in player: 2, fold player: 4
send inquire msg to player 5555 
inquire/ 
1111 933 8000 100 fold 
7777 766 8000 200 fold 
6666 0 8000 466 all_in 
8888 0 8000 466 all_in 
4444 1266 8000 0 fold 
3333 800 8000 500 raise 
2222 1300 8000 0 fold 
5555 8703 8000 500 call 
total pot: 2232 
/inquire 
recv from player 5555: check
send inquire msg to player 3333 
inquire/ 
2222 1300 8000 0 fold 
5555 8703 8000 500 check 
1111 933 8000 100 fold 
7777 766 8000 200 fold 
6666 0 8000 466 all_in 
8888 0 8000 466 all_in 
4444 1266 8000 0 fold 
3333 800 8000 500 raise 
total pot: 2232 
/inquire 
recv from player 3333: fold

---show down---
showdown/ 
common/ 
CLUBS 2 
CLUBS K 
DIAMONDS 8 
SPADES 7 
CLUBS A 
/common 
3: 6666 SPADES Q CLUBS J HIGH_CARD 
1: 5555 CLUBS 3 HEARTS A ONE_PAIR 
2: 8888 DIAMONDS K HEARTS 5 ONE_PAIR 
/showdown 

---Allocate pot---
pot-win/ 
5555: 2232 
/pot-win 
it is player 6666's turn to be button

-----4 Hand-----
seat/ 
button: 6666 2000 6000 
small blind: 7777 766 8000 
big blind: 1111 933 8000 
5555 10935 8000 
2222 1300 8000 
3333 800 8000 
4444 1266 8000 
8888 2000 6000 
/seat 
blind/ 
7777: 50 
1111: 100 
/blind 
player 7777:hold/ 
DIAMONDS J 
SPADES J 
/hold 
player 1111:hold/ 
SPADES 6 
CLUBS 6 
/hold 
player 5555:hold/ 
CLUBS 7 
SPADES 2 
/hold 
player 2222:hold/ 
CLUBS 2 
SPADES 9 
/hold 
player 3333:hold/ 
CLUBS 4 
SPADES A 
/hold 
player 4444:hold/ 
CLUBS 3 
HEARTS 10 
/hold 
player 8888:hold/ 
DIAMONDS 8 
SPADES 3 
/hold 
player 6666:hold/ 
CLUBS 5 
HEARTS 6 
/hold 

---pre flop round bet---
valid player: 8, all in player: 0, fold player: 0
send inquire msg to player 5555 
inquire/ 
1111 833 8000 100 blind 
7777 716 8000 50 blind 
total pot: 150 
/inquire 
recv from player 5555: raise 0
send inquire msg to player 2222 
inquire/ 
5555 10735 8000 200 raise 
1111 833 8000 100 blind 
7777 716 8000 50 blind 
total pot: 350 
/inquire 
recv from player 2222: fold
send inquire msg to player 3333 
inquire/ 
2222 1300 8000 0 fold 
5555 10735 8000 200 raise 
1111 833 8000 100 blind 
7777 716 8000 50 blind 
total pot: 350 
/inquire 
recv from player 3333: fold
send inquire msg to player 4444 
inquire/ 
3333 800 8000 0 fold 
2222 1300 8000 0 fold 
5555 10735 8000 200 raise 
1111 833 8000 100 blind 
7777 716 8000 50 blind 
total pot: 350 
/inquire 
recv from player 4444: fold
send inquire msg to player 8888 
inquire/ 
4444 1266 8000 0 fold 
3333 800 8000 0 fold 
2222 1300 8000 0 fold 
5555 10735 8000 200 raise 
1111 833 8000 100 blind 
7777 716 8000 50 blind 
total pot: 350 
/inquire 
recv from player 8888: check
send inquire msg to player 6666 
inquire/ 
8888 1800 6000 200 call 
4444 1266 8000 0 fold 
3333 800 8000 0 fold 
2222 1300 8000 0 fold 
5555 10735 8000 200 raise 
1111 833 8000 100 blind 
7777 716 8000 50 blind 
total pot: 550 
/inquire 
recv from player 6666: check
send inquire msg to player 7777 
inquire/ 
6666 1800 6000 200 call 
8888 1800 6000 200 call 
4444 1266 8000 0 fold 
3333 800 8000 0 fold 
2222 1300 8000 0 fold 
5555 10735 8000 200 raise 
1111 833 8000 100 blind 
7777 716 8000 50 blind 
total pot: 750 
/inquire 
recv from player 7777: raise 0
send inquire msg to player 1111 
inquire/ 
7777 466 8000 300 raise 
6666 1800 6000 200 call 
8888 1800 6000 200 call 
4444 1266 8000 0 fold 
3333 800 8000 0 fold 
2222 1300 8000 0 fold 
5555 10735 8000 200 raise 
1111 833 8000 100 blind 
total pot: 1000 
/inquire 
recv from player 1111: check
send inquire msg to player 5555 
inquire/ 
1111 633 8000 300 call 
7777 466 8000 300 raise 
6666 1800 6000 200 call 
8888 1800 6000 200 call 
4444 1266 8000 0 fold 
3333 800 8000 0 fold 
2222 1300 8000 0 fold 
5555 10735 8000 200 raise 
total pot: 1200 
/inquire 
recv from player 5555: raise 0
send inquire msg to player 8888 
inquire/ 
4444 1266 8000 0 fold 
3333 800 8000 0 fold 
2222 1300 8000 0 fold 
5555 10535 8000 400 raise 
1111 633 8000 300 call 
7777 466 8000 300 raise 
6666 1800 6000 200 call 
8888 1800 6000 200 call 
total pot: 1400 
/inquire 
recv from player 8888: check
send inquire msg to player 6666 
inquire/ 
8888 1600 6000 400 call 
4444 1266 8000 0 fold 
3333 800 8000 0 fold 
2222 1300 8000 0 fold 
5555 10535 8000 400 raise 
1111 633 8000 300 call 
7777 466 8000 300 raise 
6666 1800 6000 200 call 
total pot: 1600 
/inquire 
recv from player 6666: check
send inquire msg to player 7777 
inquire/ 
6666 1600 6000 400 call 
8888 1600 6000 400 call 
4444 1266 8000 0 fold 
3333 800 8000 0 fold 
2222 1300 8000 0 fold 
5555 10535 8000 400 raise 
1111 633 8000 300 call 
7777 466 8000 300 raise 
total pot: 1800 
/inquire 
recv from player 7777: check
send inquire msg to player 1111 
inquire/ 
7777 366 8000 400 call 
6666 1600 6000 400 call 
8888 1600 6000 400 call 
4444 1266 8000 0 fold 
3333 800 8000 0 fold 
2222 1300 8000 0 fold 
5555 10535 8000 400 raise 
1111 633 8000 300 call 
total pot: 1900 
/inquire 
recv from player 1111: fold
flop/ 
DIAMONDS 3 
SPADES 8 
HEARTS J 
/flop 

---flop round bet---
valid player: 8, all in player: 0, fold player: 4
send inquire msg to player 7777 
inquire/ 
6666 1600 6000 400 call 
8888 1600 6000 400 call 
4444 1266 8000 0 fold 
3333 800 8000 0 fold 
2222 1300 8000 0 fold 
5555 10535 8000 400 raise 
1111 633 8000 300 fold 
7777 366 8000 400 call 
total pot: 1900 
/inquire 
recv from player 7777: fold
send inquire msg to player 5555 
inquire/ 
1111 633 8000 300 fold 
7777 366 8000 400 fold 
6666 1600 6000 400 call 
8888 1600 6000 400 call 
4444 1266 8000 0 fold 
3333 800 8000 0 fold 
2222 1300 8000 0 fold 
5555 10535 8000 400 raise 
total pot: 1900 
/inquire 
recv from player 5555: raise 0
send inquire msg to player 8888 
inquire/ 
4444 1266 8000 0 fold 
3333 800 8000 0 fold 
2222 1300 8000 0 fold 
5555 10435 8000 500 raise 
1111 633 8000 300 fold 
7777 366 8000 400 fold 
6666 1600 6000 400 call 
8888 1600 6000 400 call 
total pot: 2000 
/inquire 
recv from player 8888: check
send inquire msg to player 6666 
inquire/ 
8888 1500 6000 500 call 
4444 1266 8000 0 fold 
3333 800 8000 0 fold 
2222 1300 8000 0 fold 
5555 10435 8000 500 raise 
1111 633 8000 300 fold 
7777 366 8000 400 fold 
6666 1600 6000 400 call 
total pot: 2100 
/inquire 
recv from player 6666: check
turn/ 
DIAMONDS 4 
/turn 

---turn round bet---
valid player: 8, all in player: 0, fold player: 5
send inquire msg to player 5555 
inquire/ 
1111 633 8000 300 fold 
7777 366 8000 400 fold 
6666 1500 6000 500 call 
8888 1500 6000 500 call 
4444 1266 8000 0 fold 
3333 800 8000 0 fold 
2222 1300 8000 0 fold 
5555 10435 8000 500 raise 
total pot: 2200 
/inquire 
recv from player 5555: check
send inquire msg to player 8888 
inquire/ 
4444 1266 8000 0 fold 
3333 800 8000 0 fold 
2222 1300 8000 0 fold 
5555 10435 8000 500 check 
1111 633 8000 300 fold 
7777 366 8000 400 fold 
6666 1500 6000 500 call 
8888 1500 6000 500 call 
total pot: 2200 
/inquire 
recv from player 8888: check
send inquire msg to player 6666 
inquire/ 
8888 1500 6000 500 check 
4444 1266 8000 0 fold 
3333 800 8000 0 fold 
2222 1300 8000 0 fold 
5555 10435 8000 500 check 
1111 633 8000 300 fold 
7777 366 8000 400 fold 
6666 1500 6000 500 call 
total pot: 2200 
/inquire 
recv from player 6666: check
river/ 
HEARTS 3 
/river 

---river round bet---
valid player: 8, all in player: 0, fold player: 5
send inquire msg to player 5555 
inquire/ 
1111 633 8000 300 fold 
7777 366 8000 400 fold 
6666 1500 6000 500 check 
8888 1500 6000 500 check 
4444 1266 8000 0 fold 
3333 800 8000 0 fold 
2222 1300 8000 0 fold 
5555 10435 8000 500 check 
total pot: 2200 
/inquire 
recv from player 5555: check
send inquire msg to player 8888 
inquire/ 
4444 1266 8000 0 fold 
3333 800 8000 0 fold 
2222 1300 8000 0 fold 
5555 10435 8000 500 check 
1111 633 8000 300 fold 
7777 366 8000 400 fold 
6666 1500 6000 500 check 
8888 1500 6000 500 check 
total pot: 2200 
/inquire 
recv from player 8888: check
send inquire msg to player 6666 
inquire/ 
8888 1500 6000 500 check 
4444 1266 8000 0 fold 
3333 800 8000 0 fold 
2222 1300 8000 0 fold 
5555 10435 8000 500 check 
1111 633 8000 300 fold 
7777 366 8000 400 fold 
6666 1500 6000 500 check 
total pot: 2200 
/inquire 
recv from player 6666: check

---show down---
showdown/ 
common/ 
DIAMONDS 3 
SPADES 8 
HEARTS J 
DIAMONDS 4 
HEARTS 3 
/common 
2: 5555 CLUBS 7 SPADES 2 ONE_PAIR 
1: 8888 DIAMONDS 8 SPADES 3 FULL_HOUSE 
3: 6666 CLUBS 5 HEARTS 6 ONE_PAIR 
/showdown 

---Allocate pot---
pot-win/ 
8888: 2200 
/pot-win 
it is player 7777's turn to be button

-----5 Hand-----
seat/ 
button: 7777 366 8000 
small blind: 1111 633 8000 
big blind: 5555 10435 8000 
2222 1300 8000 
3333 800 8000 
4444 1266 8000 
8888 3700 6000 
6666 1500 6000 
/seat 
blind/ 
1111: 50 
5555: 100 
/blind 
player 1111:hold/ 
DIAMONDS J 
SPADES J 
/hold 
player 5555:hold/ 
SPADES 6 
CLUBS 6 
/hold 
player 2222:hold/ 
CLUBS 7 
SPADES 2 
/hold 
player 3333:hold/ 
CLUBS 2 
SPADES 9 
/hold 
player 4444:hold/ 
CLUBS 4 
SPADES A 
/hold 
player 8888:hold/ 
CLUBS 3 
HEARTS 10 
/hold 
player 6666:hold/ 
DIAMONDS 8 
SPADES 3 
/hold 
player 7777:hold/ 
CLUBS 5 
HEARTS 6 
/hold 

---pre flop round bet---
valid player: 8, all in player: 0, fold player: 0
send inquire msg to player 2222 
inquire/ 
5555 10335 8000 100 blind 
1111 583 8000 50 blind 
total pot: 150 
/inquire 
recv from player 2222: fold
send inquire msg to player 3333 
inquire/ 
2222 1300 8000 0 fold 
5555 10335 8000 100 blind 
1111 583 8000 50 blind 
total pot: 150 
/inquire 
recv from player 3333: fold
send inquire msg to player 4444 
inquire/ 
3333 800 8000 0 fold 
2222 1300 8000 0 fold 
5555 10335 8000 100 blind 
1111 583 8000 50 blind 
total pot: 150 
/inquire 
recv from player 4444: check
send inquire msg to player 8888 
inquire/ 
4444 1166 8000 100 call 
3333 800 8000 0 fold 
2222 1300 8000 0 fold 
5555 10335 8000 100 blind 
1111 583 8000 50 blind 
total pot: 250 
/inquire 
recv from player 8888: check
send inquire msg to player 6666 
inquire/ 
8888 3600 6000 100 call 
4444 1166 8000 100 call 
3333 800 8000 0 fold 
2222 1300 8000 0 fold 
5555 10335 8000 100 blind 
1111 583 8000 50 blind 
total pot: 350 
/inquire 
recv from player 6666: check
