

---GAME START @ 2015-5-11-14-45-49---
reg: 2222 randombot 
reg: 7777 cleverbot 
reg: 4444 simplebot 
reg: 6666 callbot 
reg: 8888 callbot 
reg: 3333 randombot 
reg: 1111 randombot 
reg: 5555 raisecallbot 

-----1 Hand-----
seat/ 
button: 4444 2000 8000 
small blind: 2222 2000 8000 
big blind: 7777 2000 8000 
8888 2000 8000 
5555 2000 8000 
3333 2000 8000 
6666 2000 8000 
1111 2000 8000 
/seat 
blind/ 
2222: 50 
7777: 100 
/blind 
player 2222:hold/ 
HEARTS J 
HEARTS 6 
/hold 
player 7777:hold/ 
DIAMONDS A 
CLUBS K 
/hold 
player 8888:hold/ 
SPADES 7 
CLUBS Q 
/hold 
player 5555:hold/ 
DIAMONDS 3 
DIAMONDS 5 
/hold 
player 3333:hold/ 
SPADES 10 
DIAMONDS 6 
/hold 
player 6666:hold/ 
HEARTS 7 
SPADES 6 
/hold 
player 1111:hold/ 
SPADES 2 
SPADES K 
/hold 
player 4444:hold/ 
CLUBS 9 
DIAMONDS 4 
/hold 

---pre flop round bet---
valid player: 8, all in player: 0, fold player: 0
send inquire msg to player 8888 
inquire/ 
7777 1900 8000 100 blind 
2222 1950 8000 50 blind 
total pot: 150 
/inquire 
recv from player 8888: check
send inquire msg to player 5555 
inquire/ 
8888 1900 8000 100 call 
7777 1900 8000 100 blind 
2222 1950 8000 50 blind 
total pot: 250 
/inquire 
recv from player 5555: check
send inquire msg to player 3333 
inquire/ 
5555 1900 8000 100 call 
8888 1900 8000 100 call 
7777 1900 8000 100 blind 
2222 1950 8000 50 blind 
total pot: 350 
/inquire 
recv from player 3333: fold
send inquire msg to player 6666 
inquire/ 
3333 2000 8000 0 fold 
5555 1900 8000 100 call 
8888 1900 8000 100 call 
7777 1900 8000 100 blind 
2222 1950 8000 50 blind 
total pot: 350 
/inquire 
recv from player 6666: check
send inquire msg to player 1111 
inquire/ 
6666 1900 8000 100 call 
3333 2000 8000 0 fold 
5555 1900 8000 100 call 
8888 1900 8000 100 call 
7777 1900 8000 100 blind 
2222 1950 8000 50 blind 
total pot: 450 
/inquire 
recv from player 1111: check
send inquire msg to player 4444 
inquire/ 
1111 1900 8000 100 call 
6666 1900 8000 100 call 
3333 2000 8000 0 fold 
5555 1900 8000 100 call 
8888 1900 8000 100 call 
7777 1900 8000 100 blind 
2222 1950 8000 50 blind 
total pot: 550 
/inquire 
recv from player 4444: check
send inquire msg to player 2222 
inquire/ 
4444 1900 8000 100 call 
1111 1900 8000 100 call 
6666 1900 8000 100 call 
3333 2000 8000 0 fold 
5555 1900 8000 100 call 
8888 1900 8000 100 call 
7777 1900 8000 100 blind 
2222 1950 8000 50 blind 
total pot: 650 
/inquire 
recv from player 2222: check
send inquire msg to player 7777 
inquire/ 
2222 1900 8000 100 call 
4444 1900 8000 100 call 
1111 1900 8000 100 call 
6666 1900 8000 100 call 
3333 2000 8000 0 fold 
5555 1900 8000 100 call 
8888 1900 8000 100 call 
7777 1900 8000 100 blind 
total pot: 700 
/inquire 
recv from player 7777: raise 163
send inquire msg to player 8888 
inquire/ 
7777 1737 8000 263 raise 
2222 1900 8000 100 call 
4444 1900 8000 100 call 
1111 1900 8000 100 call 
6666 1900 8000 100 call 
3333 2000 8000 0 fold 
5555 1900 8000 100 call 
8888 1900 8000 100 call 
total pot: 863 
/inquire 
recv from player 8888: check
send inquire msg to player 5555 
inquire/ 
8888 1737 8000 263 call 
7777 1737 8000 263 raise 
2222 1900 8000 100 call 
4444 1900 8000 100 call 
1111 1900 8000 100 call 
6666 1900 8000 100 call 
3333 2000 8000 0 fold 
5555 1900 8000 100 call 
total pot: 1026 
/inquire 
recv from player 5555: check
send inquire msg to player 6666 
inquire/ 
3333 2000 8000 0 fold 
5555 1737 8000 263 call 
8888 1737 8000 263 call 
7777 1737 8000 263 raise 
2222 1900 8000 100 call 
4444 1900 8000 100 call 
1111 1900 8000 100 call 
6666 1900 8000 100 call 
total pot: 1189 
/inquire 
recv from player 6666: check
send inquire msg to player 1111 
inquire/ 
6666 1737 8000 263 call 
3333 2000 8000 0 fold 
5555 1737 8000 263 call 
8888 1737 8000 263 call 
7777 1737 8000 263 raise 
2222 1900 8000 100 call 
4444 1900 8000 100 call 
1111 1900 8000 100 call 
total pot: 1352 
/inquire 
recv from player 1111: raise 0
send inquire msg to player 4444 
inquire/ 
1111 1574 8000 426 raise 
6666 1737 8000 263 call 
3333 2000 8000 0 fold 
5555 1737 8000 263 call 
8888 1737 8000 263 call 
7777 1737 8000 263 raise 
2222 1900 8000 100 call 
4444 1900 8000 100 call 
total pot: 1678 
/inquire 
recv from player 4444: fold
send inquire msg to player 2222 
inquire/ 
4444 1900 8000 100 fold 
1111 1574 8000 426 raise 
6666 1737 8000 263 call 
3333 2000 8000 0 fold 
5555 1737 8000 263 call 
8888 1737 8000 263 call 
7777 1737 8000 263 raise 
2222 1900 8000 100 call 
total pot: 1678 
/inquire 
recv from player 2222: fold
send inquire msg to player 7777 
inquire/ 
2222 1900 8000 100 fold 
4444 1900 8000 100 fold 
1111 1574 8000 426 raise 
6666 1737 8000 263 call 
3333 2000 8000 0 fold 
5555 1737 8000 263 call 
8888 1737 8000 263 call 
7777 1737 8000 263 raise 
total pot: 1678 
/inquire 
recv from player 7777: check
send inquire msg to player 8888 
inquire/ 
7777 1574 8000 426 call 
2222 1900 8000 100 fold 
4444 1900 8000 100 fold 
1111 1574 8000 426 raise 
6666 1737 8000 263 call 
3333 2000 8000 0 fold 
5555 1737 8000 263 call 
8888 1737 8000 263 call 
total pot: 1841 
/inquire 
recv from player 8888: check
send inquire msg to player 5555 
inquire/ 
8888 1574 8000 426 call 
7777 1574 8000 426 call 
2222 1900 8000 100 fold 
4444 1900 8000 100 fold 
1111 1574 8000 426 raise 
6666 1737 8000 263 call 
3333 2000 8000 0 fold 
5555 1737 8000 263 call 
total pot: 2004 
/inquire 
recv from player 5555: raise 0
send inquire msg to player 6666 
inquire/ 
3333 2000 8000 0 fold 
5555 1411 8000 589 raise 
8888 1574 8000 426 call 
7777 1574 8000 426 call 
2222 1900 8000 100 fold 
4444 1900 8000 100 fold 
1111 1574 8000 426 raise 
6666 1737 8000 263 call 
total pot: 2330 
/inquire 
recv from player 6666: check
send inquire msg to player 1111 
inquire/ 
6666 1411 8000 589 call 
3333 2000 8000 0 fold 
5555 1411 8000 589 raise 
8888 1574 8000 426 call 
7777 1574 8000 426 call 
2222 1900 8000 100 fold 
4444 1900 8000 100 fold 
1111 1574 8000 426 raise 
total pot: 2656 
/inquire 
recv from player 1111: fold
send inquire msg to player 7777 
inquire/ 
2222 1900 8000 100 fold 
4444 1900 8000 100 fold 
1111 1574 8000 426 fold 
6666 1411 8000 589 call 
3333 2000 8000 0 fold 
5555 1411 8000 589 raise 
8888 1574 8000 426 call 
7777 1574 8000 426 call 
total pot: 2656 
/inquire 
recv from player 7777: check
send inquire msg to player 8888 
inquire/ 
7777 1411 8000 589 call 
2222 1900 8000 100 fold 
4444 1900 8000 100 fold 
1111 1574 8000 426 fold 
6666 1411 8000 589 call 
3333 2000 8000 0 fold 
5555 1411 8000 589 raise 
8888 1574 8000 426 call 
total pot: 2819 
/inquire 
recv from player 8888: check
flop/ 
DIAMONDS K 
DIAMONDS 10 
CLUBS 4 
/flop 

---flop round bet---
valid player: 8, all in player: 0, fold player: 4
send inquire msg to player 7777 
inquire/ 
2222 1900 8000 100 fold 
4444 1900 8000 100 fold 
1111 1574 8000 426 fold 
6666 1411 8000 589 call 
3333 2000 8000 0 fold 
5555 1411 8000 589 raise 
8888 1411 8000 589 call 
7777 1411 8000 589 call 
total pot: 2982 
/inquire 
recv from player 7777: check
send inquire msg to player 8888 
inquire/ 
7777 1411 8000 589 check 
2222 1900 8000 100 fold 
4444 1900 8000 100 fold 
1111 1574 8000 426 fold 
6666 1411 8000 589 call 
3333 2000 8000 0 fold 
5555 1411 8000 589 raise 
8888 1411 8000 589 call 
total pot: 2982 
/inquire 
recv from player 8888: check
send inquire msg to player 5555 
inquire/ 
8888 1411 8000 589 check 
7777 1411 8000 589 check 
2222 1900 8000 100 fold 
4444 1900 8000 100 fold 
1111 1574 8000 426 fold 
6666 1411 8000 589 call 
3333 2000 8000 0 fold 
5555 1411 8000 589 raise 
total pot: 2982 
/inquire 
recv from player 5555: check
send inquire msg to player 6666 
inquire/ 
3333 2000 8000 0 fold 
5555 1411 8000 589 check 
8888 1411 8000 589 check 
7777 1411 8000 589 check 
2222 1900 8000 100 fold 
4444 1900 8000 100 fold 
1111 1574 8000 426 fold 
6666 1411 8000 589 call 
total pot: 2982 
/inquire 
recv from player 6666: check
turn/ 
SPADES 4 
/turn 

---turn round bet---
valid player: 8, all in player: 0, fold player: 4
send inquire msg to player 7777 
inquire/ 
2222 1900 8000 100 fold 
4444 1900 8000 100 fold 
1111 1574 8000 426 fold 
6666 1411 8000 589 check 
3333 2000 8000 0 fold 
5555 1411 8000 589 check 
8888 1411 8000 589 check 
7777 1411 8000 589 check 
total pot: 2982 
/inquire 
recv from player 7777: check
send inquire msg to player 8888 
inquire/ 
7777 1411 8000 589 check 
2222 1900 8000 100 fold 
4444 1900 8000 100 fold 
1111 1574 8000 426 fold 
6666 1411 8000 589 check 
3333 2000 8000 0 fold 
5555 1411 8000 589 check 
8888 1411 8000 589 check 
total pot: 2982 
/inquire 
recv from player 8888: check
send inquire msg to player 5555 
inquire/ 
8888 1411 8000 589 check 
7777 1411 8000 589 check 
2222 1900 8000 100 fold 
4444 1900 8000 100 fold 
1111 1574 8000 426 fold 
6666 1411 8000 589 check 
3333 2000 8000 0 fold 
5555 1411 8000 589 check 
total pot: 2982 
/inquire 
recv from player 5555: check
send inquire msg to player 6666 
inquire/ 
3333 2000 8000 0 fold 
5555 1411 8000 589 check 
8888 1411 8000 589 check 
7777 1411 8000 589 check 
2222 1900 8000 100 fold 
4444 1900 8000 100 fold 
1111 1574 8000 426 fold 
6666 1411 8000 589 check 
total pot: 2982 
/inquire 
recv from player 6666: check
river/ 
HEARTS 3 
/river 

---river round bet---
valid player: 8, all in player: 0, fold player: 4
send inquire msg to player 7777 
inquire/ 
2222 1900 8000 100 fold 
4444 1900 8000 100 fold 
1111 1574 8000 426 fold 
6666 1411 8000 589 check 
3333 2000 8000 0 fold 
5555 1411 8000 589 check 
8888 1411 8000 589 check 
7777 1411 8000 589 check 
total pot: 2982 
/inquire 
recv from player 7777: check
send inquire msg to player 8888 
inquire/ 
7777 1411 8000 589 check 
2222 1900 8000 100 fold 
4444 1900 8000 100 fold 
1111 1574 8000 426 fold 
6666 1411 8000 589 check 
3333 2000 8000 0 fold 
5555 1411 8000 589 check 
8888 1411 8000 589 check 
total pot: 2982 
/inquire 
recv from player 8888: check
send inquire msg to player 5555 
inquire/ 
8888 1411 8000 589 check 
7777 1411 8000 589 check 
2222 1900 8000 100 fold 
4444 1900 8000 100 fold 
1111 1574 8000 426 fold 
6666 1411 8000 589 check 
3333 2000 8000 0 fold 
5555 1411 8000 589 check 
total pot: 2982 
/inquire 
recv from player 5555: raise 0
send inquire msg to player 6666 
inquire/ 
3333 2000 8000 0 fold 
5555 1311 8000 689 raise 
8888 1411 8000 589 check 
7777 1411 8000 589 check 
2222 1900 8000 100 fold 
4444 1900 8000 100 fold 
1111 1574 8000 426 fold 
6666 1411 8000 589 check 
total pot: 3082 
/inquire 
recv from player 6666: check
send inquire msg to player 7777 
inquire/ 
2222 1900 8000 100 fold 
4444 1900 8000 100 fold 
1111 1574 8000 426 fold 
6666 1311 8000 689 call 
3333 2000 8000 0 fold 
5555 1311 8000 689 raise 
8888 1411 8000 589 check 
7777 1411 8000 589 check 
total pot: 3182 
/inquire 
recv from player 7777: check
send inquire msg to player 8888 
inquire/ 
7777 1311 8000 689 call 
2222 1900 8000 100 fold 
4444 1900 8000 100 fold 
1111 1574 8000 426 fold 
6666 1311 8000 689 call 
3333 2000 8000 0 fold 
5555 1311 8000 689 raise 
8888 1411 8000 589 check 
total pot: 3282 
/inquire 
recv from player 8888: check

---show down---
showdown/ 
common/ 
DIAMONDS K 
DIAMONDS 10 
CLUBS 4 
SPADES 4 
HEARTS 3 
/common 
1: 7777 DIAMONDS A CLUBS K TWO_PAIR 
3: 8888 SPADES 7 CLUBS Q ONE_PAIR 
2: 5555 DIAMONDS 3 DIAMONDS 5 TWO_PAIR 
4: 6666 HEARTS 7 SPADES 6 ONE_PAIR 
/showdown 

---Allocate pot---
pot-win/ 
7777: 3382 
/pot-win 
it is player 2222's turn to be button

-----2 Hand-----
seat/ 
button: 2222 1900 8000 
small blind: 7777 4693 8000 
big blind: 8888 1311 8000 
5555 1311 8000 
3333 2000 8000 
6666 1311 8000 
1111 1574 8000 
4444 1900 8000 
/seat 
blind/ 
7777: 50 
8888: 100 
/blind 
player 7777:hold/ 
HEARTS 3 
SPADES J 
/hold 
player 8888:hold/ 
HEARTS 5 
CLUBS J 
/hold 
player 5555:hold/ 
DIAMONDS 9 
CLUBS Q 
/hold 
player 3333:hold/ 
CLUBS 3 
SPADES 10 
/hold 
player 6666:hold/ 
DIAMONDS 8 
SPADES 8 
/hold 
player 1111:hold/ 
SPADES 5 
SPADES 6 
/hold 
player 4444:hold/ 
SPADES Q 
HEARTS 10 
/hold 
player 2222:hold/ 
HEARTS A 
CLUBS 6 
/hold 

---pre flop round bet---
valid player: 8, all in player: 0, fold player: 0
send inquire msg to player 5555 
inquire/ 
8888 1211 8000 100 blind 
7777 4643 8000 50 blind 
total pot: 150 
/inquire 
recv from player 5555: check
send inquire msg to player 3333 
inquire/ 
5555 1211 8000 100 call 
8888 1211 8000 100 blind 
7777 4643 8000 50 blind 
total pot: 250 
/inquire 
recv from player 3333: fold
send inquire msg to player 6666 
inquire/ 
3333 2000 8000 0 fold 
5555 1211 8000 100 call 
8888 1211 8000 100 blind 
7777 4643 8000 50 blind 
total pot: 250 
/inquire 
recv from player 6666: check
send inquire msg to player 1111 
inquire/ 
6666 1211 8000 100 call 
3333 2000 8000 0 fold 
5555 1211 8000 100 call 
8888 1211 8000 100 blind 
7777 4643 8000 50 blind 
total pot: 350 
/inquire 
recv from player 1111: raise 0
send inquire msg to player 4444 
inquire/ 
1111 1374 8000 200 raise 
6666 1211 8000 100 call 
3333 2000 8000 0 fold 
5555 1211 8000 100 call 
8888 1211 8000 100 blind 
7777 4643 8000 50 blind 
total pot: 550 
/inquire 
recv from player 4444: check
send inquire msg to player 2222 
inquire/ 
4444 1700 8000 200 call 
1111 1374 8000 200 raise 
6666 1211 8000 100 call 
3333 2000 8000 0 fold 
5555 1211 8000 100 call 
8888 1211 8000 100 blind 
7777 4643 8000 50 blind 
total pot: 750 
/inquire 
recv from player 2222: fold
send inquire msg to player 7777 
inquire/ 
2222 1900 8000 0 fold 
4444 1700 8000 200 call 
1111 1374 8000 200 raise 
6666 1211 8000 100 call 
3333 2000 8000 0 fold 
5555 1211 8000 100 call 
8888 1211 8000 100 blind 
7777 4643 8000 50 blind 
total pot: 750 
/inquire 
recv from player 7777: check
send inquire msg to player 8888 
inquire/ 
7777 4493 8000 200 call 
2222 1900 8000 0 fold 
4444 1700 8000 200 call 
1111 1374 8000 200 raise 
6666 1211 8000 100 call 
3333 2000 8000 0 fold 
5555 1211 8000 100 call 
8888 1211 8000 100 blind 
total pot: 900 
/inquire 
recv from player 8888: check
send inquire msg to player 5555 
inquire/ 
8888 1111 8000 200 call 
7777 4493 8000 200 call 
2222 1900 8000 0 fold 
4444 1700 8000 200 call 
1111 1374 8000 200 raise 
6666 1211 8000 100 call 
3333 2000 8000 0 fold 
5555 1211 8000 100 call 
total pot: 1000 
/inquire 
recv from player 5555: raise 0
send inquire msg to player 6666 
inquire/ 
3333 2000 8000 0 fold 
5555 1011 8000 300 raise 
8888 1111 8000 200 call 
7777 4493 8000 200 call 
2222 1900 8000 0 fold 
4444 1700 8000 200 call 
1111 1374 8000 200 raise 
6666 1211 8000 100 call 
total pot: 1200 
/inquire 
recv from player 6666: check
send inquire msg to player 1111 
inquire/ 
6666 1011 8000 300 call 
3333 2000 8000 0 fold 
5555 1011 8000 300 raise 
8888 1111 8000 200 call 
7777 4493 8000 200 call 
2222 1900 8000 0 fold 
4444 1700 8000 200 call 
1111 1374 8000 200 raise 
total pot: 1400 
/inquire 
recv from player 1111: check
send inquire msg to player 4444 
inquire/ 
1111 1274 8000 300 call 
6666 1011 8000 300 call 
3333 2000 8000 0 fold 
5555 1011 8000 300 raise 
8888 1111 8000 200 call 
7777 4493 8000 200 call 
2222 1900 8000 0 fold 
4444 1700 8000 200 call 
total pot: 1500 
/inquire 
recv from player 4444: check
send inquire msg to player 7777 
inquire/ 
2222 1900 8000 0 fold 
4444 1600 8000 300 call 
1111 1274 8000 300 call 
6666 1011 8000 300 call 
3333 2000 8000 0 fold 
5555 1011 8000 300 raise 
8888 1111 8000 200 call 
7777 4493 8000 200 call 
total pot: 1600 
/inquire 
recv from player 7777: check
send inquire msg to player 8888 
inquire/ 
7777 4393 8000 300 call 
2222 1900 8000 0 fold 
4444 1600 8000 300 call 
1111 1274 8000 300 call 
6666 1011 8000 300 call 
3333 2000 8000 0 fold 
5555 1011 8000 300 raise 
8888 1111 8000 200 call 
total pot: 1700 
/inquire 
recv from player 8888: check
flop/ 
CLUBS A 
CLUBS 4 
HEARTS 6 
/flop 

---flop round bet---
valid player: 8, all in player: 0, fold player: 2
send inquire msg to player 7777 
inquire/ 
2222 1900 8000 0 fold 
4444 1600 8000 300 call 
1111 1274 8000 300 call 
6666 1011 8000 300 call 
3333 2000 8000 0 fold 
5555 1011 8000 300 raise 
8888 1011 8000 300 call 
7777 4393 8000 300 call 
total pot: 1800 
/inquire 
recv from player 7777: check
send inquire msg to player 8888 
inquire/ 
7777 4393 8000 300 check 
2222 1900 8000 0 fold 
4444 1600 8000 300 call 
1111 1274 8000 300 call 
6666 1011 8000 300 call 
3333 2000 8000 0 fold 
5555 1011 8000 300 raise 
8888 1011 8000 300 call 
total pot: 1800 
/inquire 
recv from player 8888: check
send inquire msg to player 5555 
inquire/ 
8888 1011 8000 300 check 
7777 4393 8000 300 check 
2222 1900 8000 0 fold 
4444 1600 8000 300 call 
1111 1274 8000 300 call 
6666 1011 8000 300 call 
3333 2000 8000 0 fold 
5555 1011 8000 300 raise 
total pot: 1800 
/inquire 
recv from player 5555: check
send inquire msg to player 6666 
inquire/ 
3333 2000 8000 0 fold 
5555 1011 8000 300 check 
8888 1011 8000 300 check 
7777 4393 8000 300 check 
2222 1900 8000 0 fold 
4444 1600 8000 300 call 
1111 1274 8000 300 call 
6666 1011 8000 300 call 
total pot: 1800 
/inquire 
recv from player 6666: check
send inquire msg to player 1111 
inquire/ 
6666 1011 8000 300 check 
3333 2000 8000 0 fold 
5555 1011 8000 300 check 
8888 1011 8000 300 check 
7777 4393 8000 300 check 
2222 1900 8000 0 fold 
4444 1600 8000 300 call 
1111 1274 8000 300 call 
total pot: 1800 
/inquire 
recv from player 1111: fold
send inquire msg to player 4444 
inquire/ 
1111 1274 8000 300 fold 
6666 1011 8000 300 check 
3333 2000 8000 0 fold 
5555 1011 8000 300 check 
8888 1011 8000 300 check 
7777 4393 8000 300 check 
2222 1900 8000 0 fold 
4444 1600 8000 300 call 
total pot: 1800 
/inquire 
recv from player 4444: check
turn/ 
SPADES A 
/turn 

---turn round bet---
valid player: 8, all in player: 0, fold player: 3
send inquire msg to player 7777 
inquire/ 
2222 1900 8000 0 fold 
4444 1600 8000 300 check 
1111 1274 8000 300 fold 
6666 1011 8000 300 check 
3333 2000 8000 0 fold 
5555 1011 8000 300 check 
8888 1011 8000 300 check 
7777 4393 8000 300 check 
total pot: 1800 
/inquire 
recv from player 7777: check
send inquire msg to player 8888 
inquire/ 
7777 4393 8000 300 check 
2222 1900 8000 0 fold 
4444 1600 8000 300 check 
1111 1274 8000 300 fold 
6666 1011 8000 300 check 
3333 2000 8000 0 fold 
5555 1011 8000 300 check 
8888 1011 8000 300 check 
total pot: 1800 
/inquire 
recv from player 8888: check
send inquire msg to player 5555 
inquire/ 
8888 1011 8000 300 check 
7777 4393 8000 300 check 
2222 1900 8000 0 fold 
4444 1600 8000 300 check 
1111 1274 8000 300 fold 
6666 1011 8000 300 check 
3333 2000 8000 0 fold 
5555 1011 8000 300 check 
total pot: 1800 
/inquire 
recv from player 5555: check
send inquire msg to player 6666 
inquire/ 
3333 2000 8000 0 fold 
5555 1011 8000 300 check 
8888 1011 8000 300 check 
7777 4393 8000 300 check 
2222 1900 8000 0 fold 
4444 1600 8000 300 check 
1111 1274 8000 300 fold 
6666 1011 8000 300 check 
total pot: 1800 
/inquire 
recv from player 6666: check
send inquire msg to player 4444 
inquire/ 
1111 1274 8000 300 fold 
6666 1011 8000 300 check 
3333 2000 8000 0 fold 
5555 1011 8000 300 check 
8888 1011 8000 300 check 
7777 4393 8000 300 check 
2222 1900 8000 0 fold 
4444 1600 8000 300 check 
total pot: 1800 
/inquire 
recv from player 4444: check
river/ 
CLUBS 8 
/river 

---river round bet---
valid player: 8, all in player: 0, fold player: 3
send inquire msg to player 7777 
inquire/ 
2222 1900 8000 0 fold 
4444 1600 8000 300 check 
1111 1274 8000 300 fold 
6666 1011 8000 300 check 
3333 2000 8000 0 fold 
5555 1011 8000 300 check 
8888 1011 8000 300 check 
7777 4393 8000 300 check 
total pot: 1800 
/inquire 
recv from player 7777: check
send inquire msg to player 8888 
inquire/ 
7777 4393 8000 300 check 
2222 1900 8000 0 fold 
4444 1600 8000 300 check 
1111 1274 8000 300 fold 
6666 1011 8000 300 check 
3333 2000 8000 0 fold 
5555 1011 8000 300 check 
8888 1011 8000 300 check 
total pot: 1800 
/inquire 
recv from player 8888: check
send inquire msg to player 5555 
inquire/ 
8888 1011 8000 300 check 
7777 4393 8000 300 check 
2222 1900 8000 0 fold 
4444 1600 8000 300 check 
1111 1274 8000 300 fold 
6666 1011 8000 300 check 
3333 2000 8000 0 fold 
5555 1011 8000 300 check 
total pot: 1800 
/inquire 
recv from player 5555: check
send inquire msg to player 6666 
inquire/ 
3333 2000 8000 0 fold 
5555 1011 8000 300 check 
8888 1011 8000 300 check 
7777 4393 8000 300 check 
2222 1900 8000 0 fold 
4444 1600 8000 300 check 
1111 1274 8000 300 fold 
6666 1011 8000 300 check 
total pot: 1800 
/inquire 
recv from player 6666: check
send inquire msg to player 4444 
inquire/ 
1111 1274 8000 300 fold 
6666 1011 8000 300 check 
3333 2000 8000 0 fold 
5555 1011 8000 300 check 
8888 1011 8000 300 check 
7777 4393 8000 300 check 
2222 1900 8000 0 fold 
4444 1600 8000 300 check 
total pot: 1800 
/inquire 
recv from player 4444: check

---show down---
showdown/ 
common/ 
CLUBS A 
CLUBS 4 
HEARTS 6 
SPADES A 
CLUBS 8 
/common 
4: 7777 HEARTS 3 SPADES J ONE_PAIR 
4: 8888 HEARTS 5 CLUBS J ONE_PAIR 
3: 5555 DIAMONDS 9 CLUBS Q ONE_PAIR 
1: 6666 DIAMONDS 8 SPADES 8 FULL_HOUSE 
2: 4444 SPADES Q HEARTS 10 ONE_PAIR 
/showdown 

---Allocate pot---
pot-win/ 
6666: 1800 
/pot-win 
it is player 7777's turn to be button

-----3 Hand-----
seat/ 
button: 7777 4393 8000 
small blind: 8888 1011 8000 
big blind: 5555 1011 8000 
3333 2000 8000 
6666 2811 8000 
1111 1274 8000 
4444 1600 8000 
2222 1900 8000 
/seat 
blind/ 
8888: 50 
5555: 100 
/blind 
player 8888:hold/ 
DIAMONDS Q 
SPADES 3 
/hold 
player 5555:hold/ 
SPADES 6 
CLUBS 8 
/hold 
player 3333:hold/ 
DIAMONDS 6 
CLUBS 9 
/hold 
player 6666:hold/ 
SPADES K 
DIAMONDS 4 
/hold 
player 1111:hold/ 
DIAMONDS 8 
HEARTS 7 
/hold 
player 4444:hold/ 
DIAMONDS 2 
SPADES Q 
/hold 
player 2222:hold/ 
CLUBS 6 
DIAMONDS 7 
/hold 
player 7777:hold/ 
SPADES J 
SPADES 7 
/hold 

---pre flop round bet---
valid player: 8, all in player: 0, fold player: 0
send inquire msg to player 3333 
inquire/ 
5555 911 8000 100 blind 
8888 961 8000 50 blind 
total pot: 150 
/inquire 
recv from player 3333: fold
send inquire msg to player 6666 
inquire/ 
3333 2000 8000 0 fold 
5555 911 8000 100 blind 
8888 961 8000 50 blind 
total pot: 150 
/inquire 
recv from player 6666: check
send inquire msg to player 1111 
inquire/ 
6666 2711 8000 100 call 
3333 2000 8000 0 fold 
5555 911 8000 100 blind 
8888 961 8000 50 blind 
total pot: 250 
/inquire 
recv from player 1111: check
send inquire msg to player 4444 
inquire/ 
1111 1174 8000 100 call 
6666 2711 8000 100 call 
3333 2000 8000 0 fold 
5555 911 8000 100 blind 
8888 961 8000 50 blind 
total pot: 350 
/inquire 
recv from player 4444: check
send inquire msg to player 2222 
inquire/ 
4444 1500 8000 100 call 
1111 1174 8000 100 call 
6666 2711 8000 100 call 
3333 2000 8000 0 fold 
5555 911 8000 100 blind 
8888 961 8000 50 blind 
total pot: 450 
/inquire 
recv from player 2222: fold
send inquire msg to player 7777 
inquire/ 
2222 1900 8000 0 fold 
4444 1500 8000 100 call 
1111 1174 8000 100 call 
6666 2711 8000 100 call 
3333 2000 8000 0 fold 
5555 911 8000 100 blind 
8888 961 8000 50 blind 
total pot: 450 
/inquire 
recv from player 7777: raise 312
send inquire msg to player 8888 
inquire/ 
7777 3981 8000 412 raise 
2222 1900 8000 0 fold 
4444 1500 8000 100 call 
1111 1174 8000 100 call 
6666 2711 8000 100 call 
3333 2000 8000 0 fold 
5555 911 8000 100 blind 
8888 961 8000 50 blind 
total pot: 862 
/inquire 
recv from player 8888: check
send inquire msg to player 5555 
inquire/ 
8888 599 8000 412 call 
7777 3981 8000 412 raise 
2222 1900 8000 0 fold 
4444 1500 8000 100 call 
1111 1174 8000 100 call 
6666 2711 8000 100 call 
3333 2000 8000 0 fold 
5555 911 8000 100 blind 
total pot: 1224 
/inquire 
recv from player 5555: raise 0
send inquire msg to player 6666 
inquire/ 
3333 2000 8000 0 fold 
5555 287 8000 724 raise 
8888 599 8000 412 call 
7777 3981 8000 412 raise 
2222 1900 8000 0 fold 
4444 1500 8000 100 call 
1111 1174 8000 100 call 
6666 2711 8000 100 call 
total pot: 1848 
/inquire 
recv from player 6666: check
send inquire msg to player 1111 
inquire/ 
6666 2087 8000 724 call 
3333 2000 8000 0 fold 
5555 287 8000 724 raise 
8888 599 8000 412 call 
7777 3981 8000 412 raise 
2222 1900 8000 0 fold 
4444 1500 8000 100 call 
1111 1174 8000 100 call 
total pot: 2472 
/inquire 
recv from player 1111: fold
send inquire msg to player 4444 
inquire/ 
1111 1174 8000 100 fold 
6666 2087 8000 724 call 
3333 2000 8000 0 fold 
5555 287 8000 724 raise 
8888 599 8000 412 call 
7777 3981 8000 412 raise 
2222 1900 8000 0 fold 
4444 1500 8000 100 call 
total pot: 2472 
/inquire 
recv from player 4444: fold
send inquire msg to player 7777 
inquire/ 
2222 1900 8000 0 fold 
4444 1500 8000 100 fold 
1111 1174 8000 100 fold 
6666 2087 8000 724 call 
3333 2000 8000 0 fold 
5555 287 8000 724 raise 
8888 599 8000 412 call 
7777 3981 8000 412 raise 
total pot: 2472 
/inquire 
recv from player 7777: check
send inquire msg to player 8888 
inquire/ 
7777 3669 8000 724 call 
2222 1900 8000 0 fold 
4444 1500 8000 100 fold 
1111 1174 8000 100 fold 
6666 2087 8000 724 call 
3333 2000 8000 0 fold 
5555 287 8000 724 raise 
8888 599 8000 412 call 
total pot: 2784 
/inquire 
recv from player 8888: check
flop/ 
CLUBS 10 
HEARTS 5 
HEARTS J 
/flop 

---flop round bet---
valid player: 8, all in player: 0, fold player: 4
send inquire msg to player 8888 
inquire/ 
7777 3669 8000 724 call 
2222 1900 8000 0 fold 
4444 1500 8000 100 fold 
1111 1174 8000 100 fold 
6666 2087 8000 724 call 
3333 2000 8000 0 fold 
5555 287 8000 724 raise 
8888 287 8000 724 call 
total pot: 3096 
/inquire 
recv from player 8888: check
send inquire msg to player 5555 
inquire/ 
8888 287 8000 724 check 
7777 3669 8000 724 call 
2222 1900 8000 0 fold 
4444 1500 8000 100 fold 
1111 1174 8000 100 fold 
6666 2087 8000 724 call 
3333 2000 8000 0 fold 
5555 287 8000 724 raise 
total pot: 3096 
/inquire 
recv from player 5555: raise 0
send inquire msg to player 6666 
inquire/ 
3333 2000 8000 0 fold 
5555 187 8000 824 raise 
8888 287 8000 724 check 
7777 3669 8000 724 call 
2222 1900 8000 0 fold 
4444 1500 8000 100 fold 
1111 1174 8000 100 fold 
6666 2087 8000 724 call 
total pot: 3196 
/inquire 
recv from player 6666: check
send inquire msg to player 7777 
inquire/ 
2222 1900 8000 0 fold 
4444 1500 8000 100 fold 
1111 1174 8000 100 fold 
6666 1987 8000 824 call 
3333 2000 8000 0 fold 
5555 187 8000 824 raise 
8888 287 8000 724 check 
7777 3669 8000 724 call 
total pot: 3296 
/inquire 
recv from player 7777: check
send inquire msg to player 8888 
inquire/ 
7777 3569 8000 824 call 
2222 1900 8000 0 fold 
4444 1500 8000 100 fold 
1111 1174 8000 100 fold 
6666 1987 8000 824 call 
3333 2000 8000 0 fold 
5555 187 8000 824 raise 
8888 287 8000 724 check 
total pot: 3396 
/inquire 
recv from player 8888: check
turn/ 
HEARTS Q 
/turn 

---turn round bet---
valid player: 8, all in player: 0, fold player: 4
send inquire msg to player 8888 
inquire/ 
7777 3569 8000 824 call 
2222 1900 8000 0 fold 
4444 1500 8000 100 fold 
1111 1174 8000 100 fold 
6666 1987 8000 824 call 
3333 2000 8000 0 fold 
5555 187 8000 824 raise 
8888 187 8000 824 call 
total pot: 3496 
/inquire 
recv from player 8888: check
send inquire msg to player 5555 
inquire/ 
8888 187 8000 824 check 
7777 3569 8000 824 call 
2222 1900 8000 0 fold 
4444 1500 8000 100 fold 
1111 1174 8000 100 fold 
6666 1987 8000 824 call 
3333 2000 8000 0 fold 
5555 187 8000 824 raise 
total pot: 3496 
/inquire 
recv from player 5555: raise 0
send inquire msg to player 6666 
inquire/ 
3333 2000 8000 0 fold 
5555 87 8000 924 raise 
8888 187 8000 824 check 
7777 3569 8000 824 call 
2222 1900 8000 0 fold 
4444 1500 8000 100 fold 
1111 1174 8000 100 fold 
6666 1987 8000 824 call 
total pot: 3596 
/inquire 
recv from player 6666: check
send inquire msg to player 7777 
inquire/ 
2222 1900 8000 0 fold 
4444 1500 8000 100 fold 
1111 1174 8000 100 fold 
6666 1887 8000 924 call 
3333 2000 8000 0 fold 
5555 87 8000 924 raise 
8888 187 8000 824 check 
7777 3569 8000 824 call 
total pot: 3696 
/inquire 
recv from player 7777: check
send inquire msg to player 8888 
inquire/ 
7777 3469 8000 924 call 
2222 1900 8000 0 fold 
4444 1500 8000 100 fold 
1111 1174 8000 100 fold 
6666 1887 8000 924 call 
3333 2000 8000 0 fold 
5555 87 8000 924 raise 
8888 187 8000 824 check 
total pot: 3796 
/inquire 
recv from player 8888: check
river/ 
HEARTS A 
/river 

---river round bet---
valid player: 8, all in player: 0, fold player: 4
send inquire msg to player 8888 
inquire/ 
7777 3469 8000 924 call 
2222 1900 8000 0 fold 
4444 1500 8000 100 fold 
1111 1174 8000 100 fold 
6666 1887 8000 924 call 
3333 2000 8000 0 fold 
5555 87 8000 924 raise 
8888 87 8000 924 call 
total pot: 3896 
/inquire 
recv from player 8888: check
send inquire msg to player 5555 
inquire/ 
8888 87 8000 924 check 
7777 3469 8000 924 call 
2222 1900 8000 0 fold 
4444 1500 8000 100 fold 
1111 1174 8000 100 fold 
6666 1887 8000 924 call 
3333 2000 8000 0 fold 
5555 87 8000 924 raise 
total pot: 3896 
/inquire 
recv from player 5555: raise 0
send inquire msg to player 6666 
inquire/ 
3333 2000 8000 0 fold 
5555 0 8000 1011 all_in 
8888 87 8000 924 check 
7777 3469 8000 924 call 
2222 1900 8000 0 fold 
4444 1500 8000 100 fold 
1111 1174 8000 100 fold 
6666 1887 8000 924 call 
total pot: 3983 
/inquire 
recv from player 6666: check
send inquire msg to player 7777 
inquire/ 
2222 1900 8000 0 fold 
4444 1500 8000 100 fold 
1111 1174 8000 100 fold 
6666 1800 8000 1011 call 
3333 2000 8000 0 fold 
5555 0 8000 1011 all_in 
8888 87 8000 924 check 
7777 3469 8000 924 call 
total pot: 4070 
/inquire 
recv from player 7777: check
send inquire msg to player 8888 
inquire/ 
7777 3382 8000 1011 call 
2222 1900 8000 0 fold 
4444 1500 8000 100 fold 
1111 1174 8000 100 fold 
6666 1800 8000 1011 call 
3333 2000 8000 0 fold 
5555 0 8000 1011 all_in 
8888 87 8000 924 check 
total pot: 4157 
/inquire 
recv from player 8888: check

---show down---
showdown/ 
common/ 
CLUBS 10 
HEARTS 5 
HEARTS J 
HEARTS Q 
HEARTS A 
/common 
2: 8888 DIAMONDS Q SPADES 3 ONE_PAIR 
4: 5555 SPADES 6 CLUBS 8 HIGH_CARD 
1: 6666 SPADES K DIAMONDS 4 STRAIGHT 
3: 7777 SPADES J SPADES 7 ONE_PAIR 
/showdown 

---Allocate pot---
pot-win/ 
6666: 4244 
/pot-win 
it is player 8888's turn to be button

-----4 Hand-----
seat/ 
button: 8888 2000 6000 
small blind: 5555 2000 6000 
big blind: 3333 2000 8000 
6666 6044 8000 
1111 1174 8000 
4444 1500 8000 
2222 1900 8000 
7777 3382 8000 
/seat 
blind/ 
5555: 50 
3333: 100 
/blind 
player 5555:hold/ 
DIAMONDS J 
DIAMONDS 10 
/hold 
player 3333:hold/ 
CLUBS 5 
HEARTS 6 
/hold 
player 6666:hold/ 
SPADES 8 
SPADES 5 
/hold 
player 1111:hold/ 
HEARTS A 
SPADES 3 
/hold 
player 4444:hold/ 
DIAMONDS K 
SPADES Q 
/hold 
player 2222:hold/ 
SPADES K 
DIAMONDS 3 
/hold 
player 7777:hold/ 
CLUBS 7 
HEARTS Q 
/hold 
player 8888:hold/ 
HEARTS 9 
CLUBS Q 
/hold 

---pre flop round bet---
valid player: 8, all in player: 0, fold player: 0
send inquire msg to player 6666 
inquire/ 
3333 1900 8000 100 blind 
5555 1950 6000 50 blind 
total pot: 150 
/inquire 
recv from player 6666: check
send inquire msg to player 1111 
inquire/ 
6666 5944 8000 100 call 
3333 1900 8000 100 blind 
5555 1950 6000 50 blind 
total pot: 250 
/inquire 
recv from player 1111: fold
send inquire msg to player 4444 
inquire/ 
1111 1174 8000 0 fold 
6666 5944 8000 100 call 
3333 1900 8000 100 blind 
5555 1950 6000 50 blind 
total pot: 250 
/inquire 
recv from player 4444: check
send inquire msg to player 2222 
inquire/ 
4444 1400 8000 100 call 
1111 1174 8000 0 fold 
6666 5944 8000 100 call 
3333 1900 8000 100 blind 
5555 1950 6000 50 blind 
total pot: 350 
/inquire 
recv from player 2222: raise 0
send inquire msg to player 7777 
inquire/ 
2222 1700 8000 200 raise 
4444 1400 8000 100 call 
1111 1174 8000 0 fold 
6666 5944 8000 100 call 
3333 1900 8000 100 blind 
5555 1950 6000 50 blind 
total pot: 550 
/inquire 
recv from player 7777: check
send inquire msg to player 8888 
inquire/ 
7777 3182 8000 200 call 
2222 1700 8000 200 raise 
4444 1400 8000 100 call 
1111 1174 8000 0 fold 
6666 5944 8000 100 call 
3333 1900 8000 100 blind 
5555 1950 6000 50 blind 
total pot: 750 
/inquire 
recv from player 8888: check
send inquire msg to player 5555 
inquire/ 
8888 1800 6000 200 call 
7777 3182 8000 200 call 
2222 1700 8000 200 raise 
4444 1400 8000 100 call 
1111 1174 8000 0 fold 
6666 5944 8000 100 call 
3333 1900 8000 100 blind 
5555 1950 6000 50 blind 
total pot: 950 
/inquire 
recv from player 5555: raise 0
send inquire msg to player 3333 
inquire/ 
5555 1700 6000 300 raise 
8888 1800 6000 200 call 
7777 3182 8000 200 call 
2222 1700 8000 200 raise 
4444 1400 8000 100 call 
1111 1174 8000 0 fold 
6666 5944 8000 100 call 
3333 1900 8000 100 blind 
total pot: 1200 
/inquire 
recv from player 3333: raise 0
send inquire msg to player 6666 
inquire/ 
3333 1600 8000 400 raise 
5555 1700 6000 300 raise 
8888 1800 6000 200 call 
7777 3182 8000 200 call 
2222 1700 8000 200 raise 
4444 1400 8000 100 call 
1111 1174 8000 0 fold 
6666 5944 8000 100 call 
total pot: 1500 
/inquire 
recv from player 6666: check
send inquire msg to player 4444 
inquire/ 
1111 1174 8000 0 fold 
6666 5644 8000 400 call 
3333 1600 8000 400 raise 
5555 1700 6000 300 raise 
8888 1800 6000 200 call 
7777 3182 8000 200 call 
2222 1700 8000 200 raise 
4444 1400 8000 100 call 
total pot: 1800 
/inquire 
recv from player 4444: check
send inquire msg to player 2222 
inquire/ 
4444 1100 8000 400 call 
1111 1174 8000 0 fold 
6666 5644 8000 400 call 
3333 1600 8000 400 raise 
5555 1700 6000 300 raise 
8888 1800 6000 200 call 
7777 3182 8000 200 call 
2222 1700 8000 200 raise 
total pot: 2100 
/inquire 
recv from player 2222: raise 0
send inquire msg to player 7777 
inquire/ 
2222 1400 8000 500 raise 
4444 1100 8000 400 call 
1111 1174 8000 0 fold 
6666 5644 8000 400 call 
3333 1600 8000 400 raise 
5555 1700 6000 300 raise 
8888 1800 6000 200 call 
7777 3182 8000 200 call 
total pot: 2400 
/inquire 
recv from player 7777: check
send inquire msg to player 8888 
inquire/ 
7777 2882 8000 500 call 
2222 1400 8000 500 raise 
4444 1100 8000 400 call 
1111 1174 8000 0 fold 
6666 5644 8000 400 call 
3333 1600 8000 400 raise 
5555 1700 6000 300 raise 
8888 1800 6000 200 call 
total pot: 2700 
/inquire 
recv from player 8888: check
send inquire msg to player 5555 
inquire/ 
8888 1500 6000 500 call 
7777 2882 8000 500 call 
2222 1400 8000 500 raise 
4444 1100 8000 400 call 
1111 1174 8000 0 fold 
6666 5644 8000 400 call 
3333 1600 8000 400 raise 
5555 1700 6000 300 raise 
total pot: 3000 
/inquire 
recv from player 5555: check
send inquire msg to player 3333 
inquire/ 
5555 1500 6000 500 call 
8888 1500 6000 500 call 
7777 2882 8000 500 call 
2222 1400 8000 500 raise 
4444 1100 8000 400 call 
1111 1174 8000 0 fold 
6666 5644 8000 400 call 
3333 1600 8000 400 raise 
total pot: 3200 
/inquire 
recv from player 3333: check
send inquire msg to player 6666 
inquire/ 
3333 1500 8000 500 call 
5555 1500 6000 500 call 
8888 1500 6000 500 call 
7777 2882 8000 500 call 
2222 1400 8000 500 raise 
4444 1100 8000 400 call 
1111 1174 8000 0 fold 
6666 5644 8000 400 call 
total pot: 3300 
/inquire 
recv from player 6666: check
send inquire msg to player 4444 
inquire/ 
1111 1174 8000 0 fold 
6666 5544 8000 500 call 
3333 1500 8000 500 call 
5555 1500 6000 500 call 
8888 1500 6000 500 call 
7777 2882 8000 500 call 
2222 1400 8000 500 raise 
4444 1100 8000 400 call 
total pot: 3400 
/inquire 
recv from player 4444: check
flop/ 
DIAMONDS 5 
DIAMONDS Q 
CLUBS 8 
/flop 

---flop round bet---
valid player: 8, all in player: 0, fold player: 1
send inquire msg to player 5555 
inquire/ 
8888 1500 6000 500 call 
7777 2882 8000 500 call 
2222 1400 8000 500 raise 
4444 1000 8000 500 call 
1111 1174 8000 0 fold 
6666 5544 8000 500 call 
3333 1500 8000 500 call 
5555 1500 6000 500 call 
total pot: 3500 
/inquire 
recv from player 5555: raise 0
send inquire msg to player 3333 
inquire/ 
5555 1400 6000 600 raise 
8888 1500 6000 500 call 
7777 2882 8000 500 call 
2222 1400 8000 500 raise 
4444 1000 8000 500 call 
1111 1174 8000 0 fold 
6666 5544 8000 500 call 
3333 1500 8000 500 call 
total pot: 3600 
/inquire 
recv from player 3333: fold
send inquire msg to player 6666 
inquire/ 
3333 1500 8000 500 fold 
5555 1400 6000 600 raise 
8888 1500 6000 500 call 
7777 2882 8000 500 call 
2222 1400 8000 500 raise 
4444 1000 8000 500 call 
1111 1174 8000 0 fold 
6666 5544 8000 500 call 
total pot: 3600 
/inquire 
recv from player 6666: check
send inquire msg to player 4444 
inquire/ 
1111 1174 8000 0 fold 
6666 5444 8000 600 call 
3333 1500 8000 500 fold 
5555 1400 6000 600 raise 
8888 1500 6000 500 call 
7777 2882 8000 500 call 
2222 1400 8000 500 raise 
4444 1000 8000 500 call 
total pot: 3700 
/inquire 
recv from player 4444: check
send inquire msg to player 2222 
inquire/ 
4444 900 8000 600 call 
1111 1174 8000 0 fold 
6666 5444 8000 600 call 
3333 1500 8000 500 fold 
5555 1400 6000 600 raise 
8888 1500 6000 500 call 
7777 2882 8000 500 call 
2222 1400 8000 500 raise 
total pot: 3800 
/inquire 
recv from player 2222: fold
send inquire msg to player 7777 
inquire/ 
2222 1400 8000 500 fold 
4444 900 8000 600 call 
1111 1174 8000 0 fold 
6666 5444 8000 600 call 
3333 1500 8000 500 fold 
5555 1400 6000 600 raise 
8888 1500 6000 500 call 
7777 2882 8000 500 call 
total pot: 3800 
/inquire 
recv from player 7777: check
send inquire msg to player 8888 
inquire/ 
7777 2782 8000 600 call 
2222 1400 8000 500 fold 
4444 900 8000 600 call 
1111 1174 8000 0 fold 
6666 5444 8000 600 call 
3333 1500 8000 500 fold 
5555 1400 6000 600 raise 
8888 1500 6000 500 call 
total pot: 3900 
/inquire 
recv from player 8888: check
turn/ 
SPADES 2 
/turn 

---turn round bet---
valid player: 8, all in player: 0, fold player: 3
send inquire msg to player 5555 
inquire/ 
8888 1400 6000 600 call 
7777 2782 8000 600 call 
2222 1400 8000 500 fold 
4444 900 8000 600 call 
1111 1174 8000 0 fold 
6666 5444 8000 600 call 
3333 1500 8000 500 fold 
5555 1400 6000 600 raise 
total pot: 4000 
/inquire 
recv from player 5555: raise 0
send inquire msg to player 6666 
inquire/ 
3333 1500 8000 500 fold 
5555 1300 6000 700 raise 
8888 1400 6000 600 call 
7777 2782 8000 600 call 
2222 1400 8000 500 fold 
4444 900 8000 600 call 
1111 1174 8000 0 fold 
6666 5444 8000 600 call 
total pot: 4100 
/inquire 
recv from player 6666: check
send inquire msg to player 4444 
inquire/ 
1111 1174 8000 0 fold 
6666 5344 8000 700 call 
3333 1500 8000 500 fold 
5555 1300 6000 700 raise 
8888 1400 6000 600 call 
7777 2782 8000 600 call 
2222 1400 8000 500 fold 
4444 900 8000 600 call 
total pot: 4200 
/inquire 
recv from player 4444: check
send inquire msg to player 7777 
inquire/ 
2222 1400 8000 500 fold 
4444 800 8000 700 call 
1111 1174 8000 0 fold 
6666 5344 8000 700 call 
3333 1500 8000 500 fold 
5555 1300 6000 700 raise 
8888 1400 6000 600 call 
7777 2782 8000 600 call 
total pot: 4300 
/inquire 
recv from player 7777: check
send inquire msg to player 8888 
inquire/ 
7777 2682 8000 700 call 
2222 1400 8000 500 fold 
4444 800 8000 700 call 
1111 1174 8000 0 fold 
6666 5344 8000 700 call 
3333 1500 8000 500 fold 
5555 1300 6000 700 raise 
8888 1400 6000 600 call 
total pot: 4400 
/inquire 
recv from player 8888: check
river/ 
HEARTS 10 
/river 

---river round bet---
valid player: 8, all in player: 0, fold player: 3
send inquire msg to player 5555 
inquire/ 
8888 1300 6000 700 call 
7777 2682 8000 700 call 
2222 1400 8000 500 fold 
4444 800 8000 700 call 
1111 1174 8000 0 fold 
6666 5344 8000 700 call 
3333 1500 8000 500 fold 
5555 1300 6000 700 raise 
total pot: 4500 
/inquire 
recv from player 5555: raise 0
send inquire msg to player 6666 
inquire/ 
3333 1500 8000 500 fold 
5555 1200 6000 800 raise 
8888 1300 6000 700 call 
7777 2682 8000 700 call 
2222 1400 8000 500 fold 
4444 800 8000 700 call 
1111 1174 8000 0 fold 
