

===VERSION 1.24===
---GAME START @ 2015-5-19-22-6-11---

wait registration for 30 seconds
reg: 3333 Ty_lxx 
reg: 4444 simplebot need_notify 
reg: 1111 simplebot need_notify 
reg: 6666 simplebot need_notify 
reg: 7777 cleverbot need_notify 
reg: 2222 simplebot need_notify 
reg: 5555 young 
reg: 8888 simplebot need_notify 
close registration

-----1 Hand-----

----- clean player data in socket -----
seat/ 
button: 7777 2000 8000 
small blind: 5555 2000 8000 
big blind: 3333 2000 8000 
2222 2000 8000 
4444 2000 8000 
8888 2000 8000 
1111 2000 8000 
6666 2000 8000 
/seat 
blind/ 
5555: 50 
3333: 100 
/blind 
player 5555:hold/ 
SPADES 8 
SPADES 2 
/hold 
player 3333:hold/ 
CLUBS J 
SPADES 4 
/hold 
player 2222:hold/ 
CLUBS A 
CLUBS Q 
/hold 
player 4444:hold/ 
CLUBS 3 
DIAMONDS 8 
/hold 
player 8888:hold/ 
CLUBS 4 
CLUBS 5 
/hold 
player 1111:hold/ 
SPADES A 
DIAMONDS Q 
/hold 
player 6666:hold/ 
HEARTS 6 
SPADES J 
/hold 
player 7777:hold/ 
DIAMONDS 2 
DIAMONDS 10 
/hold 

---pre flop round bet---
valid player: 8, all in player: 0, fold player: 0
send inquire msg to player 2222 
inquire/ 
3333 1900 8000 100 blind 
5555 1950 8000 50 blind 
total pot: 150 
/inquire 
recv from player 2222: call 

send inquire msg to player 4444 
inquire/ 
2222 1900 8000 100 call 
3333 1900 8000 100 blind 
5555 1950 8000 50 blind 
total pot: 250 
/inquire 
recv from player 4444: call 

send inquire msg to player 8888 
inquire/ 
4444 1900 8000 100 call 
2222 1900 8000 100 call 
3333 1900 8000 100 blind 
5555 1950 8000 50 blind 
total pot: 350 
/inquire 
recv from player 8888: raise 149 

send inquire msg to player 1111 
inquire/ 
8888 1751 8000 249 raise 
4444 1900 8000 100 call 
2222 1900 8000 100 call 
3333 1900 8000 100 blind 
5555 1950 8000 50 blind 
total pot: 599 
/inquire 
recv from player 1111: call 

send inquire msg to player 6666 
inquire/ 
1111 1751 8000 249 call 
8888 1751 8000 249 raise 
4444 1900 8000 100 call 
2222 1900 8000 100 call 
3333 1900 8000 100 blind 
5555 1950 8000 50 blind 
total pot: 848 
/inquire 
recv from player 6666: fold 

send inquire msg to player 7777 
inquire/ 
6666 2000 8000 0 fold 
1111 1751 8000 249 call 
8888 1751 8000 249 raise 
4444 1900 8000 100 call 
2222 1900 8000 100 call 
3333 1900 8000 100 blind 
5555 1950 8000 50 blind 
total pot: 848 
/inquire 
recv from player 7777: fold 

send inquire msg to player 5555 
inquire/ 
7777 2000 8000 0 fold 
6666 2000 8000 0 fold 
1111 1751 8000 249 call 
8888 1751 8000 249 raise 
4444 1900 8000 100 call 
2222 1900 8000 100 call 
3333 1900 8000 100 blind 
5555 1950 8000 50 blind 
total pot: 848 
/inquire 
recv from player 5555: fold 

send inquire msg to player 3333 
inquire/ 
5555 1950 8000 50 fold 
7777 2000 8000 0 fold 
6666 2000 8000 0 fold 
1111 1751 8000 249 call 
8888 1751 8000 249 raise 
4444 1900 8000 100 call 
2222 1900 8000 100 call 
3333 1900 8000 100 blind 
total pot: 848 
/inquire 
recv from player 3333: fold 

send inquire msg to player 2222 
inquire/ 
3333 1900 8000 100 fold 
5555 1950 8000 50 fold 
7777 2000 8000 0 fold 
6666 2000 8000 0 fold 
1111 1751 8000 249 call 
8888 1751 8000 249 raise 
4444 1900 8000 100 call 
2222 1900 8000 100 call 
total pot: 848 
/inquire 
recv from player 2222: call 

send inquire msg to player 4444 
inquire/ 
2222 1751 8000 249 call 
3333 1900 8000 100 fold 
5555 1950 8000 50 fold 
7777 2000 8000 0 fold 
6666 2000 8000 0 fold 
1111 1751 8000 249 call 
8888 1751 8000 249 raise 
4444 1900 8000 100 call 
total pot: 997 
/inquire 
recv from player 4444: call 

flop/ 
HEARTS J 
SPADES 5 
DIAMONDS 6 
/flop 

---flop round bet---
valid player: 8, all in player: 0, fold player: 4
send inquire msg to player 2222 
inquire/ 
3333 1900 8000 100 fold 
5555 1950 8000 50 fold 
7777 2000 8000 0 fold 
6666 2000 8000 0 fold 
1111 1751 8000 249 call 
8888 1751 8000 249 raise 
4444 1751 8000 249 call 
2222 1751 8000 249 call 
total pot: 1146 
/inquire 
recv from player 2222: call 

send inquire msg to player 4444 
inquire/ 
2222 1751 8000 249 check 
3333 1900 8000 100 fold 
5555 1950 8000 50 fold 
7777 2000 8000 0 fold 
6666 2000 8000 0 fold 
1111 1751 8000 249 call 
8888 1751 8000 249 raise 
4444 1751 8000 249 call 
total pot: 1146 
/inquire 
recv from player 4444: call 

send inquire msg to player 8888 
inquire/ 
4444 1751 8000 249 check 
2222 1751 8000 249 check 
3333 1900 8000 100 fold 
5555 1950 8000 50 fold 
7777 2000 8000 0 fold 
6666 2000 8000 0 fold 
1111 1751 8000 249 call 
8888 1751 8000 249 raise 
total pot: 1146 
/inquire 
recv from player 8888: call 

send inquire msg to player 1111 
inquire/ 
8888 1751 8000 249 check 
4444 1751 8000 249 check 
2222 1751 8000 249 check 
3333 1900 8000 100 fold 
5555 1950 8000 50 fold 
7777 2000 8000 0 fold 
6666 2000 8000 0 fold 
1111 1751 8000 249 call 
total pot: 1146 
/inquire 
recv from player 1111: call 

turn/ 
DIAMONDS A 
/turn 

---turn round bet---
valid player: 8, all in player: 0, fold player: 4
send inquire msg to player 2222 
inquire/ 
3333 1900 8000 100 fold 
5555 1950 8000 50 fold 
7777 2000 8000 0 fold 
6666 2000 8000 0 fold 
1111 1751 8000 249 check 
8888 1751 8000 249 check 
4444 1751 8000 249 check 
2222 1751 8000 249 check 
total pot: 1146 
/inquire 
recv from player 2222: raise 397 

send inquire msg to player 4444 
inquire/ 
2222 1354 8000 646 raise 
3333 1900 8000 100 fold 
5555 1950 8000 50 fold 
7777 2000 8000 0 fold 
6666 2000 8000 0 fold 
1111 1751 8000 249 check 
8888 1751 8000 249 check 
4444 1751 8000 249 check 
total pot: 1543 
/inquire 
recv from player 4444: fold 

send inquire msg to player 8888 
inquire/ 
4444 1751 8000 249 fold 
2222 1354 8000 646 raise 
3333 1900 8000 100 fold 
5555 1950 8000 50 fold 
7777 2000 8000 0 fold 
6666 2000 8000 0 fold 
1111 1751 8000 249 check 
8888 1751 8000 249 check 
total pot: 1543 
/inquire 
recv from player 8888: fold 

send inquire msg to player 1111 
inquire/ 
8888 1751 8000 249 fold 
4444 1751 8000 249 fold 
2222 1354 8000 646 raise 
3333 1900 8000 100 fold 
5555 1950 8000 50 fold 
7777 2000 8000 0 fold 
6666 2000 8000 0 fold 
1111 1751 8000 249 check 
total pot: 1543 
/inquire 
recv from player 1111: call 

river/ 
HEARTS 9 
/river 

---river round bet---
valid player: 8, all in player: 0, fold player: 6
send inquire msg to player 2222 
inquire/ 
3333 1900 8000 100 fold 
5555 1950 8000 50 fold 
7777 2000 8000 0 fold 
6666 2000 8000 0 fold 
1111 1354 8000 646 call 
8888 1751 8000 249 fold 
4444 1751 8000 249 fold 
2222 1354 8000 646 raise 
total pot: 1940 
/inquire 
recv from player 2222: call 

send notify msg to player 4444 
notify/ 
2222 1354 8000 646 check 
3333 1900 8000 100 fold 
5555 1950 8000 50 fold 
7777 2000 8000 0 fold 
6666 2000 8000 0 fold 
1111 1354 8000 646 call 
8888 1751 8000 249 fold 
4444 1751 8000 249 fold 
total pot: 1940 
/notify 
send notify msg to player 8888 
notify/ 
4444 1751 8000 249 fold 
2222 1354 8000 646 check 
3333 1900 8000 100 fold 
5555 1950 8000 50 fold 
7777 2000 8000 0 fold 
6666 2000 8000 0 fold 
1111 1354 8000 646 call 
8888 1751 8000 249 fold 
total pot: 1940 
/notify 
send inquire msg to player 1111 
inquire/ 
8888 1751 8000 249 fold 
4444 1751 8000 249 fold 
2222 1354 8000 646 check 
3333 1900 8000 100 fold 
5555 1950 8000 50 fold 
7777 2000 8000 0 fold 
6666 2000 8000 0 fold 
1111 1354 8000 646 call 
total pot: 1940 
/inquire 
recv from player 1111: call 


----- notify msg last round -----
send notify msg to player 6666 
notify/ 
1111 1354 8000 646 check 
8888 1751 8000 249 fold 
4444 1751 8000 249 fold 
2222 1354 8000 646 check 
3333 1900 8000 100 fold 
5555 1950 8000 50 fold 
7777 2000 8000 0 fold 
6666 2000 8000 0 fold 
total pot: 1940 
/notify 
send notify msg to player 7777 
notify/ 
6666 2000 8000 0 fold 
1111 1354 8000 646 check 
8888 1751 8000 249 fold 
4444 1751 8000 249 fold 
2222 1354 8000 646 check 
3333 1900 8000 100 fold 
5555 1950 8000 50 fold 
7777 2000 8000 0 fold 
total pot: 1940 
/notify 
send notify msg to player 2222 
notify/ 
3333 1900 8000 100 fold 
5555 1950 8000 50 fold 
7777 2000 8000 0 fold 
6666 2000 8000 0 fold 
1111 1354 8000 646 check 
8888 1751 8000 249 fold 
4444 1751 8000 249 fold 
2222 1354 8000 646 check 
total pot: 1940 
/notify 
send notify msg to player 4444 
notify/ 
2222 1354 8000 646 check 
3333 1900 8000 100 fold 
5555 1950 8000 50 fold 
7777 2000 8000 0 fold 
6666 2000 8000 0 fold 
1111 1354 8000 646 check 
8888 1751 8000 249 fold 
4444 1751 8000 249 fold 
total pot: 1940 
/notify 
send notify msg to player 8888 
notify/ 
4444 1751 8000 249 fold 
2222 1354 8000 646 check 
3333 1900 8000 100 fold 
5555 1950 8000 50 fold 
7777 2000 8000 0 fold 
6666 2000 8000 0 fold 
1111 1354 8000 646 check 
8888 1751 8000 249 fold 
total pot: 1940 
/notify 
send notify msg to player 1111 
notify/ 
8888 1751 8000 249 fold 
4444 1751 8000 249 fold 
2222 1354 8000 646 check 
3333 1900 8000 100 fold 
5555 1950 8000 50 fold 
7777 2000 8000 0 fold 
6666 2000 8000 0 fold 
1111 1354 8000 646 check 
total pot: 1940 
/notify 

---show down---
showdown/ 
common/ 
HEARTS J 
SPADES 5 
DIAMONDS 6 
DIAMONDS A 
HEARTS 9 
/common 
1: 2222 CLUBS A CLUBS Q ONE_PAIR 
1: 1111 SPADES A DIAMONDS Q ONE_PAIR 
/showdown 

---Allocate pot---
pot-win/ 
2222: 970 
1111: 970 
/pot-win 
it is player 5555's turn to be button

-----2 Hand-----

----- clean player data in socket -----
seat/ 
button: 5555 1950 8000 
small blind: 3333 1900 8000 
big blind: 2222 2324 8000 
4444 1751 8000 
8888 1751 8000 
1111 2324 8000 
6666 2000 8000 
7777 2000 8000 
/seat 
blind/ 
3333: 50 
2222: 100 
/blind 
player 3333:hold/ 
SPADES 4 
CLUBS 3 
/hold 
player 2222:hold/ 
HEARTS 5 
SPADES 8 
/hold 
player 4444:hold/ 
DIAMONDS 2 
SPADES 3 
/hold 
player 8888:hold/ 
DIAMONDS 10 
CLUBS J 
/hold 
player 1111:hold/ 
HEARTS 3 
DIAMONDS 7 
/hold 
player 6666:hold/ 
HEARTS 10 
CLUBS 8 
/hold 
player 7777:hold/ 
HEARTS 6 
SPADES 6 
/hold 
player 5555:hold/ 
CLUBS Q 
HEARTS J 
/hold 

---pre flop round bet---
valid player: 8, all in player: 0, fold player: 0
send inquire msg to player 4444 
inquire/ 
2222 2224 8000 100 blind 
3333 1850 8000 50 blind 
total pot: 150 
/inquire 
recv from player 4444: call 

send inquire msg to player 8888 
inquire/ 
4444 1651 8000 100 call 
2222 2224 8000 100 blind 
3333 1850 8000 50 blind 
total pot: 250 
/inquire 
recv from player 8888: raise 162 

send inquire msg to player 1111 
inquire/ 
8888 1489 8000 262 raise 
4444 1651 8000 100 call 
2222 2224 8000 100 blind 
3333 1850 8000 50 blind 
total pot: 512 
/inquire 
recv from player 1111: fold 

send inquire msg to player 6666 
inquire/ 
1111 2324 8000 0 fold 
8888 1489 8000 262 raise 
4444 1651 8000 100 call 
2222 2224 8000 100 blind 
3333 1850 8000 50 blind 
total pot: 512 
/inquire 
recv from player 6666: call 

send inquire msg to player 7777 
inquire/ 
6666 1738 8000 262 call 
1111 2324 8000 0 fold 
8888 1489 8000 262 raise 
4444 1651 8000 100 call 
2222 2224 8000 100 blind 
3333 1850 8000 50 blind 
total pot: 774 
/inquire 
recv from player 7777: fold 

send inquire msg to player 5555 
inquire/ 
7777 2000 8000 0 fold 
6666 1738 8000 262 call 
1111 2324 8000 0 fold 
8888 1489 8000 262 raise 
4444 1651 8000 100 call 
2222 2224 8000 100 blind 
3333 1850 8000 50 blind 
total pot: 774 
/inquire 
recv from player 5555: call 

send inquire msg to player 3333 
inquire/ 
5555 1688 8000 262 call 
7777 2000 8000 0 fold 
6666 1738 8000 262 call 
1111 2324 8000 0 fold 
8888 1489 8000 262 raise 
4444 1651 8000 100 call 
2222 2224 8000 100 blind 
3333 1850 8000 50 blind 
total pot: 1036 
/inquire 
recv from player 3333: fold 

send inquire msg to player 2222 
inquire/ 
3333 1850 8000 50 fold 
5555 1688 8000 262 call 
7777 2000 8000 0 fold 
6666 1738 8000 262 call 
1111 2324 8000 0 fold 
8888 1489 8000 262 raise 
4444 1651 8000 100 call 
2222 2224 8000 100 blind 
total pot: 1036 
/inquire 
recv from player 2222: call 

send inquire msg to player 4444 
inquire/ 
2222 2062 8000 262 call 
3333 1850 8000 50 fold 
5555 1688 8000 262 call 
7777 2000 8000 0 fold 
6666 1738 8000 262 call 
1111 2324 8000 0 fold 
8888 1489 8000 262 raise 
4444 1651 8000 100 call 
total pot: 1198 
/inquire 
recv from player 4444: call 

flop/ 
CLUBS 4 
CLUBS 7 
SPADES J 
/flop 

---flop round bet---
valid player: 8, all in player: 0, fold player: 3
send inquire msg to player 2222 
inquire/ 
3333 1850 8000 50 fold 
5555 1688 8000 262 call 
7777 2000 8000 0 fold 
6666 1738 8000 262 call 
1111 2324 8000 0 fold 
8888 1489 8000 262 raise 
4444 1489 8000 262 call 
2222 2062 8000 262 call 
total pot: 1360 
/inquire 
recv from player 2222: call 

send inquire msg to player 4444 
inquire/ 
2222 2062 8000 262 check 
3333 1850 8000 50 fold 
5555 1688 8000 262 call 
7777 2000 8000 0 fold 
6666 1738 8000 262 call 
1111 2324 8000 0 fold 
8888 1489 8000 262 raise 
4444 1489 8000 262 call 
total pot: 1360 
/inquire 
recv from player 4444: call 

send inquire msg to player 8888 
inquire/ 
4444 1489 8000 262 check 
2222 2062 8000 262 check 
3333 1850 8000 50 fold 
5555 1688 8000 262 call 
7777 2000 8000 0 fold 
6666 1738 8000 262 call 
1111 2324 8000 0 fold 
8888 1489 8000 262 raise 
total pot: 1360 
/inquire 
recv from player 8888: raise 2 

send notify msg to player 1111 
notify/ 
8888 1389 8000 362 raise 
4444 1489 8000 262 check 
2222 2062 8000 262 check 
3333 1850 8000 50 fold 
5555 1688 8000 262 call 
7777 2000 8000 0 fold 
6666 1738 8000 262 call 
1111 2324 8000 0 fold 
total pot: 1460 
/notify 
send inquire msg to player 6666 
inquire/ 
1111 2324 8000 0 fold 
8888 1389 8000 362 raise 
4444 1489 8000 262 check 
2222 2062 8000 262 check 
3333 1850 8000 50 fold 
5555 1688 8000 262 call 
7777 2000 8000 0 fold 
6666 1738 8000 262 call 
total pot: 1460 
/inquire 
recv from player 6666: call 

send notify msg to player 7777 
notify/ 
6666 1638 8000 362 call 
1111 2324 8000 0 fold 
8888 1389 8000 362 raise 
4444 1489 8000 262 check 
2222 2062 8000 262 check 
3333 1850 8000 50 fold 
5555 1688 8000 262 call 
7777 2000 8000 0 fold 
total pot: 1560 
/notify 
send inquire msg to player 5555 
inquire/ 
7777 2000 8000 0 fold 
6666 1638 8000 362 call 
1111 2324 8000 0 fold 
8888 1389 8000 362 raise 
4444 1489 8000 262 check 
2222 2062 8000 262 check 
3333 1850 8000 50 fold 
5555 1688 8000 262 call 
total pot: 1560 
/inquire 
recv from player 5555: raise 189

send inquire msg to player 2222 
inquire/ 
3333 1850 8000 50 fold 
5555 1399 8000 551 raise 
7777 2000 8000 0 fold 
6666 1638 8000 362 call 
1111 2324 8000 0 fold 
8888 1389 8000 362 raise 
4444 1489 8000 262 check 
2222 2062 8000 262 check 
total pot: 1849 
/inquire 
recv from player 2222: call 

send inquire msg to player 4444 
inquire/ 
2222 1773 8000 551 call 
3333 1850 8000 50 fold 
5555 1399 8000 551 raise 
7777 2000 8000 0 fold 
6666 1638 8000 362 call 
1111 2324 8000 0 fold 
8888 1389 8000 362 raise 
4444 1489 8000 262 check 
total pot: 2138 
/inquire 
recv from player 4444: fold 

send inquire msg to player 8888 
inquire/ 
4444 1489 8000 262 fold 
2222 1773 8000 551 call 
3333 1850 8000 50 fold 
5555 1399 8000 551 raise 
7777 2000 8000 0 fold 
6666 1638 8000 362 call 
1111 2324 8000 0 fold 
8888 1389 8000 362 raise 
total pot: 2138 
/inquire 
recv from player 8888: call 

send notify msg to player 1111 
notify/ 
8888 1200 8000 551 call 
4444 1489 8000 262 fold 
2222 1773 8000 551 call 
3333 1850 8000 50 fold 
5555 1399 8000 551 raise 
7777 2000 8000 0 fold 
6666 1638 8000 362 call 
1111 2324 8000 0 fold 
total pot: 2327 
/notify 
send inquire msg to player 6666 
inquire/ 
1111 2324 8000 0 fold 
8888 1200 8000 551 call 
4444 1489 8000 262 fold 
2222 1773 8000 551 call 
3333 1850 8000 50 fold 
5555 1399 8000 551 raise 
7777 2000 8000 0 fold 
6666 1638 8000 362 call 
total pot: 2327 
/inquire 
recv from player 6666: call 

turn/ 
DIAMONDS 8 
/turn 

---turn round bet---
valid player: 8, all in player: 0, fold player: 4
send inquire msg to player 2222 
inquire/ 
3333 1850 8000 50 fold 
5555 1399 8000 551 raise 
7777 2000 8000 0 fold 
6666 1449 8000 551 call 
1111 2324 8000 0 fold 
8888 1200 8000 551 call 
4444 1489 8000 262 fold 
2222 1773 8000 551 call 
total pot: 2516 
/inquire 
recv from player 2222: call 

send notify msg to player 4444 
notify/ 
2222 1773 8000 551 check 
3333 1850 8000 50 fold 
5555 1399 8000 551 raise 
7777 2000 8000 0 fold 
6666 1449 8000 551 call 
1111 2324 8000 0 fold 
8888 1200 8000 551 call 
4444 1489 8000 262 fold 
total pot: 2516 
/notify 
send inquire msg to player 8888 
inquire/ 
4444 1489 8000 262 fold 
2222 1773 8000 551 check 
3333 1850 8000 50 fold 
5555 1399 8000 551 raise 
7777 2000 8000 0 fold 
6666 1449 8000 551 call 
1111 2324 8000 0 fold 
8888 1200 8000 551 call 
total pot: 2516 
/inquire 
recv from player 8888: call 

send notify msg to player 1111 
notify/ 
8888 1200 8000 551 check 
4444 1489 8000 262 fold 
2222 1773 8000 551 check 
3333 1850 8000 50 fold 
5555 1399 8000 551 raise 
7777 2000 8000 0 fold 
6666 1449 8000 551 call 
1111 2324 8000 0 fold 
total pot: 2516 
/notify 
send inquire msg to player 6666 
inquire/ 
1111 2324 8000 0 fold 
8888 1200 8000 551 check 
4444 1489 8000 262 fold 
2222 1773 8000 551 check 
3333 1850 8000 50 fold 
5555 1399 8000 551 raise 
7777 2000 8000 0 fold 
6666 1449 8000 551 call 
total pot: 2516 
/inquire 
recv from player 6666: call 

send notify msg to player 7777 
notify/ 
6666 1449 8000 551 check 
1111 2324 8000 0 fold 
8888 1200 8000 551 check 
4444 1489 8000 262 fold 
2222 1773 8000 551 check 
3333 1850 8000 50 fold 
5555 1399 8000 551 raise 
7777 2000 8000 0 fold 
total pot: 2516 
/notify 
send inquire msg to player 5555 
inquire/ 
7777 2000 8000 0 fold 
6666 1449 8000 551 check 
1111 2324 8000 0 fold 
8888 1200 8000 551 check 
4444 1489 8000 262 fold 
2222 1773 8000 551 check 
3333 1850 8000 50 fold 
5555 1399 8000 551 raise 
total pot: 2516 
/inquire 
recv from player 5555: raise 189

send inquire msg to player 2222 
inquire/ 
3333 1850 8000 50 fold 
5555 1210 8000 740 raise 
7777 2000 8000 0 fold 
6666 1449 8000 551 check 
1111 2324 8000 0 fold 
8888 1200 8000 551 check 
4444 1489 8000 262 fold 
2222 1773 8000 551 check 
total pot: 2705 
/inquire 
recv from player 2222: call 

send notify msg to player 4444 
notify/ 
2222 1584 8000 740 call 
3333 1850 8000 50 fold 
5555 1210 8000 740 raise 
7777 2000 8000 0 fold 
6666 1449 8000 551 check 
1111 2324 8000 0 fold 
8888 1200 8000 551 check 
4444 1489 8000 262 fold 
total pot: 2894 
/notify 
send inquire msg to player 8888 
inquire/ 
4444 1489 8000 262 fold 
2222 1584 8000 740 call 
3333 1850 8000 50 fold 
5555 1210 8000 740 raise 
7777 2000 8000 0 fold 
6666 1449 8000 551 check 
1111 2324 8000 0 fold 
8888 1200 8000 551 check 
total pot: 2894 
/inquire 
recv from player 8888: call 

send notify msg to player 1111 
notify/ 
8888 1011 8000 740 call 
4444 1489 8000 262 fold 
2222 1584 8000 740 call 
3333 1850 8000 50 fold 
5555 1210 8000 740 raise 
7777 2000 8000 0 fold 
6666 1449 8000 551 check 
1111 2324 8000 0 fold 
total pot: 3083 
/notify 
send inquire msg to player 6666 
inquire/ 
1111 2324 8000 0 fold 
8888 1011 8000 740 call 
4444 1489 8000 262 fold 
2222 1584 8000 740 call 
3333 1850 8000 50 fold 
5555 1210 8000 740 raise 
7777 2000 8000 0 fold 
6666 1449 8000 551 check 
total pot: 3083 
/inquire 
recv from player 6666: call 

river/ 
CLUBS 9 
/river 

---river round bet---
valid player: 8, all in player: 0, fold player: 4
send inquire msg to player 2222 
inquire/ 
3333 1850 8000 50 fold 
5555 1210 8000 740 raise 
7777 2000 8000 0 fold 
6666 1260 8000 740 call 
1111 2324 8000 0 fold 
8888 1011 8000 740 call 
4444 1489 8000 262 fold 
2222 1584 8000 740 call 
total pot: 3272 
/inquire 
recv from player 2222: call 

send notify msg to player 4444 
notify/ 
2222 1584 8000 740 check 
3333 1850 8000 50 fold 
5555 1210 8000 740 raise 
7777 2000 8000 0 fold 
6666 1260 8000 740 call 
1111 2324 8000 0 fold 
8888 1011 8000 740 call 
4444 1489 8000 262 fold 
total pot: 3272 
/notify 
send inquire msg to player 8888 
inquire/ 
4444 1489 8000 262 fold 
2222 1584 8000 740 check 
3333 1850 8000 50 fold 
5555 1210 8000 740 raise 
7777 2000 8000 0 fold 
6666 1260 8000 740 call 
1111 2324 8000 0 fold 
8888 1011 8000 740 call 
total pot: 3272 
/inquire 
recv from player 8888: call 

send notify msg to player 1111 
notify/ 
8888 1011 8000 740 check 
4444 1489 8000 262 fold 
2222 1584 8000 740 check 
3333 1850 8000 50 fold 
5555 1210 8000 740 raise 
7777 2000 8000 0 fold 
6666 1260 8000 740 call 
1111 2324 8000 0 fold 
total pot: 3272 
/notify 
send inquire msg to player 6666 
inquire/ 
1111 2324 8000 0 fold 
8888 1011 8000 740 check 
4444 1489 8000 262 fold 
2222 1584 8000 740 check 
3333 1850 8000 50 fold 
5555 1210 8000 740 raise 
7777 2000 8000 0 fold 
6666 1260 8000 740 call 
total pot: 3272 
/inquire 
recv from player 6666: call 

send notify msg to player 7777 
notify/ 
6666 1260 8000 740 check 
1111 2324 8000 0 fold 
8888 1011 8000 740 check 
4444 1489 8000 262 fold 
2222 1584 8000 740 check 
3333 1850 8000 50 fold 
5555 1210 8000 740 raise 
7777 2000 8000 0 fold 
total pot: 3272 
/notify 
send inquire msg to player 5555 
inquire/ 
7777 2000 8000 0 fold 
6666 1260 8000 740 check 
1111 2324 8000 0 fold 
8888 1011 8000 740 check 
4444 1489 8000 262 fold 
2222 1584 8000 740 check 
3333 1850 8000 50 fold 
5555 1210 8000 740 raise 
total pot: 3272 
/inquire 
recv from player 5555: call 


----- notify msg last round -----
send notify msg to player 2222 
notify/ 
3333 1850 8000 50 fold 
5555 1210 8000 740 check 
7777 2000 8000 0 fold 
6666 1260 8000 740 check 
1111 2324 8000 0 fold 
8888 1011 8000 740 check 
4444 1489 8000 262 fold 
2222 1584 8000 740 check 
total pot: 3272 
/notify 
send notify msg to player 4444 
notify/ 
2222 1584 8000 740 check 
3333 1850 8000 50 fold 
5555 1210 8000 740 check 
7777 2000 8000 0 fold 
6666 1260 8000 740 check 
1111 2324 8000 0 fold 
8888 1011 8000 740 check 
4444 1489 8000 262 fold 
total pot: 3272 
/notify 
send notify msg to player 8888 
notify/ 
4444 1489 8000 262 fold 
2222 1584 8000 740 check 
3333 1850 8000 50 fold 
5555 1210 8000 740 check 
7777 2000 8000 0 fold 
6666 1260 8000 740 check 
1111 2324 8000 0 fold 
8888 1011 8000 740 check 
total pot: 3272 
/notify 
send notify msg to player 1111 
notify/ 
8888 1011 8000 740 check 
4444 1489 8000 262 fold 
2222 1584 8000 740 check 
3333 1850 8000 50 fold 
5555 1210 8000 740 check 
7777 2000 8000 0 fold 
6666 1260 8000 740 check 
1111 2324 8000 0 fold 
total pot: 3272 
/notify 
send notify msg to player 6666 
notify/ 
1111 2324 8000 0 fold 
8888 1011 8000 740 check 
4444 1489 8000 262 fold 
2222 1584 8000 740 check 
3333 1850 8000 50 fold 
5555 1210 8000 740 check 
7777 2000 8000 0 fold 
6666 1260 8000 740 check 
total pot: 3272 
/notify 
send notify msg to player 7777 
notify/ 
6666 1260 8000 740 check 
1111 2324 8000 0 fold 
8888 1011 8000 740 check 
4444 1489 8000 262 fold 
2222 1584 8000 740 check 
3333 1850 8000 50 fold 
5555 1210 8000 740 check 
7777 2000 8000 0 fold 
total pot: 3272 
/notify 

---show down---
showdown/ 
common/ 
CLUBS 4 
CLUBS 7 
SPADES J 
DIAMONDS 8 
CLUBS 9 
/common 
3: 2222 HEARTS 5 SPADES 8 ONE_PAIR 
1: 8888 DIAMONDS 10 CLUBS J STRAIGHT 
1: 6666 HEARTS 10 CLUBS 8 STRAIGHT 
2: 5555 CLUBS Q HEARTS J ONE_PAIR 
/showdown 

---Allocate pot---
pot-win/ 
8888: 1636 
6666: 1636 
/pot-win 
it is player 3333's turn to be button

-----3 Hand-----

----- clean player data in socket -----
seat/ 
button: 3333 1850 8000 
small blind: 2222 1584 8000 
big blind: 4444 1489 8000 
8888 2647 8000 
1111 2324 8000 
6666 2896 8000 
7777 2000 8000 
5555 1210 8000 
/seat 
blind/ 
2222: 50 
4444: 100 
/blind 
player 2222:hold/ 
HEARTS A 
CLUBS 3 
/hold 
player 4444:hold/ 
HEARTS 2 
HEARTS K 
/hold 
player 8888:hold/ 
SPADES 4 
HEARTS 5 
/hold 
player 1111:hold/ 
CLUBS 4 
DIAMONDS Q 
/hold 
player 6666:hold/ 
DIAMONDS 4 
HEARTS 10 
/hold 
player 7777:hold/ 
SPADES A 
CLUBS J 
/hold 
player 5555:hold/ 
CLUBS 7 
CLUBS 5 
/hold 
player 3333:hold/ 
HEARTS Q 
SPADES K 
/hold 

---pre flop round bet---
valid player: 8, all in player: 0, fold player: 0
send inquire msg to player 8888 
inquire/ 
4444 1389 8000 100 blind 
2222 1534 8000 50 blind 
total pot: 150 
/inquire 
recv from player 8888: raise 126 

send inquire msg to player 1111 
inquire/ 
8888 2421 8000 226 raise 
4444 1389 8000 100 blind 
2222 1534 8000 50 blind 
total pot: 376 
/inquire 
recv from player 1111: call 

send inquire msg to player 6666 
inquire/ 
1111 2098 8000 226 call 
8888 2421 8000 226 raise 
4444 1389 8000 100 blind 
2222 1534 8000 50 blind 
total pot: 602 
/inquire 
recv from player 6666: fold 

send inquire msg to player 7777 
inquire/ 
6666 2896 8000 0 fold 
1111 2098 8000 226 call 
8888 2421 8000 226 raise 
4444 1389 8000 100 blind 
2222 1534 8000 50 blind 
total pot: 602 
/inquire 
recv from player 7777: raise 300 

send inquire msg to player 5555 
inquire/ 
7777 1474 8000 526 raise 
6666 2896 8000 0 fold 
1111 2098 8000 226 call 
8888 2421 8000 226 raise 
4444 1389 8000 100 blind 
2222 1534 8000 50 blind 
total pot: 1128 
/inquire 
recv from player 5555: fold 

send inquire msg to player 3333 
inquire/ 
5555 1210 8000 0 fold 
7777 1474 8000 526 raise 
6666 2896 8000 0 fold 
1111 2098 8000 226 call 
8888 2421 8000 226 raise 
4444 1389 8000 100 blind 
2222 1534 8000 50 blind 
total pot: 1128 
/inquire 
recv from player 3333: fold 

send inquire msg to player 2222 
inquire/ 
3333 1850 8000 0 fold 
5555 1210 8000 0 fold 
7777 1474 8000 526 raise 
6666 2896 8000 0 fold 
1111 2098 8000 226 call 
8888 2421 8000 226 raise 
4444 1389 8000 100 blind 
2222 1534 8000 50 blind 
total pot: 1128 
/inquire 
recv from player 2222: fold 

send inquire msg to player 4444 
inquire/ 
2222 1534 8000 50 fold 
3333 1850 8000 0 fold 
5555 1210 8000 0 fold 
7777 1474 8000 526 raise 
6666 2896 8000 0 fold 
1111 2098 8000 226 call 
8888 2421 8000 226 raise 
4444 1389 8000 100 blind 
total pot: 1128 
/inquire 
recv from player 4444: fold 

send inquire msg to player 8888 
inquire/ 
4444 1389 8000 100 fold 
2222 1534 8000 50 fold 
3333 1850 8000 0 fold 
5555 1210 8000 0 fold 
7777 1474 8000 526 raise 
6666 2896 8000 0 fold 
1111 2098 8000 226 call 
8888 2421 8000 226 raise 
total pot: 1128 
/inquire 
recv from player 8888: call 

send inquire msg to player 1111 
inquire/ 
8888 2121 8000 526 call 
4444 1389 8000 100 fold 
2222 1534 8000 50 fold 
3333 1850 8000 0 fold 
5555 1210 8000 0 fold 
7777 1474 8000 526 raise 
6666 2896 8000 0 fold 
1111 2098 8000 226 call 
total pot: 1428 
/inquire 
recv from player 1111: call 

flop/ 
CLUBS 2 
DIAMONDS J 
SPADES 6 
/flop 

---flop round bet---
valid player: 8, all in player: 0, fold player: 5
send notify msg to player 2222 
notify/ 
3333 1850 8000 0 fold 
5555 1210 8000 0 fold 
7777 1474 8000 526 raise 
6666 2896 8000 0 fold 
1111 1798 8000 526 call 
8888 2121 8000 526 call 
4444 1389 8000 100 fold 
2222 1534 8000 50 fold 
total pot: 1728 
/notify 
send notify msg to player 4444 
notify/ 
2222 1534 8000 50 fold 
3333 1850 8000 0 fold 
5555 1210 8000 0 fold 
7777 1474 8000 526 raise 
6666 2896 8000 0 fold 
1111 1798 8000 526 call 
8888 2121 8000 526 call 
4444 1389 8000 100 fold 
total pot: 1728 
/notify 
send inquire msg to player 8888 
inquire/ 
4444 1389 8000 100 fold 
2222 1534 8000 50 fold 
3333 1850 8000 0 fold 
5555 1210 8000 0 fold 
7777 1474 8000 526 raise 
6666 2896 8000 0 fold 
1111 1798 8000 526 call 
8888 2121 8000 526 call 
total pot: 1728 
/inquire 
recv from player 8888: call 

send inquire msg to player 1111 
inquire/ 
8888 2121 8000 526 check 
4444 1389 8000 100 fold 
2222 1534 8000 50 fold 
3333 1850 8000 0 fold 
5555 1210 8000 0 fold 
7777 1474 8000 526 raise 
6666 2896 8000 0 fold 
1111 1798 8000 526 call 
total pot: 1728 
/inquire 
recv from player 1111: call 

send notify msg to player 6666 
notify/ 
1111 1798 8000 526 check 
8888 2121 8000 526 check 
4444 1389 8000 100 fold 
2222 1534 8000 50 fold 
3333 1850 8000 0 fold 
5555 1210 8000 0 fold 
7777 1474 8000 526 raise 
6666 2896 8000 0 fold 
total pot: 1728 
/notify 
send inquire msg to player 7777 
inquire/ 
6666 2896 8000 0 fold 
1111 1798 8000 526 check 
8888 2121 8000 526 check 
4444 1389 8000 100 fold 
2222 1534 8000 50 fold 
3333 1850 8000 0 fold 
5555 1210 8000 0 fold 
7777 1474 8000 526 raise 
total pot: 1728 
/inquire 
recv from player 7777: raise 200 

send notify msg to player 2222 
notify/ 
3333 1850 8000 0 fold 
5555 1210 8000 0 fold 
7777 1274 8000 726 raise 
6666 2896 8000 0 fold 
1111 1798 8000 526 check 
8888 2121 8000 526 check 
4444 1389 8000 100 fold 
2222 1534 8000 50 fold 
total pot: 1928 
/notify 
send notify msg to player 4444 
notify/ 
2222 1534 8000 50 fold 
3333 1850 8000 0 fold 
5555 1210 8000 0 fold 
7777 1274 8000 726 raise 
6666 2896 8000 0 fold 
1111 1798 8000 526 check 
8888 2121 8000 526 check 
4444 1389 8000 100 fold 
total pot: 1928 
/notify 
send inquire msg to player 8888 
inquire/ 
4444 1389 8000 100 fold 
2222 1534 8000 50 fold 
3333 1850 8000 0 fold 
5555 1210 8000 0 fold 
7777 1274 8000 726 raise 
6666 2896 8000 0 fold 
1111 1798 8000 526 check 
8888 2121 8000 526 check 
total pot: 1928 
/inquire 
recv from player 8888: call 

send inquire msg to player 1111 
inquire/ 
8888 1921 8000 726 call 
4444 1389 8000 100 fold 
2222 1534 8000 50 fold 
3333 1850 8000 0 fold 
5555 1210 8000 0 fold 
7777 1274 8000 726 raise 
6666 2896 8000 0 fold 
1111 1798 8000 526 check 
total pot: 2128 
/inquire 
recv from player 1111: call 

turn/ 
SPADES 7 
/turn 

---turn round bet---
valid player: 8, all in player: 0, fold player: 5
send notify msg to player 2222 
notify/ 
3333 1850 8000 0 fold 
5555 1210 8000 0 fold 
7777 1274 8000 726 raise 
6666 2896 8000 0 fold 
1111 1598 8000 726 call 
8888 1921 8000 726 call 
4444 1389 8000 100 fold 
2222 1534 8000 50 fold 
total pot: 2328 
/notify 
send notify msg to player 4444 
notify/ 
2222 1534 8000 50 fold 
3333 1850 8000 0 fold 
5555 1210 8000 0 fold 
7777 1274 8000 726 raise 
6666 2896 8000 0 fold 
1111 1598 8000 726 call 
8888 1921 8000 726 call 
4444 1389 8000 100 fold 
total pot: 2328 
/notify 
send inquire msg to player 8888 
inquire/ 
4444 1389 8000 100 fold 
2222 1534 8000 50 fold 
3333 1850 8000 0 fold 
5555 1210 8000 0 fold 
7777 1274 8000 726 raise 
6666 2896 8000 0 fold 
1111 1598 8000 726 call 
8888 1921 8000 726 call 
total pot: 2328 
/inquire 
recv from player 8888: call 

send inquire msg to player 1111 
inquire/ 
8888 1921 8000 726 check 
4444 1389 8000 100 fold 
2222 1534 8000 50 fold 
3333 1850 8000 0 fold 
5555 1210 8000 0 fold 
7777 1274 8000 726 raise 
6666 2896 8000 0 fold 
1111 1598 8000 726 call 
total pot: 2328 
/inquire 
recv from player 1111: call 

send notify msg to player 6666 
notify/ 
1111 1598 8000 726 check 
8888 1921 8000 726 check 
4444 1389 8000 100 fold 
2222 1534 8000 50 fold 
3333 1850 8000 0 fold 
5555 1210 8000 0 fold 
7777 1274 8000 726 raise 
6666 2896 8000 0 fold 
total pot: 2328 
/notify 
send inquire msg to player 7777 
inquire/ 
6666 2896 8000 0 fold 
1111 1598 8000 726 check 
8888 1921 8000 726 check 
4444 1389 8000 100 fold 
2222 1534 8000 50 fold 
3333 1850 8000 0 fold 
5555 1210 8000 0 fold 
7777 1274 8000 726 raise 
total pot: 2328 
/inquire 
recv from player 7777: raise 200 

send notify msg to player 2222 
notify/ 
3333 1850 8000 0 fold 
5555 1210 8000 0 fold 
7777 1074 8000 926 raise 
6666 2896 8000 0 fold 
1111 1598 8000 726 check 
8888 1921 8000 726 check 
4444 1389 8000 100 fold 
2222 1534 8000 50 fold 
total pot: 2528 
/notify 
send notify msg to player 4444 
notify/ 
2222 1534 8000 50 fold 
3333 1850 8000 0 fold 
5555 1210 8000 0 fold 
7777 1074 8000 926 raise 
6666 2896 8000 0 fold 
1111 1598 8000 726 check 
8888 1921 8000 726 check 
4444 1389 8000 100 fold 
total pot: 2528 
/notify 
send inquire msg to player 8888 
inquire/ 
4444 1389 8000 100 fold 
2222 1534 8000 50 fold 
3333 1850 8000 0 fold 
5555 1210 8000 0 fold 
7777 1074 8000 926 raise 
6666 2896 8000 0 fold 
1111 1598 8000 726 check 
8888 1921 8000 726 check 
total pot: 2528 
/inquire 
recv from player 8888: call 

send inquire msg to player 1111 
inquire/ 
8888 1721 8000 926 call 
4444 1389 8000 100 fold 
2222 1534 8000 50 fold 
3333 1850 8000 0 fold 
5555 1210 8000 0 fold 
7777 1074 8000 926 raise 
6666 2896 8000 0 fold 
1111 1598 8000 726 check 
total pot: 2728 
/inquire 
recv from player 1111: fold 

river/ 
CLUBS A 
/river 

---river round bet---
valid player: 8, all in player: 0, fold player: 6
send notify msg to player 2222 
notify/ 
3333 1850 8000 0 fold 
5555 1210 8000 0 fold 
7777 1074 8000 926 raise 
6666 2896 8000 0 fold 
1111 1598 8000 726 fold 
8888 1721 8000 926 call 
4444 1389 8000 100 fold 
2222 1534 8000 50 fold 
total pot: 2728 
/notify 
send notify msg to player 4444 
notify/ 
2222 1534 8000 50 fold 
3333 1850 8000 0 fold 
5555 1210 8000 0 fold 
7777 1074 8000 926 raise 
6666 2896 8000 0 fold 
1111 1598 8000 726 fold 
8888 1721 8000 926 call 
4444 1389 8000 100 fold 
total pot: 2728 
/notify 
send inquire msg to player 8888 
inquire/ 
4444 1389 8000 100 fold 
2222 1534 8000 50 fold 
3333 1850 8000 0 fold 
5555 1210 8000 0 fold 
7777 1074 8000 926 raise 
6666 2896 8000 0 fold 
1111 1598 8000 726 fold 
8888 1721 8000 926 call 
total pot: 2728 
/inquire 
recv from player 8888: call 

send notify msg to player 1111 
notify/ 
8888 1721 8000 926 check 
4444 1389 8000 100 fold 
2222 1534 8000 50 fold 
3333 1850 8000 0 fold 
5555 1210 8000 0 fold 
7777 1074 8000 926 raise 
6666 2896 8000 0 fold 
1111 1598 8000 726 fold 
total pot: 2728 
/notify 
send notify msg to player 6666 
notify/ 
1111 1598 8000 726 fold 
8888 1721 8000 926 check 
4444 1389 8000 100 fold 
2222 1534 8000 50 fold 
3333 1850 8000 0 fold 
5555 1210 8000 0 fold 
7777 1074 8000 926 raise 
6666 2896 8000 0 fold 
total pot: 2728 
/notify 
send inquire msg to player 7777 
inquire/ 
6666 2896 8000 0 fold 
1111 1598 8000 726 fold 
8888 1721 8000 926 check 
4444 1389 8000 100 fold 
2222 1534 8000 50 fold 
3333 1850 8000 0 fold 
5555 1210 8000 0 fold 
7777 1074 8000 926 raise 
total pot: 2728 
/inquire 
recv from player 7777: raise 200 

send notify msg to player 2222 
notify/ 
3333 1850 8000 0 fold 
5555 1210 8000 0 fold 
7777 874 8000 1126 raise 
6666 2896 8000 0 fold 
1111 1598 8000 726 fold 
8888 1721 8000 926 check 
4444 1389 8000 100 fold 
2222 1534 8000 50 fold 
total pot: 2928 
/notify 
send notify msg to player 4444 
notify/ 
2222 1534 8000 50 fold 
3333 1850 8000 0 fold 
5555 1210 8000 0 fold 
7777 874 8000 1126 raise 
6666 2896 8000 0 fold 
1111 1598 8000 726 fold 
8888 1721 8000 926 check 
4444 1389 8000 100 fold 
total pot: 2928 
/notify 
send inquire msg to player 8888 
inquire/ 
4444 1389 8000 100 fold 
2222 1534 8000 50 fold 
3333 1850 8000 0 fold 
5555 1210 8000 0 fold 
7777 874 8000 1126 raise 
6666 2896 8000 0 fold 
1111 1598 8000 726 fold 
8888 1721 8000 926 check 
total pot: 2928 
/inquire 
recv from player 8888: fold 


----- notify msg last round -----
send notify msg to player 1111 
notify/ 
8888 1721 8000 926 fold 
4444 1389 8000 100 fold 
2222 1534 8000 50 fold 
3333 1850 8000 0 fold 
5555 1210 8000 0 fold 
7777 874 8000 1126 raise 
6666 2896 8000 0 fold 
1111 1598 8000 726 fold 
total pot: 2928 
/notify 
send notify msg to player 6666 
notify/ 
1111 1598 8000 726 fold 
8888 1721 8000 926 fold 
4444 1389 8000 100 fold 
2222 1534 8000 50 fold 
3333 1850 8000 0 fold 
5555 1210 8000 0 fold 
7777 874 8000 1126 raise 
6666 2896 8000 0 fold 
total pot: 2928 
/notify 
send notify msg to player 7777 
notify/ 
6666 2896 8000 0 fold 
1111 1598 8000 726 fold 
8888 1721 8000 926 fold 
4444 1389 8000 100 fold 
2222 1534 8000 50 fold 
3333 1850 8000 0 fold 
5555 1210 8000 0 fold 
7777 874 8000 1126 raise 
total pot: 2928 
/notify 
send notify msg to player 2222 
notify/ 
3333 1850 8000 0 fold 
5555 1210 8000 0 fold 
7777 874 8000 1126 raise 
6666 2896 8000 0 fold 
1111 1598 8000 726 fold 
8888 1721 8000 926 fold 
4444 1389 8000 100 fold 
2222 1534 8000 50 fold 
total pot: 2928 
/notify 
send notify msg to player 4444 
notify/ 
2222 1534 8000 50 fold 
3333 1850 8000 0 fold 
5555 1210 8000 0 fold 
7777 874 8000 1126 raise 
6666 2896 8000 0 fold 
1111 1598 8000 726 fold 
8888 1721 8000 926 fold 
4444 1389 8000 100 fold 
total pot: 2928 
/notify 
send notify msg to player 8888 
notify/ 
4444 1389 8000 100 fold 
2222 1534 8000 50 fold 
3333 1850 8000 0 fold 
5555 1210 8000 0 fold 
7777 874 8000 1126 raise 
6666 2896 8000 0 fold 
1111 1598 8000 726 fold 
8888 1721 8000 926 fold 
total pot: 2928 
/notify 

--- 1 players not fold, don't need show down---

---Allocate pot---
Only player at seat 5 not fold, win all the pot 2928
pot-win/ 
7777: 2928 
/pot-win 
it is player 2222's turn to be button

-----4 Hand-----

----- clean player data in socket -----
seat/ 
button: 2222 1534 8000 
small blind: 4444 1389 8000 
big blind: 8888 1721 8000 
1111 1598 8000 
6666 2896 8000 
7777 3802 8000 
5555 1210 8000 
3333 1850 8000 
/seat 
blind/ 
4444: 50 
8888: 100 
/blind 
player 4444:hold/ 
CLUBS 7 
CLUBS 3 
/hold 
player 8888:hold/ 
CLUBS A 
SPADES 6 
/hold 
player 1111:hold/ 
SPADES 7 
HEARTS 2 
/hold 
player 6666:hold/ 
DIAMONDS 7 
HEARTS 8 
/hold 
player 7777:hold/ 
HEARTS 3 
HEARTS 4 
/hold 
player 5555:hold/ 
SPADES 2 
DIAMONDS 6 
/hold 
player 3333:hold/ 
DIAMONDS 4 
SPADES 4 
/hold 
player 2222:hold/ 
HEARTS 7 
CLUBS 4 
/hold 

---pre flop round bet---
valid player: 8, all in player: 0, fold player: 0
send inquire msg to player 1111 
inquire/ 
8888 1621 8000 100 blind 
4444 1339 8000 50 blind 
total pot: 150 
/inquire 
recv from player 1111: fold 

send inquire msg to player 6666 
inquire/ 
1111 1598 8000 0 fold 
8888 1621 8000 100 blind 
4444 1339 8000 50 blind 
total pot: 150 
/inquire 
recv from player 6666: raise 142 

send inquire msg to player 7777 
inquire/ 
6666 2654 8000 242 raise 
1111 1598 8000 0 fold 
8888 1621 8000 100 blind 
4444 1339 8000 50 blind 
total pot: 392 
/inquire 
recv from player 7777: fold 

send inquire msg to player 5555 
inquire/ 
7777 3802 8000 0 fold 
6666 2654 8000 242 raise 
1111 1598 8000 0 fold 
8888 1621 8000 100 blind 
4444 1339 8000 50 blind 
total pot: 392 
/inquire 
recv from player 5555: fold 

send inquire msg to player 3333 
inquire/ 
5555 1210 8000 0 fold 
7777 3802 8000 0 fold 
6666 2654 8000 242 raise 
1111 1598 8000 0 fold 
8888 1621 8000 100 blind 
4444 1339 8000 50 blind 
total pot: 392 
/inquire 
recv from player 3333: fold 

send inquire msg to player 2222 
inquire/ 
3333 1850 8000 0 fold 
5555 1210 8000 0 fold 
7777 3802 8000 0 fold 
6666 2654 8000 242 raise 
1111 1598 8000 0 fold 
8888 1621 8000 100 blind 
4444 1339 8000 50 blind 
total pot: 392 
/inquire 
recv from player 2222: fold 

send inquire msg to player 4444 
inquire/ 
2222 1534 8000 0 fold 
3333 1850 8000 0 fold 
5555 1210 8000 0 fold 
7777 3802 8000 0 fold 
6666 2654 8000 242 raise 
1111 1598 8000 0 fold 
8888 1621 8000 100 blind 
4444 1339 8000 50 blind 
total pot: 392 
/inquire 
recv from player 4444: fold 

send inquire msg to player 8888 
inquire/ 
4444 1339 8000 50 fold 
2222 1534 8000 0 fold 
3333 1850 8000 0 fold 
5555 1210 8000 0 fold 
7777 3802 8000 0 fold 
6666 2654 8000 242 raise 
1111 1598 8000 0 fold 
8888 1621 8000 100 blind 
total pot: 392 
/inquire 
recv from player 8888: call 

flop/ 
SPADES Q 
DIAMONDS 5 
HEARTS 10 
/flop 

---flop round bet---
valid player: 8, all in player: 0, fold player: 6
send notify msg to player 4444 
notify/ 
2222 1534 8000 0 fold 
3333 1850 8000 0 fold 
5555 1210 8000 0 fold 
7777 3802 8000 0 fold 
6666 2654 8000 242 raise 
1111 1598 8000 0 fold 
8888 1479 8000 242 call 
4444 1339 8000 50 fold 
total pot: 534 
/notify 
send inquire msg to player 8888 
inquire/ 
4444 1339 8000 50 fold 
2222 1534 8000 0 fold 
3333 1850 8000 0 fold 
5555 1210 8000 0 fold 
7777 3802 8000 0 fold 
6666 2654 8000 242 raise 
1111 1598 8000 0 fold 
8888 1479 8000 242 call 
total pot: 534 
/inquire 
recv from player 8888: call 

send notify msg to player 1111 
notify/ 
8888 1479 8000 242 check 
4444 1339 8000 50 fold 
2222 1534 8000 0 fold 
3333 1850 8000 0 fold 
