

===VERSION 1.24===
---GAME START @ 2015-5-20-15-16-32---

wait registration for 30 seconds
reg: 3333 Ty_lxx 
reg: 8888 simplebot need_notify 
reg: 4444 simplebot need_notify 
reg: 6666 simplebot need_notify 
reg: 2222 simplebot need_notify 
reg: 5555 young 
reg: 1111 simplebot need_notify 
reg: 7777 cleverbot need_notify 
close registration

-----1 Hand-----

----- clean player data in socket -----
seat/ 
button: 5555 2000 8000 
small blind: 7777 2000 8000 
big blind: 2222 2000 8000 
1111 2000 8000 
8888 2000 8000 
6666 2000 8000 
3333 2000 8000 
4444 2000 8000 
/seat 
blind/ 
7777: 50 
2222: 100 
/blind 
player 7777:hold/ 
SPADES 3 
DIAMONDS 5 
/hold 
player 2222:hold/ 
SPADES 5 
SPADES Q 
/hold 
player 1111:hold/ 
CLUBS 10 
DIAMONDS 10 
/hold 
player 8888:hold/ 
DIAMONDS 9 
HEARTS 5 
/hold 
player 6666:hold/ 
DIAMONDS 6 
CLUBS 4 
/hold 
player 3333:hold/ 
HEARTS K 
HEARTS A 
/hold 
player 4444:hold/ 
DIAMONDS 2 
DIAMONDS 8 
/hold 
player 5555:hold/ 
CLUBS K 
HEARTS 8 
/hold 

---pre flop round bet---
valid player: 8, all in player: 0, fold player: 0
send inquire msg to player 1111 
inquire/ 
2222 1900 8000 100 blind 
7777 1950 8000 50 blind 
total pot: 150 
/inquire 
recv from player 1111: raise 271 

send inquire msg to player 8888 
inquire/ 
1111 1629 8000 371 raise 
2222 1900 8000 100 blind 
7777 1950 8000 50 blind 
total pot: 521 
/inquire 
recv from player 8888: fold 

send inquire msg to player 6666 
inquire/ 
8888 2000 8000 0 fold 
1111 1629 8000 371 raise 
2222 1900 8000 100 blind 
7777 1950 8000 50 blind 
total pot: 521 
/inquire 
recv from player 6666: fold 

send inquire msg to player 3333 
inquire/ 
6666 2000 8000 0 fold 
8888 2000 8000 0 fold 
1111 1629 8000 371 raise 
2222 1900 8000 100 blind 
7777 1950 8000 50 blind 
total pot: 521 
/inquire 
recv from player 3333: fold 

send inquire msg to player 4444 
inquire/ 
3333 2000 8000 0 fold 
6666 2000 8000 0 fold 
8888 2000 8000 0 fold 
1111 1629 8000 371 raise 
2222 1900 8000 100 blind 
7777 1950 8000 50 blind 
total pot: 521 
/inquire 
recv from player 4444: fold 

send inquire msg to player 5555 
inquire/ 
4444 2000 8000 0 fold 
3333 2000 8000 0 fold 
6666 2000 8000 0 fold 
8888 2000 8000 0 fold 
1111 1629 8000 371 raise 
2222 1900 8000 100 blind 
7777 1950 8000 50 blind 
total pot: 521 
/inquire 
recv from player 5555: fold 

send inquire msg to player 7777 
inquire/ 
5555 2000 8000 0 fold 
4444 2000 8000 0 fold 
3333 2000 8000 0 fold 
6666 2000 8000 0 fold 
8888 2000 8000 0 fold 
1111 1629 8000 371 raise 
2222 1900 8000 100 blind 
7777 1950 8000 50 blind 
total pot: 521 
/inquire 
recv from player 7777: fold 

send inquire msg to player 2222 
inquire/ 
7777 1950 8000 50 fold 
5555 2000 8000 0 fold 
4444 2000 8000 0 fold 
3333 2000 8000 0 fold 
6666 2000 8000 0 fold 
8888 2000 8000 0 fold 
1111 1629 8000 371 raise 
2222 1900 8000 100 blind 
total pot: 521 
/inquire 
recv from player 2222: fold 


---flop round bet---
valid player: 8, all in player: 0, fold player: 7

---turn round bet---
valid player: 8, all in player: 0, fold player: 7

---river round bet---
valid player: 8, all in player: 0, fold player: 7

----- notify msg last round -----
send notify msg to player 1111 
notify/ 
2222 1900 8000 100 fold 
7777 1950 8000 50 fold 
5555 2000 8000 0 fold 
4444 2000 8000 0 fold 
3333 2000 8000 0 fold 
6666 2000 8000 0 fold 
8888 2000 8000 0 fold 
1111 1629 8000 371 raise 
total pot: 521 
/notify 
send notify msg to player 8888 
notify/ 
1111 1629 8000 371 raise 
2222 1900 8000 100 fold 
7777 1950 8000 50 fold 
5555 2000 8000 0 fold 
4444 2000 8000 0 fold 
3333 2000 8000 0 fold 
6666 2000 8000 0 fold 
8888 2000 8000 0 fold 
total pot: 521 
/notify 
send notify msg to player 6666 
notify/ 
8888 2000 8000 0 fold 
1111 1629 8000 371 raise 
2222 1900 8000 100 fold 
7777 1950 8000 50 fold 
5555 2000 8000 0 fold 
4444 2000 8000 0 fold 
3333 2000 8000 0 fold 
6666 2000 8000 0 fold 
total pot: 521 
/notify 
send notify msg to player 4444 
notify/ 
3333 2000 8000 0 fold 
6666 2000 8000 0 fold 
8888 2000 8000 0 fold 
1111 1629 8000 371 raise 
2222 1900 8000 100 fold 
7777 1950 8000 50 fold 
5555 2000 8000 0 fold 
4444 2000 8000 0 fold 
total pot: 521 
/notify 
send notify msg to player 7777 
notify/ 
5555 2000 8000 0 fold 
4444 2000 8000 0 fold 
3333 2000 8000 0 fold 
6666 2000 8000 0 fold 
8888 2000 8000 0 fold 
1111 1629 8000 371 raise 
2222 1900 8000 100 fold 
7777 1950 8000 50 fold 
total pot: 521 
/notify 
send notify msg to player 2222 
notify/ 
7777 1950 8000 50 fold 
5555 2000 8000 0 fold 
4444 2000 8000 0 fold 
3333 2000 8000 0 fold 
6666 2000 8000 0 fold 
8888 2000 8000 0 fold 
1111 1629 8000 371 raise 
2222 1900 8000 100 fold 
total pot: 521 
/notify 

--- 1 players not fold, don't need show down---

---Allocate pot---
Only player at seat 2 not fold, win all the pot 521
pot-win/ 
1111: 521 
/pot-win 
it is player 7777's turn to be button

-----2 Hand-----

----- clean player data in socket -----
seat/ 
button: 7777 1950 8000 
small blind: 2222 1900 8000 
big blind: 1111 2150 8000 
8888 2000 8000 
6666 2000 8000 
3333 2000 8000 
4444 2000 8000 
5555 2000 8000 
/seat 
blind/ 
2222: 50 
1111: 100 
/blind 
player 2222:hold/ 
HEARTS Q 
CLUBS 7 
/hold 
player 1111:hold/ 
CLUBS 8 
HEARTS A 
/hold 
player 8888:hold/ 
HEARTS 6 
SPADES 7 
/hold 
player 6666:hold/ 
SPADES J 
DIAMONDS 8 
/hold 
player 3333:hold/ 
HEARTS 2 
SPADES A 
/hold 
player 4444:hold/ 
DIAMONDS J 
SPADES 2 
/hold 
player 5555:hold/ 
DIAMONDS 7 
DIAMONDS 9 
/hold 
player 7777:hold/ 
HEARTS J 
HEARTS 10 
/hold 

---pre flop round bet---
valid player: 8, all in player: 0, fold player: 0
send inquire msg to player 8888 
inquire/ 
1111 2050 8000 100 blind 
2222 1850 8000 50 blind 
total pot: 150 
/inquire 
recv from player 8888: call 

send inquire msg to player 6666 
inquire/ 
8888 1900 8000 100 call 
1111 2050 8000 100 blind 
2222 1850 8000 50 blind 
total pot: 250 
/inquire 
recv from player 6666: raise 118 

send inquire msg to player 3333 
inquire/ 
6666 1782 8000 218 raise 
8888 1900 8000 100 call 
1111 2050 8000 100 blind 
2222 1850 8000 50 blind 
total pot: 468 
/inquire 
recv from player 3333: fold 

send inquire msg to player 4444 
inquire/ 
3333 2000 8000 0 fold 
6666 1782 8000 218 raise 
8888 1900 8000 100 call 
1111 2050 8000 100 blind 
2222 1850 8000 50 blind 
total pot: 468 
/inquire 
recv from player 4444: fold 

send inquire msg to player 5555 
inquire/ 
4444 2000 8000 0 fold 
3333 2000 8000 0 fold 
6666 1782 8000 218 raise 
8888 1900 8000 100 call 
1111 2050 8000 100 blind 
2222 1850 8000 50 blind 
total pot: 468 
/inquire 
recv from player 5555: call 

send inquire msg to player 7777 
inquire/ 
5555 1782 8000 218 call 
4444 2000 8000 0 fold 
3333 2000 8000 0 fold 
6666 1782 8000 218 raise 
8888 1900 8000 100 call 
1111 2050 8000 100 blind 
2222 1850 8000 50 blind 
total pot: 686 
/inquire 
recv from player 7777: fold 

send inquire msg to player 2222 
inquire/ 
7777 1950 8000 0 fold 
5555 1782 8000 218 call 
4444 2000 8000 0 fold 
3333 2000 8000 0 fold 
6666 1782 8000 218 raise 
8888 1900 8000 100 call 
1111 2050 8000 100 blind 
2222 1850 8000 50 blind 
total pot: 686 
/inquire 
recv from player 2222: call 

send inquire msg to player 1111 
inquire/ 
2222 1682 8000 218 call 
7777 1950 8000 0 fold 
5555 1782 8000 218 call 
4444 2000 8000 0 fold 
3333 2000 8000 0 fold 
6666 1782 8000 218 raise 
8888 1900 8000 100 call 
1111 2050 8000 100 blind 
total pot: 854 
/inquire 
recv from player 1111: call 

send inquire msg to player 8888 
inquire/ 
1111 1932 8000 218 call 
2222 1682 8000 218 call 
7777 1950 8000 0 fold 
5555 1782 8000 218 call 
4444 2000 8000 0 fold 
3333 2000 8000 0 fold 
6666 1782 8000 218 raise 
8888 1900 8000 100 call 
total pot: 972 
/inquire 
recv from player 8888: call 

flop/ 
CLUBS 6 
CLUBS 2 
HEARTS 8 
/flop 

---flop round bet---
valid player: 8, all in player: 0, fold player: 3
send inquire msg to player 2222 
inquire/ 
7777 1950 8000 0 fold 
5555 1782 8000 218 call 
4444 2000 8000 0 fold 
3333 2000 8000 0 fold 
6666 1782 8000 218 raise 
8888 1782 8000 218 call 
1111 1932 8000 218 call 
2222 1682 8000 218 call 
total pot: 1090 
/inquire 
recv from player 2222: call 

send inquire msg to player 1111 
inquire/ 
2222 1682 8000 218 check 
7777 1950 8000 0 fold 
5555 1782 8000 218 call 
4444 2000 8000 0 fold 
3333 2000 8000 0 fold 
6666 1782 8000 218 raise 
8888 1782 8000 218 call 
1111 1932 8000 218 call 
total pot: 1090 
/inquire 
recv from player 1111: raise 56 

send inquire msg to player 8888 
inquire/ 
1111 1832 8000 318 raise 
2222 1682 8000 218 check 
7777 1950 8000 0 fold 
5555 1782 8000 218 call 
4444 2000 8000 0 fold 
3333 2000 8000 0 fold 
6666 1782 8000 218 raise 
8888 1782 8000 218 call 
total pot: 1190 
/inquire 
recv from player 8888: call 

send inquire msg to player 6666 
inquire/ 
8888 1682 8000 318 call 
1111 1832 8000 318 raise 
2222 1682 8000 218 check 
7777 1950 8000 0 fold 
5555 1782 8000 218 call 
4444 2000 8000 0 fold 
3333 2000 8000 0 fold 
6666 1782 8000 218 raise 
total pot: 1290 
/inquire 
recv from player 6666: call 

send notify msg to player 4444 
notify/ 
3333 2000 8000 0 fold 
6666 1682 8000 318 call 
8888 1682 8000 318 call 
1111 1832 8000 318 raise 
2222 1682 8000 218 check 
7777 1950 8000 0 fold 
5555 1782 8000 218 call 
4444 2000 8000 0 fold 
total pot: 1390 
/notify 
send inquire msg to player 5555 
inquire/ 
4444 2000 8000 0 fold 
3333 2000 8000 0 fold 
6666 1682 8000 318 call 
8888 1682 8000 318 call 
1111 1832 8000 318 raise 
2222 1682 8000 218 check 
7777 1950 8000 0 fold 
5555 1782 8000 218 call 
total pot: 1390 
/inquire 
recv from player 5555: fold 

send notify msg to player 7777 
notify/ 
5555 1782 8000 218 fold 
4444 2000 8000 0 fold 
3333 2000 8000 0 fold 
6666 1682 8000 318 call 
8888 1682 8000 318 call 
1111 1832 8000 318 raise 
2222 1682 8000 218 check 
7777 1950 8000 0 fold 
total pot: 1390 
/notify 
send inquire msg to player 2222 
inquire/ 
7777 1950 8000 0 fold 
5555 1782 8000 218 fold 
4444 2000 8000 0 fold 
3333 2000 8000 0 fold 
6666 1682 8000 318 call 
8888 1682 8000 318 call 
1111 1832 8000 318 raise 
2222 1682 8000 218 check 
total pot: 1390 
/inquire 
recv from player 2222: call 

turn/ 
CLUBS 10 
/turn 

---turn round bet---
valid player: 8, all in player: 0, fold player: 4
send inquire msg to player 2222 
inquire/ 
7777 1950 8000 0 fold 
5555 1782 8000 218 fold 
4444 2000 8000 0 fold 
3333 2000 8000 0 fold 
6666 1682 8000 318 call 
8888 1682 8000 318 call 
1111 1832 8000 318 raise 
2222 1582 8000 318 call 
total pot: 1490 
/inquire 
recv from player 2222: call 

send inquire msg to player 1111 
inquire/ 
2222 1582 8000 318 check 
7777 1950 8000 0 fold 
5555 1782 8000 218 fold 
4444 2000 8000 0 fold 
3333 2000 8000 0 fold 
6666 1682 8000 318 call 
8888 1682 8000 318 call 
1111 1832 8000 318 raise 
total pot: 1490 
/inquire 
recv from player 1111: call 

send inquire msg to player 8888 
inquire/ 
1111 1832 8000 318 check 
2222 1582 8000 318 check 
7777 1950 8000 0 fold 
5555 1782 8000 218 fold 
4444 2000 8000 0 fold 
3333 2000 8000 0 fold 
6666 1682 8000 318 call 
8888 1682 8000 318 call 
total pot: 1490 
/inquire 
recv from player 8888: call 

send inquire msg to player 6666 
inquire/ 
8888 1682 8000 318 check 
1111 1832 8000 318 check 
2222 1582 8000 318 check 
7777 1950 8000 0 fold 
5555 1782 8000 218 fold 
4444 2000 8000 0 fold 
3333 2000 8000 0 fold 
6666 1682 8000 318 call 
total pot: 1490 
/inquire 
recv from player 6666: call 

river/ 
DIAMONDS K 
/river 

---river round bet---
valid player: 8, all in player: 0, fold player: 4
send inquire msg to player 2222 
inquire/ 
7777 1950 8000 0 fold 
5555 1782 8000 218 fold 
4444 2000 8000 0 fold 
3333 2000 8000 0 fold 
6666 1682 8000 318 check 
8888 1682 8000 318 check 
1111 1832 8000 318 check 
2222 1582 8000 318 check 
total pot: 1490 
/inquire 
recv from player 2222: call 

send inquire msg to player 1111 
inquire/ 
2222 1582 8000 318 check 
7777 1950 8000 0 fold 
5555 1782 8000 218 fold 
4444 2000 8000 0 fold 
3333 2000 8000 0 fold 
6666 1682 8000 318 check 
8888 1682 8000 318 check 
1111 1832 8000 318 check 
total pot: 1490 
/inquire 
recv from player 1111: call 

send inquire msg to player 8888 
inquire/ 
1111 1832 8000 318 check 
2222 1582 8000 318 check 
7777 1950 8000 0 fold 
5555 1782 8000 218 fold 
4444 2000 8000 0 fold 
3333 2000 8000 0 fold 
6666 1682 8000 318 check 
8888 1682 8000 318 check 
total pot: 1490 
/inquire 
recv from player 8888: call 

send inquire msg to player 6666 
inquire/ 
8888 1682 8000 318 check 
1111 1832 8000 318 check 
2222 1582 8000 318 check 
7777 1950 8000 0 fold 
5555 1782 8000 218 fold 
4444 2000 8000 0 fold 
3333 2000 8000 0 fold 
6666 1682 8000 318 check 
total pot: 1490 
/inquire 
recv from player 6666: call 


----- notify msg last round -----
send notify msg to player 4444 
notify/ 
3333 2000 8000 0 fold 
6666 1682 8000 318 check 
8888 1682 8000 318 check 
1111 1832 8000 318 check 
2222 1582 8000 318 check 
7777 1950 8000 0 fold 
5555 1782 8000 218 fold 
4444 2000 8000 0 fold 
total pot: 1490 
/notify 
send notify msg to player 7777 
notify/ 
5555 1782 8000 218 fold 
4444 2000 8000 0 fold 
3333 2000 8000 0 fold 
6666 1682 8000 318 check 
8888 1682 8000 318 check 
1111 1832 8000 318 check 
2222 1582 8000 318 check 
7777 1950 8000 0 fold 
total pot: 1490 
/notify 
send notify msg to player 2222 
notify/ 
7777 1950 8000 0 fold 
5555 1782 8000 218 fold 
4444 2000 8000 0 fold 
3333 2000 8000 0 fold 
6666 1682 8000 318 check 
8888 1682 8000 318 check 
1111 1832 8000 318 check 
2222 1582 8000 318 check 
total pot: 1490 
/notify 
send notify msg to player 1111 
notify/ 
2222 1582 8000 318 check 
7777 1950 8000 0 fold 
5555 1782 8000 218 fold 
4444 2000 8000 0 fold 
3333 2000 8000 0 fold 
6666 1682 8000 318 check 
8888 1682 8000 318 check 
1111 1832 8000 318 check 
total pot: 1490 
/notify 
send notify msg to player 8888 
notify/ 
1111 1832 8000 318 check 
2222 1582 8000 318 check 
7777 1950 8000 0 fold 
5555 1782 8000 218 fold 
4444 2000 8000 0 fold 
3333 2000 8000 0 fold 
6666 1682 8000 318 check 
8888 1682 8000 318 check 
total pot: 1490 
/notify 
send notify msg to player 6666 
notify/ 
8888 1682 8000 318 check 
1111 1832 8000 318 check 
2222 1582 8000 318 check 
7777 1950 8000 0 fold 
5555 1782 8000 218 fold 
4444 2000 8000 0 fold 
3333 2000 8000 0 fold 
6666 1682 8000 318 check 
total pot: 1490 
/notify 

---show down---
showdown/ 
common/ 
CLUBS 6 
CLUBS 2 
HEARTS 8 
CLUBS 10 
DIAMONDS K 
/common 
4: 2222 HEARTS Q CLUBS 7 HIGH_CARD 
1: 1111 CLUBS 8 HEARTS A ONE_PAIR 
3: 8888 HEARTS 6 SPADES 7 ONE_PAIR 
2: 6666 SPADES J DIAMONDS 8 ONE_PAIR 
/showdown 

---Allocate pot---
pot-win/ 
1111: 1490 
/pot-win 
it is player 2222's turn to be button

-----3 Hand-----

----- clean player data in socket -----
seat/ 
button: 2222 1582 8000 
small blind: 1111 3322 8000 
big blind: 8888 1682 8000 
6666 1682 8000 
3333 2000 8000 
4444 2000 8000 
5555 1782 8000 
7777 1950 8000 
/seat 
blind/ 
1111: 50 
8888: 100 
/blind 
player 1111:hold/ 
DIAMONDS K 
DIAMONDS 4 
/hold 
player 8888:hold/ 
CLUBS 8 
DIAMONDS 7 
/hold 
player 6666:hold/ 
SPADES 5 
SPADES 3 
/hold 
player 3333:hold/ 
CLUBS 3 
DIAMONDS 3 
/hold 
player 4444:hold/ 
SPADES 10 
HEARTS 4 
/hold 
player 5555:hold/ 
HEARTS K 
HEARTS 9 
/hold 
player 7777:hold/ 
SPADES 6 
CLUBS 10 
/hold 
player 2222:hold/ 
CLUBS 7 
DIAMONDS 6 
/hold 

---pre flop round bet---
valid player: 8, all in player: 0, fold player: 0
send inquire msg to player 6666 
inquire/ 
8888 1582 8000 100 blind 
1111 3272 8000 50 blind 
total pot: 150 
/inquire 
recv from player 6666: raise 116 

send inquire msg to player 3333 
inquire/ 
6666 1466 8000 216 raise 
8888 1582 8000 100 blind 
1111 3272 8000 50 blind 
total pot: 366 
/inquire 
recv from player 3333: fold 

send inquire msg to player 4444 
inquire/ 
3333 2000 8000 0 fold 
6666 1466 8000 216 raise 
8888 1582 8000 100 blind 
1111 3272 8000 50 blind 
total pot: 366 
/inquire 
recv from player 4444: fold 

send inquire msg to player 5555 
inquire/ 
4444 2000 8000 0 fold 
3333 2000 8000 0 fold 
6666 1466 8000 216 raise 
8888 1582 8000 100 blind 
1111 3272 8000 50 blind 
total pot: 366 
/inquire 
recv from player 5555: fold 

send inquire msg to player 7777 
inquire/ 
5555 1782 8000 0 fold 
4444 2000 8000 0 fold 
3333 2000 8000 0 fold 
6666 1466 8000 216 raise 
8888 1582 8000 100 blind 
1111 3272 8000 50 blind 
total pot: 366 
/inquire 
recv from player 7777: fold 

send inquire msg to player 2222 
inquire/ 
7777 1950 8000 0 fold 
5555 1782 8000 0 fold 
4444 2000 8000 0 fold 
3333 2000 8000 0 fold 
6666 1466 8000 216 raise 
8888 1582 8000 100 blind 
1111 3272 8000 50 blind 
total pot: 366 
/inquire 
recv from player 2222: fold 

send inquire msg to player 1111 
inquire/ 
2222 1582 8000 0 fold 
7777 1950 8000 0 fold 
5555 1782 8000 0 fold 
4444 2000 8000 0 fold 
3333 2000 8000 0 fold 
6666 1466 8000 216 raise 
8888 1582 8000 100 blind 
1111 3272 8000 50 blind 
total pot: 366 
/inquire 
recv from player 1111: call 

send inquire msg to player 8888 
inquire/ 
1111 3106 8000 216 call 
2222 1582 8000 0 fold 
7777 1950 8000 0 fold 
5555 1782 8000 0 fold 
4444 2000 8000 0 fold 
3333 2000 8000 0 fold 
6666 1466 8000 216 raise 
8888 1582 8000 100 blind 
total pot: 532 
/inquire 
recv from player 8888: call 

flop/ 
HEARTS Q 
DIAMONDS 5 
CLUBS K 
/flop 

---flop round bet---
valid player: 8, all in player: 0, fold player: 5
send inquire msg to player 1111 
inquire/ 
2222 1582 8000 0 fold 
7777 1950 8000 0 fold 
5555 1782 8000 0 fold 
4444 2000 8000 0 fold 
3333 2000 8000 0 fold 
6666 1466 8000 216 raise 
8888 1466 8000 216 call 
1111 3106 8000 216 call 
total pot: 648 
/inquire 
recv from player 1111: raise 752 

send inquire msg to player 8888 
inquire/ 
1111 2354 8000 968 raise 
2222 1582 8000 0 fold 
7777 1950 8000 0 fold 
5555 1782 8000 0 fold 
4444 2000 8000 0 fold 
3333 2000 8000 0 fold 
6666 1466 8000 216 raise 
8888 1466 8000 216 call 
total pot: 1400 
/inquire 
recv from player 8888: fold 

send inquire msg to player 6666 
inquire/ 
8888 1466 8000 216 fold 
1111 2354 8000 968 raise 
2222 1582 8000 0 fold 
7777 1950 8000 0 fold 
5555 1782 8000 0 fold 
4444 2000 8000 0 fold 
3333 2000 8000 0 fold 
6666 1466 8000 216 raise 
total pot: 1400 
/inquire 
recv from player 6666: fold 


---turn round bet---
valid player: 8, all in player: 0, fold player: 7

---river round bet---
valid player: 8, all in player: 0, fold player: 7

----- notify msg last round -----
send notify msg to player 4444 
notify/ 
3333 2000 8000 0 fold 
6666 1466 8000 216 fold 
8888 1466 8000 216 fold 
1111 2354 8000 968 raise 
2222 1582 8000 0 fold 
7777 1950 8000 0 fold 
5555 1782 8000 0 fold 
4444 2000 8000 0 fold 
total pot: 1400 
/notify 
send notify msg to player 7777 
notify/ 
5555 1782 8000 0 fold 
4444 2000 8000 0 fold 
3333 2000 8000 0 fold 
6666 1466 8000 216 fold 
8888 1466 8000 216 fold 
1111 2354 8000 968 raise 
2222 1582 8000 0 fold 
7777 1950 8000 0 fold 
total pot: 1400 
/notify 
send notify msg to player 2222 
notify/ 
7777 1950 8000 0 fold 
5555 1782 8000 0 fold 
4444 2000 8000 0 fold 
3333 2000 8000 0 fold 
6666 1466 8000 216 fold 
8888 1466 8000 216 fold 
1111 2354 8000 968 raise 
2222 1582 8000 0 fold 
total pot: 1400 
/notify 
send notify msg to player 1111 
notify/ 
2222 1582 8000 0 fold 
7777 1950 8000 0 fold 
5555 1782 8000 0 fold 
4444 2000 8000 0 fold 
3333 2000 8000 0 fold 
6666 1466 8000 216 fold 
8888 1466 8000 216 fold 
1111 2354 8000 968 raise 
total pot: 1400 
/notify 
send notify msg to player 8888 
notify/ 
1111 2354 8000 968 raise 
2222 1582 8000 0 fold 
7777 1950 8000 0 fold 
5555 1782 8000 0 fold 
4444 2000 8000 0 fold 
3333 2000 8000 0 fold 
6666 1466 8000 216 fold 
8888 1466 8000 216 fold 
total pot: 1400 
/notify 
send notify msg to player 6666 
notify/ 
8888 1466 8000 216 fold 
1111 2354 8000 968 raise 
2222 1582 8000 0 fold 
7777 1950 8000 0 fold 
5555 1782 8000 0 fold 
4444 2000 8000 0 fold 
3333 2000 8000 0 fold 
6666 1466 8000 216 fold 
total pot: 1400 
/notify 

--- 1 players not fold, don't need show down---

---Allocate pot---
Only player at seat 0 not fold, win all the pot 1400
pot-win/ 
1111: 1400 
/pot-win 
it is player 1111's turn to be button

-----4 Hand-----

----- clean player data in socket -----
seat/ 
button: 1111 3754 8000 
small blind: 8888 1466 8000 
big blind: 6666 1466 8000 
3333 2000 8000 
4444 2000 8000 
5555 1782 8000 
7777 1950 8000 
2222 1582 8000 
/seat 
blind/ 
8888: 50 
6666: 100 
/blind 
player 8888:hold/ 
CLUBS J 
CLUBS Q 
/hold 
player 6666:hold/ 
SPADES K 
HEARTS 5 
/hold 
player 3333:hold/ 
CLUBS 9 
DIAMONDS 5 
/hold 
player 4444:hold/ 
HEARTS 7 
CLUBS A 
/hold 
player 5555:hold/ 
HEARTS 3 
SPADES 3 
/hold 
player 7777:hold/ 
DIAMONDS 9 
SPADES Q 
/hold 
player 2222:hold/ 
DIAMONDS Q 
DIAMONDS 8 
/hold 
player 1111:hold/ 
DIAMONDS 10 
HEARTS 10 
/hold 

---pre flop round bet---
valid player: 8, all in player: 0, fold player: 0
send inquire msg to player 3333 
inquire/ 
6666 1366 8000 100 blind 
8888 1416 8000 50 blind 
total pot: 150 
/inquire 
recv from player 3333: fold 

send inquire msg to player 4444 
inquire/ 
3333 2000 8000 0 fold 
6666 1366 8000 100 blind 
8888 1416 8000 50 blind 
total pot: 150 
/inquire 
recv from player 4444: raise 118 

send inquire msg to player 5555 
inquire/ 
4444 1782 8000 218 raise 
3333 2000 8000 0 fold 
6666 1366 8000 100 blind 
8888 1416 8000 50 blind 
total pot: 368 
/inquire 
recv from player 5555: fold 

send inquire msg to player 7777 
inquire/ 
5555 1782 8000 0 fold 
4444 1782 8000 218 raise 
3333 2000 8000 0 fold 
6666 1366 8000 100 blind 
8888 1416 8000 50 blind 
total pot: 368 
/inquire 
recv from player 7777: fold 

send inquire msg to player 2222 
inquire/ 
7777 1950 8000 0 fold 
5555 1782 8000 0 fold 
4444 1782 8000 218 raise 
3333 2000 8000 0 fold 
6666 1366 8000 100 blind 
8888 1416 8000 50 blind 
total pot: 368 
/inquire 
recv from player 2222: call 

send inquire msg to player 1111 
inquire/ 
2222 1364 8000 218 call 
7777 1950 8000 0 fold 
5555 1782 8000 0 fold 
4444 1782 8000 218 raise 
3333 2000 8000 0 fold 
6666 1366 8000 100 blind 
8888 1416 8000 50 blind 
total pot: 586 
/inquire 
recv from player 1111: call 

send inquire msg to player 8888 
inquire/ 
1111 3536 8000 218 call 
2222 1364 8000 218 call 
7777 1950 8000 0 fold 
5555 1782 8000 0 fold 
4444 1782 8000 218 raise 
3333 2000 8000 0 fold 
6666 1366 8000 100 blind 
8888 1416 8000 50 blind 
total pot: 804 
/inquire 
recv from player 8888: call 

send inquire msg to player 6666 
inquire/ 
8888 1248 8000 218 call 
1111 3536 8000 218 call 
2222 1364 8000 218 call 
7777 1950 8000 0 fold 
5555 1782 8000 0 fold 
4444 1782 8000 218 raise 
3333 2000 8000 0 fold 
6666 1366 8000 100 blind 
total pot: 972 
/inquire 
recv from player 6666: call 

flop/ 
HEARTS J 
SPADES 6 
HEARTS A 
/flop 

---flop round bet---
valid player: 8, all in player: 0, fold player: 3
send inquire msg to player 8888 
inquire/ 
1111 3536 8000 218 call 
2222 1364 8000 218 call 
7777 1950 8000 0 fold 
5555 1782 8000 0 fold 
4444 1782 8000 218 raise 
3333 2000 8000 0 fold 
6666 1248 8000 218 call 
8888 1248 8000 218 call 
total pot: 1090 
/inquire 
recv from player 8888: call 

send inquire msg to player 6666 
inquire/ 
8888 1248 8000 218 check 
1111 3536 8000 218 call 
2222 1364 8000 218 call 
7777 1950 8000 0 fold 
5555 1782 8000 0 fold 
4444 1782 8000 218 raise 
3333 2000 8000 0 fold 
6666 1248 8000 218 call 
total pot: 1090 
/inquire 
recv from player 6666: call 

send inquire msg to player 4444 
inquire/ 
3333 2000 8000 0 fold 
6666 1248 8000 218 check 
8888 1248 8000 218 check 
1111 3536 8000 218 call 
2222 1364 8000 218 call 
7777 1950 8000 0 fold 
5555 1782 8000 0 fold 
4444 1782 8000 218 raise 
total pot: 1090 
/inquire 
recv from player 4444: raise 255 

send notify msg to player 7777 
notify/ 
5555 1782 8000 0 fold 
4444 1527 8000 473 raise 
3333 2000 8000 0 fold 
6666 1248 8000 218 check 
8888 1248 8000 218 check 
1111 3536 8000 218 call 
2222 1364 8000 218 call 
7777 1950 8000 0 fold 
total pot: 1345 
/notify 
send inquire msg to player 2222 
inquire/ 
7777 1950 8000 0 fold 
5555 1782 8000 0 fold 
4444 1527 8000 473 raise 
3333 2000 8000 0 fold 
6666 1248 8000 218 check 
8888 1248 8000 218 check 
1111 3536 8000 218 call 
2222 1364 8000 218 call 
total pot: 1345 
/inquire 
recv from player 2222: fold 

send inquire msg to player 1111 
inquire/ 
2222 1364 8000 218 fold 
7777 1950 8000 0 fold 
5555 1782 8000 0 fold 
4444 1527 8000 473 raise 
3333 2000 8000 0 fold 
6666 1248 8000 218 check 
8888 1248 8000 218 check 
1111 3536 8000 218 call 
total pot: 1345 
/inquire 
recv from player 1111: call 

send inquire msg to player 8888 
inquire/ 
1111 3281 8000 473 call 
2222 1364 8000 218 fold 
7777 1950 8000 0 fold 
5555 1782 8000 0 fold 
4444 1527 8000 473 raise 
3333 2000 8000 0 fold 
6666 1248 8000 218 check 
8888 1248 8000 218 check 
total pot: 1600 
/inquire 
recv from player 8888: call 

send inquire msg to player 6666 
inquire/ 
8888 993 8000 473 call 
1111 3281 8000 473 call 
2222 1364 8000 218 fold 
7777 1950 8000 0 fold 
5555 1782 8000 0 fold 
4444 1527 8000 473 raise 
3333 2000 8000 0 fold 
6666 1248 8000 218 check 
total pot: 1855 
/inquire 
recv from player 6666: fold 

turn/ 
HEARTS 2 
/turn 

---turn round bet---
valid player: 8, all in player: 0, fold player: 5
send inquire msg to player 8888 
inquire/ 
1111 3281 8000 473 call 
2222 1364 8000 218 fold 
7777 1950 8000 0 fold 
5555 1782 8000 0 fold 
4444 1527 8000 473 raise 
3333 2000 8000 0 fold 
6666 1248 8000 218 fold 
8888 993 8000 473 call 
total pot: 1855 
/inquire 
recv from player 8888: call 

send notify msg to player 6666 
notify/ 
8888 993 8000 473 check 
1111 3281 8000 473 call 
2222 1364 8000 218 fold 
7777 1950 8000 0 fold 
5555 1782 8000 0 fold 
4444 1527 8000 473 raise 
3333 2000 8000 0 fold 
6666 1248 8000 218 fold 
total pot: 1855 
/notify 
send inquire msg to player 4444 
inquire/ 
3333 2000 8000 0 fold 
6666 1248 8000 218 fold 
8888 993 8000 473 check 
1111 3281 8000 473 call 
2222 1364 8000 218 fold 
7777 1950 8000 0 fold 
5555 1782 8000 0 fold 
4444 1527 8000 473 raise 
total pot: 1855 
/inquire 
recv from player 4444: call 

send notify msg to player 7777 
notify/ 
5555 1782 8000 0 fold 
4444 1527 8000 473 check 
3333 2000 8000 0 fold 
6666 1248 8000 218 fold 
8888 993 8000 473 check 
1111 3281 8000 473 call 
2222 1364 8000 218 fold 
7777 1950 8000 0 fold 
total pot: 1855 
/notify 
send notify msg to player 2222 
notify/ 
7777 1950 8000 0 fold 
5555 1782 8000 0 fold 
4444 1527 8000 473 check 
3333 2000 8000 0 fold 
6666 1248 8000 218 fold 
8888 993 8000 473 check 
1111 3281 8000 473 call 
2222 1364 8000 218 fold 
total pot: 1855 
/notify 
send inquire msg to player 1111 
inquire/ 
2222 1364 8000 218 fold 
7777 1950 8000 0 fold 
5555 1782 8000 0 fold 
4444 1527 8000 473 check 
3333 2000 8000 0 fold 
6666 1248 8000 218 fold 
8888 993 8000 473 check 
1111 3281 8000 473 call 
total pot: 1855 
/inquire 
recv from player 1111: call 

river/ 
HEARTS 6 
/river 

---river round bet---
valid player: 8, all in player: 0, fold player: 5
send inquire msg to player 8888 
inquire/ 
1111 3281 8000 473 check 
2222 1364 8000 218 fold 
7777 1950 8000 0 fold 
5555 1782 8000 0 fold 
4444 1527 8000 473 check 
3333 2000 8000 0 fold 
6666 1248 8000 218 fold 
8888 993 8000 473 check 
total pot: 1855 
/inquire 
recv from player 8888: call 

send notify msg to player 6666 
notify/ 
8888 993 8000 473 check 
1111 3281 8000 473 check 
2222 1364 8000 218 fold 
7777 1950 8000 0 fold 
5555 1782 8000 0 fold 
4444 1527 8000 473 check 
3333 2000 8000 0 fold 
6666 1248 8000 218 fold 
total pot: 1855 
/notify 
send inquire msg to player 4444 
inquire/ 
3333 2000 8000 0 fold 
6666 1248 8000 218 fold 
8888 993 8000 473 check 
1111 3281 8000 473 check 
2222 1364 8000 218 fold 
7777 1950 8000 0 fold 
5555 1782 8000 0 fold 
4444 1527 8000 473 check 
total pot: 1855 
/inquire 
recv from player 4444: call 

send notify msg to player 7777 
notify/ 
5555 1782 8000 0 fold 
4444 1527 8000 473 check 
3333 2000 8000 0 fold 
6666 1248 8000 218 fold 
8888 993 8000 473 check 
1111 3281 8000 473 check 
2222 1364 8000 218 fold 
7777 1950 8000 0 fold 
total pot: 1855 
/notify 
send notify msg to player 2222 
notify/ 
7777 1950 8000 0 fold 
5555 1782 8000 0 fold 
4444 1527 8000 473 check 
3333 2000 8000 0 fold 
6666 1248 8000 218 fold 
8888 993 8000 473 check 
1111 3281 8000 473 check 
2222 1364 8000 218 fold 
total pot: 1855 
/notify 
send inquire msg to player 1111 
inquire/ 
2222 1364 8000 218 fold 
7777 1950 8000 0 fold 
5555 1782 8000 0 fold 
4444 1527 8000 473 check 
3333 2000 8000 0 fold 
6666 1248 8000 218 fold 
8888 993 8000 473 check 
1111 3281 8000 473 check 
total pot: 1855 
/inquire 
recv from player 1111: raise 946 

send inquire msg to player 8888 
inquire/ 
1111 2335 8000 1419 raise 
2222 1364 8000 218 fold 
7777 1950 8000 0 fold 
5555 1782 8000 0 fold 
4444 1527 8000 473 check 
3333 2000 8000 0 fold 
6666 1248 8000 218 fold 
8888 993 8000 473 check 
total pot: 2801 
/inquire 
recv from player 8888: fold 

send notify msg to player 6666 
notify/ 
8888 993 8000 473 fold 
1111 2335 8000 1419 raise 
2222 1364 8000 218 fold 
7777 1950 8000 0 fold 
5555 1782 8000 0 fold 
4444 1527 8000 473 check 
3333 2000 8000 0 fold 
6666 1248 8000 218 fold 
total pot: 2801 
/notify 
send inquire msg to player 4444 
inquire/ 
3333 2000 8000 0 fold 
6666 1248 8000 218 fold 
8888 993 8000 473 fold 
1111 2335 8000 1419 raise 
2222 1364 8000 218 fold 
7777 1950 8000 0 fold 
5555 1782 8000 0 fold 
4444 1527 8000 473 check 
total pot: 2801 
/inquire 
recv from player 4444: fold 


----- notify msg last round -----
send notify msg to player 7777 
notify/ 
5555 1782 8000 0 fold 
4444 1527 8000 473 fold 
3333 2000 8000 0 fold 
6666 1248 8000 218 fold 
8888 993 8000 473 fold 
1111 2335 8000 1419 raise 
2222 1364 8000 218 fold 
7777 1950 8000 0 fold 
total pot: 2801 
/notify 
send notify msg to player 2222 
notify/ 
7777 1950 8000 0 fold 
5555 1782 8000 0 fold 
4444 1527 8000 473 fold 
3333 2000 8000 0 fold 
6666 1248 8000 218 fold 
8888 993 8000 473 fold 
1111 2335 8000 1419 raise 
2222 1364 8000 218 fold 
total pot: 2801 
/notify 
send notify msg to player 1111 
notify/ 
2222 1364 8000 218 fold 
7777 1950 8000 0 fold 
5555 1782 8000 0 fold 
4444 1527 8000 473 fold 
3333 2000 8000 0 fold 
6666 1248 8000 218 fold 
8888 993 8000 473 fold 
1111 2335 8000 1419 raise 
total pot: 2801 
/notify 
send notify msg to player 8888 
notify/ 
1111 2335 8000 1419 raise 
2222 1364 8000 218 fold 
7777 1950 8000 0 fold 
5555 1782 8000 0 fold 
4444 1527 8000 473 fold 
3333 2000 8000 0 fold 
6666 1248 8000 218 fold 
8888 993 8000 473 fold 
total pot: 2801 
/notify 
send notify msg to player 6666 
notify/ 
8888 993 8000 473 fold 
1111 2335 8000 1419 raise 
2222 1364 8000 218 fold 
7777 1950 8000 0 fold 
5555 1782 8000 0 fold 
4444 1527 8000 473 fold 
3333 2000 8000 0 fold 
6666 1248 8000 218 fold 
total pot: 2801 
/notify 
send notify msg to player 4444 
notify/ 
3333 2000 8000 0 fold 
6666 1248 8000 218 fold 
8888 993 8000 473 fold 
1111 2335 8000 1419 raise 
2222 1364 8000 218 fold 
7777 1950 8000 0 fold 
5555 1782 8000 0 fold 
4444 1527 8000 473 fold 
total pot: 2801 
/notify 

--- 1 players not fold, don't need show down---

---Allocate pot---
Only player at seat 7 not fold, win all the pot 2801
pot-win/ 
1111: 2801 
/pot-win 
it is player 8888's turn to be button

-----5 Hand-----

----- clean player data in socket -----
seat/ 
button: 8888 993 8000 
small blind: 6666 1248 8000 
big blind: 3333 2000 8000 
4444 1527 8000 
5555 1782 8000 
7777 1950 8000 
2222 1364 8000 
1111 5136 8000 
/seat 
blind/ 
6666: 50 
3333: 100 
/blind 
player 6666:hold/ 
HEARTS 8 
CLUBS 3 
/hold 
player 3333:hold/ 
DIAMONDS K 
HEARTS 10 
/hold 
player 4444:hold/ 
DIAMONDS Q 
SPADES 8 
/hold 
player 5555:hold/ 
HEARTS A 
DIAMONDS 2 
/hold 
player 7777:hold/ 
HEARTS 9 
HEARTS 7 
/hold 
player 2222:hold/ 
HEARTS Q 
DIAMONDS A 
/hold 
player 1111:hold/ 
CLUBS 7 
SPADES J 
/hold 
player 8888:hold/ 
CLUBS Q 
CLUBS 8 
/hold 

---pre flop round bet---
valid player: 8, all in player: 0, fold player: 0
send inquire msg to player 4444 
inquire/ 
3333 1900 8000 100 blind 
6666 1198 8000 50 blind 
total pot: 150 
/inquire 
recv from player 4444: call 

send inquire msg to player 5555 
inquire/ 
4444 1427 8000 100 call 
3333 1900 8000 100 blind 
6666 1198 8000 50 blind 
total pot: 250 
/inquire 
recv from player 5555: call 

send inquire msg to player 7777 
inquire/ 
5555 1682 8000 100 call 
4444 1427 8000 100 call 
3333 1900 8000 100 blind 
6666 1198 8000 50 blind 
total pot: 350 
/inquire 
recv from player 7777: fold 

send inquire msg to player 2222 
inquire/ 
7777 1950 8000 0 fold 
5555 1682 8000 100 call 
4444 1427 8000 100 call 
3333 1900 8000 100 blind 
6666 1198 8000 50 blind 
total pot: 350 
/inquire 
recv from player 2222: raise 169 

send inquire msg to player 1111 
inquire/ 
2222 1095 8000 269 raise 
7777 1950 8000 0 fold 
5555 1682 8000 100 call 
4444 1427 8000 100 call 
3333 1900 8000 100 blind 
6666 1198 8000 50 blind 
total pot: 619 
/inquire 
recv from player 1111: call 

send inquire msg to player 8888 
inquire/ 
1111 4867 8000 269 call 
2222 1095 8000 269 raise 
7777 1950 8000 0 fold 
5555 1682 8000 100 call 
4444 1427 8000 100 call 
3333 1900 8000 100 blind 
6666 1198 8000 50 blind 
total pot: 888 
/inquire 
recv from player 8888: fold 

send inquire msg to player 6666 
inquire/ 
8888 993 8000 0 fold 
1111 4867 8000 269 call 
2222 1095 8000 269 raise 
7777 1950 8000 0 fold 
5555 1682 8000 100 call 
4444 1427 8000 100 call 
3333 1900 8000 100 blind 
6666 1198 8000 50 blind 
total pot: 888 
/inquire 
recv from player 6666: fold 

send inquire msg to player 3333 
inquire/ 
6666 1198 8000 50 fold 
8888 993 8000 0 fold 
1111 4867 8000 269 call 
2222 1095 8000 269 raise 
7777 1950 8000 0 fold 
5555 1682 8000 100 call 
4444 1427 8000 100 call 
3333 1900 8000 100 blind 
total pot: 888 
/inquire 
recv from player 3333: raise 600 

send inquire msg to player 4444 
inquire/ 
3333 1131 8000 869 raise 
6666 1198 8000 50 fold 
8888 993 8000 0 fold 
1111 4867 8000 269 call 
2222 1095 8000 269 raise 
7777 1950 8000 0 fold 
5555 1682 8000 100 call 
4444 1427 8000 100 call 
total pot: 1657 
/inquire 
recv from player 4444: fold 

send inquire msg to player 5555 
inquire/ 
4444 1427 8000 100 fold 
3333 1131 8000 869 raise 
6666 1198 8000 50 fold 
8888 993 8000 0 fold 
1111 4867 8000 269 call 
2222 1095 8000 269 raise 
7777 1950 8000 0 fold 
5555 1682 8000 100 call 
total pot: 1657 
/inquire 
recv from player 5555: fold 

send notify msg to player 7777 
notify/ 
5555 1682 8000 100 fold 
4444 1427 8000 100 fold 
3333 1131 8000 869 raise 
6666 1198 8000 50 fold 
8888 993 8000 0 fold 
1111 4867 8000 269 call 
2222 1095 8000 269 raise 
7777 1950 8000 0 fold 
total pot: 1657 
/notify 
send inquire msg to player 2222 
inquire/ 
7777 1950 8000 0 fold 
5555 1682 8000 100 fold 
4444 1427 8000 100 fold 
3333 1131 8000 869 raise 
6666 1198 8000 50 fold 
8888 993 8000 0 fold 
1111 4867 8000 269 call 
2222 1095 8000 269 raise 
total pot: 1657 
/inquire 
recv from player 2222: fold 

send inquire msg to player 1111 
inquire/ 
2222 1095 8000 269 fold 
7777 1950 8000 0 fold 
5555 1682 8000 100 fold 
4444 1427 8000 100 fold 
3333 1131 8000 869 raise 
6666 1198 8000 50 fold 
8888 993 8000 0 fold 
1111 4867 8000 269 call 
total pot: 1657 
/inquire 
recv from player 1111: fold 


---flop round bet---
valid player: 8, all in player: 0, fold player: 7

---turn round bet---
valid player: 8, all in player: 0, fold player: 7

---river round bet---
valid player: 8, all in player: 0, fold player: 7

----- notify msg last round -----
send notify msg to player 8888 
notify/ 
1111 4867 8000 269 fold 
2222 1095 8000 269 fold 
7777 1950 8000 0 fold 
5555 1682 8000 100 fold 
4444 1427 8000 100 fold 
3333 1131 8000 869 raise 
6666 1198 8000 50 fold 
8888 993 8000 0 fold 
total pot: 1657 
/notify 
send notify msg to player 6666 
notify/ 
8888 993 8000 0 fold 
1111 4867 8000 269 fold 
2222 1095 8000 269 fold 
7777 1950 8000 0 fold 
5555 1682 8000 100 fold 
4444 1427 8000 100 fold 
3333 1131 8000 869 raise 
6666 1198 8000 50 fold 
total pot: 1657 
/notify 
send notify msg to player 4444 
notify/ 
3333 1131 8000 869 raise 
6666 1198 8000 50 fold 
8888 993 8000 0 fold 
1111 4867 8000 269 fold 
2222 1095 8000 269 fold 
7777 1950 8000 0 fold 
5555 1682 8000 100 fold 
4444 1427 8000 100 fold 
total pot: 1657 
/notify 
send notify msg to player 7777 
notify/ 
5555 1682 8000 100 fold 
4444 1427 8000 100 fold 
3333 1131 8000 869 raise 
6666 1198 8000 50 fold 
8888 993 8000 0 fold 
1111 4867 8000 269 fold 
2222 1095 8000 269 fold 
7777 1950 8000 0 fold 
total pot: 1657 
/notify 
send notify msg to player 2222 
notify/ 
7777 1950 8000 0 fold 
5555 1682 8000 100 fold 
4444 1427 8000 100 fold 
3333 1131 8000 869 raise 
6666 1198 8000 50 fold 
8888 993 8000 0 fold 
1111 4867 8000 269 fold 
2222 1095 8000 269 fold 
total pot: 1657 
/notify 
send notify msg to player 1111 
notify/ 
2222 1095 8000 269 fold 
7777 1950 8000 0 fold 
5555 1682 8000 100 fold 
4444 1427 8000 100 fold 
3333 1131 8000 869 raise 
6666 1198 8000 50 fold 
8888 993 8000 0 fold 
1111 4867 8000 269 fold 
total pot: 1657 
/notify 

--- 1 players not fold, don't need show down---

---Allocate pot---
Only player at seat 1 not fold, win all the pot 1657
pot-win/ 
3333: 1657 
/pot-win 
it is player 6666's turn to be button

-----6 Hand-----

----- clean player data in socket -----
seat/ 
button: 6666 1198 8000 
small blind: 3333 2788 8000 
big blind: 4444 1427 8000 
5555 1682 8000 
7777 1950 8000 
2222 1095 8000 
1111 4867 8000 
8888 993 8000 
/seat 
blind/ 
3333: 50 
4444: 100 
/blind 
player 3333:hold/ 
SPADES 4 
DIAMONDS 3 
/hold 
player 4444:hold/ 
HEARTS 7 
DIAMONDS 10 
/hold 
player 5555:hold/ 
CLUBS 5 
CLUBS 6 
/hold 
player 7777:hold/ 
HEARTS A 
DIAMONDS 9 
/hold 
player 2222:hold/ 
HEARTS Q 
DIAMONDS 2 
/hold 
player 1111:hold/ 
DIAMONDS J 
SPADES 9 
/hold 
player 8888:hold/ 
DIAMONDS A 
SPADES 6 
/hold 
player 6666:hold/ 
DIAMONDS 8 
HEARTS 2 
/hold 

---pre flop round bet---
valid player: 8, all in player: 0, fold player: 0
send inquire msg to player 5555 
inquire/ 
4444 1327 8000 100 blind 
3333 2738 8000 50 blind 
total pot: 150 
/inquire 
recv from player 5555: call 

send inquire msg to player 7777 
inquire/ 
5555 1582 8000 100 call 
4444 1327 8000 100 blind 
3333 2738 8000 50 blind 
total pot: 250 
/inquire 
recv from player 7777: fold 

send inquire msg to player 2222 
inquire/ 
7777 1950 8000 0 fold 
5555 1582 8000 100 call 
4444 1327 8000 100 blind 
3333 2738 8000 50 blind 
total pot: 250 
/inquire 
recv from player 2222: fold 

send inquire msg to player 1111 
inquire/ 
2222 1095 8000 0 fold 
7777 1950 8000 0 fold 
5555 1582 8000 100 call 
4444 1327 8000 100 blind 
3333 2738 8000 50 blind 
total pot: 250 
/inquire 
recv from player 1111: call 

send inquire msg to player 8888 
inquire/ 
1111 4767 8000 100 call 
2222 1095 8000 0 fold 
7777 1950 8000 0 fold 
5555 1582 8000 100 call 
4444 1327 8000 100 blind 
3333 2738 8000 50 blind 
total pot: 350 
/inquire 
recv from player 8888: call 

send inquire msg to player 6666 
inquire/ 
8888 893 8000 100 call 
1111 4767 8000 100 call 
2222 1095 8000 0 fold 
7777 1950 8000 0 fold 
5555 1582 8000 100 call 
4444 1327 8000 100 blind 
3333 2738 8000 50 blind 
total pot: 450 
/inquire 
recv from player 6666: fold 

send inquire msg to player 3333 
inquire/ 
6666 1198 8000 0 fold 
8888 893 8000 100 call 
1111 4767 8000 100 call 
2222 1095 8000 0 fold 
7777 1950 8000 0 fold 
5555 1582 8000 100 call 
4444 1327 8000 100 blind 
3333 2738 8000 50 blind 
total pot: 450 
/inquire 
recv from player 3333: call 

send inquire msg to player 4444 
inquire/ 
3333 2688 8000 100 call 
6666 1198 8000 0 fold 
8888 893 8000 100 call 
1111 4767 8000 100 call 
2222 1095 8000 0 fold 
7777 1950 8000 0 fold 
5555 1582 8000 100 call 
