

---GAME START @ 2015-5-17-20-48-36---
reg: 3333 Ty_lxx 
reg: 8888 simplebot 
reg: 6666 simplebot 
reg: 4444 simplebot 
reg: 7777 cleverbot 
reg: 5555 simplebot 
reg: 2222 simplebot 
reg: 1111 simplebot 

-----1 Hand-----

----- clean player data in socket -----
seat/ 
button: 1111 2000 8000 
small blind: 3333 2000 8000 
big blind: 8888 2000 8000 
5555 2000 8000 
6666 2000 8000 
4444 2000 8000 
7777 2000 8000 
2222 2000 8000 
/seat 
blind/ 
3333: 50 
8888: 100 
/blind 
player 3333:hold/ 
DIAMONDS Q 
DIAMONDS A 
/hold 
player 8888:hold/ 
CLUBS 5 
CLUBS 6 
/hold 
player 5555:hold/ 
CLUBS 8 
HEARTS A 
/hold 
player 6666:hold/ 
CLUBS J 
HEARTS 10 
/hold 
player 4444:hold/ 
DIAMONDS 10 
CLUBS K 
/hold 
player 7777:hold/ 
DIAMONDS K 
HEARTS 7 
/hold 
player 2222:hold/ 
HEARTS 5 
HEARTS J 
/hold 
player 1111:hold/ 
SPADES 4 
DIAMONDS 5 
/hold 

---pre flop round bet---
valid player: 8, all in player: 0, fold player: 0
send inquire msg to player 5555 
inquire/ 
8888 1900 8000 100 blind 
3333 1950 8000 50 blind 
total pot: 150 
/inquire 
recv from player 5555: raise 132 

send inquire msg to player 6666 
inquire/ 
5555 1768 8000 232 raise 
8888 1900 8000 100 blind 
3333 1950 8000 50 blind 
total pot: 382 
/inquire 
recv from player 6666: call 

send inquire msg to player 4444 
inquire/ 
6666 1768 8000 232 call 
5555 1768 8000 232 raise 
8888 1900 8000 100 blind 
3333 1950 8000 50 blind 
total pot: 614 
/inquire 
recv from player 4444: call 

send inquire msg to player 7777 
inquire/ 
4444 1768 8000 232 call 
6666 1768 8000 232 call 
5555 1768 8000 232 raise 
8888 1900 8000 100 blind 
3333 1950 8000 50 blind 
total pot: 846 
/inquire 
recv from player 7777: fold 

send inquire msg to player 2222 
inquire/ 
7777 2000 8000 0 fold 
4444 1768 8000 232 call 
6666 1768 8000 232 call 
5555 1768 8000 232 raise 
8888 1900 8000 100 blind 
3333 1950 8000 50 blind 
total pot: 846 
/inquire 
recv from player 2222: call 

send inquire msg to player 1111 
inquire/ 
2222 1768 8000 232 call 
7777 2000 8000 0 fold 
4444 1768 8000 232 call 
6666 1768 8000 232 call 
5555 1768 8000 232 raise 
8888 1900 8000 100 blind 
3333 1950 8000 50 blind 
total pot: 1078 
/inquire 
recv from player 1111: fold 

send inquire msg to player 3333 
inquire/ 
1111 2000 8000 0 fold 
2222 1768 8000 232 call 
7777 2000 8000 0 fold 
4444 1768 8000 232 call 
6666 1768 8000 232 call 
5555 1768 8000 232 raise 
8888 1900 8000 100 blind 
3333 1950 8000 50 blind 
total pot: 1078 
/inquire 
recv from player 3333: call 

send inquire msg to player 8888 
inquire/ 
3333 1768 8000 232 call 
1111 2000 8000 0 fold 
2222 1768 8000 232 call 
7777 2000 8000 0 fold 
4444 1768 8000 232 call 
6666 1768 8000 232 call 
5555 1768 8000 232 raise 
8888 1900 8000 100 blind 
total pot: 1260 
/inquire 
recv from player 8888: call 

flop/ 
CLUBS Q 
HEARTS 2 
CLUBS 9 
/flop 

---flop round bet---
valid player: 8, all in player: 0, fold player: 2
send inquire msg to player 3333 
inquire/ 
1111 2000 8000 0 fold 
2222 1768 8000 232 call 
7777 2000 8000 0 fold 
4444 1768 8000 232 call 
6666 1768 8000 232 call 
5555 1768 8000 232 raise 
8888 1768 8000 232 call 
3333 1768 8000 232 call 
total pot: 1392 
/inquire 
recv from player 3333: raise 600 

send inquire msg to player 8888 
inquire/ 
3333 1168 8000 832 raise 
1111 2000 8000 0 fold 
2222 1768 8000 232 call 
7777 2000 8000 0 fold 
4444 1768 8000 232 call 
6666 1768 8000 232 call 
5555 1768 8000 232 raise 
8888 1768 8000 232 call 
total pot: 1992 
/inquire 
recv from player 8888: call 

send inquire msg to player 5555 
inquire/ 
8888 1168 8000 832 call 
3333 1168 8000 832 raise 
1111 2000 8000 0 fold 
2222 1768 8000 232 call 
7777 2000 8000 0 fold 
4444 1768 8000 232 call 
6666 1768 8000 232 call 
5555 1768 8000 232 raise 
total pot: 2592 
/inquire 
recv from player 5555: fold 

send inquire msg to player 6666 
inquire/ 
5555 1768 8000 232 fold 
8888 1168 8000 832 call 
3333 1168 8000 832 raise 
1111 2000 8000 0 fold 
2222 1768 8000 232 call 
7777 2000 8000 0 fold 
4444 1768 8000 232 call 
6666 1768 8000 232 call 
total pot: 2592 
/inquire 
recv from player 6666: call 

send inquire msg to player 4444 
inquire/ 
6666 1168 8000 832 call 
5555 1768 8000 232 fold 
8888 1168 8000 832 call 
3333 1168 8000 832 raise 
1111 2000 8000 0 fold 
2222 1768 8000 232 call 
7777 2000 8000 0 fold 
4444 1768 8000 232 call 
total pot: 3192 
/inquire 
recv from player 4444: fold 

send inquire msg to player 7777 
inquire/ 
4444 1768 8000 232 fold 
6666 1168 8000 832 call 
5555 1768 8000 232 fold 
8888 1168 8000 832 call 
3333 1168 8000 832 raise 
1111 2000 8000 0 fold 
2222 1768 8000 232 call 
7777 2000 8000 0 fold 
total pot: 3192 
/inquire 
send inquire msg to player 2222 
inquire/ 
7777 2000 8000 0 fold 
4444 1768 8000 232 fold 
6666 1168 8000 832 call 
5555 1768 8000 232 fold 
8888 1168 8000 832 call 
3333 1168 8000 832 raise 
1111 2000 8000 0 fold 
2222 1768 8000 232 call 
total pot: 3192 
/inquire 
recv from player 2222: fold 

turn/ 
DIAMONDS 7 
/turn 

---turn round bet---
valid player: 8, all in player: 0, fold player: 5
send inquire msg to player 3333 
inquire/ 
1111 2000 8000 0 fold 
2222 1768 8000 232 fold 
7777 2000 8000 0 fold 
4444 1768 8000 232 fold 
6666 1168 8000 832 call 
5555 1768 8000 232 fold 
8888 1168 8000 832 call 
3333 1168 8000 832 raise 
total pot: 3192 
/inquire 
recv from player 3333: raise 600 

send inquire msg to player 8888 
inquire/ 
3333 568 8000 1432 raise 
1111 2000 8000 0 fold 
2222 1768 8000 232 fold 
7777 2000 8000 0 fold 
4444 1768 8000 232 fold 
6666 1168 8000 832 call 
5555 1768 8000 232 fold 
8888 1168 8000 832 call 
total pot: 3792 
/inquire 
recv from player 8888: fold 

send inquire msg to player 5555 
inquire/ 
8888 1168 8000 832 fold 
3333 568 8000 1432 raise 
1111 2000 8000 0 fold 
2222 1768 8000 232 fold 
7777 2000 8000 0 fold 
4444 1768 8000 232 fold 
6666 1168 8000 832 call 
5555 1768 8000 232 fold 
total pot: 3792 
/inquire 
send inquire msg to player 6666 
inquire/ 
5555 1768 8000 232 fold 
8888 1168 8000 832 fold 
3333 568 8000 1432 raise 
1111 2000 8000 0 fold 
2222 1768 8000 232 fold 
7777 2000 8000 0 fold 
4444 1768 8000 232 fold 
6666 1168 8000 832 call 
total pot: 3792 
/inquire 
recv from player 6666: fold 


---river round bet---
valid player: 8, all in player: 0, fold player: 7

--- 1 players not fold, don't need show down---

---Allocate pot---
Only player at seat 0 not fold, win all the pot 3792
pot-win/ 
3333: 3792 
/pot-win 
it is player 3333's turn to be button

-----2 Hand-----

----- clean player data in socket -----
seat/ 
button: 3333 4360 8000 
small blind: 8888 1168 8000 
big blind: 5555 1768 8000 
6666 1168 8000 
4444 1768 8000 
7777 2000 8000 
2222 1768 8000 
1111 2000 8000 
/seat 
blind/ 
8888: 50 
5555: 100 
/blind 
player 8888:hold/ 
DIAMONDS 8 
DIAMONDS 3 
/hold 
player 5555:hold/ 
CLUBS K 
SPADES 7 
/hold 
player 6666:hold/ 
DIAMONDS 2 
SPADES 8 
/hold 
player 4444:hold/ 
CLUBS 8 
SPADES J 
/hold 
player 7777:hold/ 
HEARTS 3 
CLUBS 3 
/hold 
player 2222:hold/ 
CLUBS 7 
DIAMONDS 5 
/hold 
player 1111:hold/ 
CLUBS Q 
CLUBS 2 
/hold 
player 3333:hold/ 
HEARTS 10 
DIAMONDS K 
/hold 

---pre flop round bet---
valid player: 8, all in player: 0, fold player: 0
send inquire msg to player 6666 
inquire/ 
5555 1668 8000 100 blind 
8888 1118 8000 50 blind 
total pot: 150 
/inquire 
recv from player 6666: fold 

send inquire msg to player 4444 
inquire/ 
6666 1168 8000 0 fold 
5555 1668 8000 100 blind 
8888 1118 8000 50 blind 
total pot: 150 
/inquire 
recv from player 4444: call 

send inquire msg to player 7777 
inquire/ 
4444 1668 8000 100 call 
6666 1168 8000 0 fold 
5555 1668 8000 100 blind 
8888 1118 8000 50 blind 
total pot: 250 
/inquire 
recv from player 7777: check 

send inquire msg to player 2222 
inquire/ 
7777 1900 8000 100 call 
4444 1668 8000 100 call 
6666 1168 8000 0 fold 
5555 1668 8000 100 blind 
8888 1118 8000 50 blind 
total pot: 350 
/inquire 
recv from player 2222: call 

send inquire msg to player 1111 
inquire/ 
2222 1668 8000 100 call 
7777 1900 8000 100 call 
4444 1668 8000 100 call 
6666 1168 8000 0 fold 
5555 1668 8000 100 blind 
8888 1118 8000 50 blind 
total pot: 450 
/inquire 
recv from player 1111: raise 132 

send inquire msg to player 3333 
inquire/ 
1111 1768 8000 232 raise 
2222 1668 8000 100 call 
7777 1900 8000 100 call 
4444 1668 8000 100 call 
6666 1168 8000 0 fold 
5555 1668 8000 100 blind 
8888 1118 8000 50 blind 
total pot: 682 
/inquire 
recv from player 3333: fold 

send inquire msg to player 8888 
inquire/ 
3333 4360 8000 0 fold 
1111 1768 8000 232 raise 
2222 1668 8000 100 call 
7777 1900 8000 100 call 
4444 1668 8000 100 call 
6666 1168 8000 0 fold 
5555 1668 8000 100 blind 
8888 1118 8000 50 blind 
total pot: 682 
/inquire 
recv from player 8888: call 

send inquire msg to player 5555 
inquire/ 
8888 936 8000 232 call 
3333 4360 8000 0 fold 
1111 1768 8000 232 raise 
2222 1668 8000 100 call 
7777 1900 8000 100 call 
4444 1668 8000 100 call 
6666 1168 8000 0 fold 
5555 1668 8000 100 blind 
total pot: 864 
/inquire 
recv from player 5555: call 

send inquire msg to player 6666 
inquire/ 
5555 1536 8000 232 call 
8888 936 8000 232 call 
3333 4360 8000 0 fold 
1111 1768 8000 232 raise 
2222 1668 8000 100 call 
7777 1900 8000 100 call 
4444 1668 8000 100 call 
6666 1168 8000 0 fold 
total pot: 996 
/inquire 
send inquire msg to player 4444 
inquire/ 
6666 1168 8000 0 fold 
5555 1536 8000 232 call 
8888 936 8000 232 call 
3333 4360 8000 0 fold 
1111 1768 8000 232 raise 
2222 1668 8000 100 call 
7777 1900 8000 100 call 
4444 1668 8000 100 call 
total pot: 996 
/inquire 
recv from player 4444: call 

send inquire msg to player 7777 
inquire/ 
4444 1536 8000 232 call 
6666 1168 8000 0 fold 
5555 1536 8000 232 call 
8888 936 8000 232 call 
3333 4360 8000 0 fold 
1111 1768 8000 232 raise 
2222 1668 8000 100 call 
7777 1900 8000 100 call 
total pot: 1128 
/inquire 
recv from player 7777: fold 

send inquire msg to player 2222 
inquire/ 
7777 1900 8000 100 fold 
4444 1536 8000 232 call 
6666 1168 8000 0 fold 
5555 1536 8000 232 call 
8888 936 8000 232 call 
3333 4360 8000 0 fold 
1111 1768 8000 232 raise 
2222 1668 8000 100 call 
total pot: 1128 
/inquire 
recv from player 2222: call 

flop/ 
SPADES A 
DIAMONDS J 
DIAMONDS 6 
/flop 

---flop round bet---
valid player: 8, all in player: 0, fold player: 3
send inquire msg to player 8888 
inquire/ 
3333 4360 8000 0 fold 
1111 1768 8000 232 raise 
2222 1536 8000 232 call 
7777 1900 8000 100 fold 
4444 1536 8000 232 call 
6666 1168 8000 0 fold 
5555 1536 8000 232 call 
8888 936 8000 232 call 
total pot: 1260 
/inquire 
recv from player 8888: call 

send inquire msg to player 5555 
inquire/ 
8888 936 8000 232 check 
3333 4360 8000 0 fold 
1111 1768 8000 232 raise 
2222 1536 8000 232 call 
7777 1900 8000 100 fold 
4444 1536 8000 232 call 
6666 1168 8000 0 fold 
5555 1536 8000 232 call 
total pot: 1260 
/inquire 
recv from player 5555: call 

send inquire msg to player 6666 
inquire/ 
5555 1536 8000 232 check 
8888 936 8000 232 check 
3333 4360 8000 0 fold 
1111 1768 8000 232 raise 
2222 1536 8000 232 call 
7777 1900 8000 100 fold 
4444 1536 8000 232 call 
6666 1168 8000 0 fold 
total pot: 1260 
/inquire 
send inquire msg to player 4444 
inquire/ 
6666 1168 8000 0 fold 
5555 1536 8000 232 check 
8888 936 8000 232 check 
3333 4360 8000 0 fold 
1111 1768 8000 232 raise 
2222 1536 8000 232 call 
7777 1900 8000 100 fold 
4444 1536 8000 232 call 
total pot: 1260 
/inquire 
recv from player 4444: call 

send inquire msg to player 7777 
inquire/ 
4444 1536 8000 232 check 
6666 1168 8000 0 fold 
5555 1536 8000 232 check 
8888 936 8000 232 check 
3333 4360 8000 0 fold 
1111 1768 8000 232 raise 
2222 1536 8000 232 call 
7777 1900 8000 100 fold 
total pot: 1260 
/inquire 
send inquire msg to player 2222 
inquire/ 
7777 1900 8000 100 fold 
4444 1536 8000 232 check 
6666 1168 8000 0 fold 
5555 1536 8000 232 check 
8888 936 8000 232 check 
3333 4360 8000 0 fold 
1111 1768 8000 232 raise 
2222 1536 8000 232 call 
total pot: 1260 
/inquire 
recv from player 2222: call 

send inquire msg to player 1111 
inquire/ 
2222 1536 8000 232 check 
7777 1900 8000 100 fold 
4444 1536 8000 232 check 
6666 1168 8000 0 fold 
5555 1536 8000 232 check 
8888 936 8000 232 check 
3333 4360 8000 0 fold 
1111 1768 8000 232 raise 
total pot: 1260 
/inquire 
recv from player 1111: call 

turn/ 
SPADES K 
/turn 

---turn round bet---
valid player: 8, all in player: 0, fold player: 3
send inquire msg to player 8888 
inquire/ 
3333 4360 8000 0 fold 
1111 1768 8000 232 check 
2222 1536 8000 232 check 
7777 1900 8000 100 fold 
4444 1536 8000 232 check 
6666 1168 8000 0 fold 
5555 1536 8000 232 check 
8888 936 8000 232 check 
total pot: 1260 
/inquire 
recv from player 8888: call 

send inquire msg to player 5555 
inquire/ 
8888 936 8000 232 check 
3333 4360 8000 0 fold 
1111 1768 8000 232 check 
2222 1536 8000 232 check 
7777 1900 8000 100 fold 
4444 1536 8000 232 check 
6666 1168 8000 0 fold 
5555 1536 8000 232 check 
total pot: 1260 
/inquire 
recv from player 5555: call 

send inquire msg to player 6666 
inquire/ 
5555 1536 8000 232 check 
8888 936 8000 232 check 
3333 4360 8000 0 fold 
1111 1768 8000 232 check 
2222 1536 8000 232 check 
7777 1900 8000 100 fold 
4444 1536 8000 232 check 
6666 1168 8000 0 fold 
total pot: 1260 
/inquire 
send inquire msg to player 4444 
inquire/ 
6666 1168 8000 0 fold 
5555 1536 8000 232 check 
8888 936 8000 232 check 
3333 4360 8000 0 fold 
1111 1768 8000 232 check 
2222 1536 8000 232 check 
7777 1900 8000 100 fold 
4444 1536 8000 232 check 
total pot: 1260 
/inquire 
recv from player 4444: call 

send inquire msg to player 7777 
inquire/ 
4444 1536 8000 232 check 
6666 1168 8000 0 fold 
5555 1536 8000 232 check 
8888 936 8000 232 check 
3333 4360 8000 0 fold 
1111 1768 8000 232 check 
2222 1536 8000 232 check 
7777 1900 8000 100 fold 
total pot: 1260 
/inquire 
send inquire msg to player 2222 
inquire/ 
7777 1900 8000 100 fold 
4444 1536 8000 232 check 
6666 1168 8000 0 fold 
5555 1536 8000 232 check 
8888 936 8000 232 check 
3333 4360 8000 0 fold 
1111 1768 8000 232 check 
2222 1536 8000 232 check 
total pot: 1260 
/inquire 
recv from player 2222: call 

send inquire msg to player 1111 
inquire/ 
2222 1536 8000 232 check 
7777 1900 8000 100 fold 
4444 1536 8000 232 check 
6666 1168 8000 0 fold 
5555 1536 8000 232 check 
8888 936 8000 232 check 
3333 4360 8000 0 fold 
1111 1768 8000 232 check 
total pot: 1260 
/inquire 
recv from player 1111: call 

river/ 
CLUBS J 
/river 

---river round bet---
valid player: 8, all in player: 0, fold player: 3
send inquire msg to player 8888 
inquire/ 
3333 4360 8000 0 fold 
1111 1768 8000 232 check 
2222 1536 8000 232 check 
7777 1900 8000 100 fold 
4444 1536 8000 232 check 
6666 1168 8000 0 fold 
5555 1536 8000 232 check 
8888 936 8000 232 check 
total pot: 1260 
/inquire 
recv from player 8888: call 

send inquire msg to player 5555 
inquire/ 
8888 936 8000 232 check 
3333 4360 8000 0 fold 
1111 1768 8000 232 check 
2222 1536 8000 232 check 
7777 1900 8000 100 fold 
4444 1536 8000 232 check 
6666 1168 8000 0 fold 
5555 1536 8000 232 check 
total pot: 1260 
/inquire 
recv from player 5555: call 

send inquire msg to player 6666 
inquire/ 
5555 1536 8000 232 check 
8888 936 8000 232 check 
3333 4360 8000 0 fold 
1111 1768 8000 232 check 
2222 1536 8000 232 check 
7777 1900 8000 100 fold 
4444 1536 8000 232 check 
6666 1168 8000 0 fold 
total pot: 1260 
/inquire 
send inquire msg to player 4444 
inquire/ 
6666 1168 8000 0 fold 
5555 1536 8000 232 check 
8888 936 8000 232 check 
3333 4360 8000 0 fold 
1111 1768 8000 232 check 
2222 1536 8000 232 check 
7777 1900 8000 100 fold 
4444 1536 8000 232 check 
total pot: 1260 
/inquire 
recv from player 4444: raise 568 

send inquire msg to player 7777 
inquire/ 
4444 968 8000 800 raise 
6666 1168 8000 0 fold 
5555 1536 8000 232 check 
8888 936 8000 232 check 
3333 4360 8000 0 fold 
1111 1768 8000 232 check 
2222 1536 8000 232 check 
7777 1900 8000 100 fold 
total pot: 1828 
/inquire 
send inquire msg to player 2222 
inquire/ 
7777 1900 8000 100 fold 
4444 968 8000 800 raise 
6666 1168 8000 0 fold 
5555 1536 8000 232 check 
8888 936 8000 232 check 
3333 4360 8000 0 fold 
1111 1768 8000 232 check 
2222 1536 8000 232 check 
total pot: 1828 
/inquire 
recv from player 2222: fold 

send inquire msg to player 1111 
inquire/ 
2222 1536 8000 232 fold 
7777 1900 8000 100 fold 
4444 968 8000 800 raise 
6666 1168 8000 0 fold 
5555 1536 8000 232 check 
8888 936 8000 232 check 
3333 4360 8000 0 fold 
1111 1768 8000 232 check 
total pot: 1828 
/inquire 
recv from player 1111: fold 

send inquire msg to player 3333 
inquire/ 
1111 1768 8000 232 fold 
2222 1536 8000 232 fold 
7777 1900 8000 100 fold 
4444 968 8000 800 raise 
6666 1168 8000 0 fold 
5555 1536 8000 232 check 
8888 936 8000 232 check 
3333 4360 8000 0 fold 
total pot: 1828 
/inquire 
send inquire msg to player 8888 
inquire/ 
3333 4360 8000 0 fold 
1111 1768 8000 232 fold 
2222 1536 8000 232 fold 
7777 1900 8000 100 fold 
4444 968 8000 800 raise 
6666 1168 8000 0 fold 
5555 1536 8000 232 check 
8888 936 8000 232 check 
total pot: 1828 
/inquire 
recv from player 8888: fold 

send inquire msg to player 5555 
inquire/ 
8888 936 8000 232 fold 
3333 4360 8000 0 fold 
1111 1768 8000 232 fold 
2222 1536 8000 232 fold 
7777 1900 8000 100 fold 
4444 968 8000 800 raise 
6666 1168 8000 0 fold 
5555 1536 8000 232 check 
total pot: 1828 
/inquire 
recv from player 5555: call 


---show down---
showdown/ 
common/ 
SPADES A 
DIAMONDS J 
DIAMONDS 6 
SPADES K 
CLUBS J 
/common 
2: 5555 CLUBS K SPADES 7 TWO_PAIR 
1: 4444 CLUBS 8 SPADES J THREE_OF_A_KIND 
/showdown 

---Allocate pot---
pot-win/ 
4444: 2396 
/pot-win 
it is player 8888's turn to be button

-----3 Hand-----

----- clean player data in socket -----
seat/ 
button: 8888 936 8000 
small blind: 5555 968 8000 
big blind: 6666 1168 8000 
4444 3364 8000 
7777 1900 8000 
2222 1536 8000 
1111 1768 8000 
3333 4360 8000 
/seat 
blind/ 
5555: 50 
6666: 100 
/blind 
player 5555:hold/ 
SPADES 8 
HEARTS 10 
/hold 
player 6666:hold/ 
SPADES 3 
SPADES 7 
/hold 
player 4444:hold/ 
HEARTS 5 
CLUBS A 
/hold 
player 7777:hold/ 
DIAMONDS 3 
HEARTS A 
/hold 
player 2222:hold/ 
DIAMONDS 6 
DIAMONDS 4 
/hold 
player 1111:hold/ 
DIAMONDS A 
CLUBS 4 
/hold 
player 3333:hold/ 
CLUBS 2 
CLUBS 7 
/hold 
player 8888:hold/ 
DIAMONDS Q 
SPADES 2 
/hold 

---pre flop round bet---
valid player: 8, all in player: 0, fold player: 0
send inquire msg to player 4444 
inquire/ 
6666 1068 8000 100 blind 
5555 918 8000 50 blind 
total pot: 150 
/inquire 
recv from player 4444: raise 218 

send inquire msg to player 7777 
inquire/ 
4444 3046 8000 318 raise 
6666 1068 8000 100 blind 
5555 918 8000 50 blind 
total pot: 468 
/inquire 
recv from player 7777: fold 

send inquire msg to player 2222 
inquire/ 
7777 1900 8000 0 fold 
4444 3046 8000 318 raise 
6666 1068 8000 100 blind 
5555 918 8000 50 blind 
total pot: 468 
/inquire 
recv from player 2222: fold 

send inquire msg to player 1111 
inquire/ 
2222 1536 8000 0 fold 
7777 1900 8000 0 fold 
4444 3046 8000 318 raise 
6666 1068 8000 100 blind 
5555 918 8000 50 blind 
total pot: 468 
/inquire 
recv from player 1111: fold 

send inquire msg to player 3333 
inquire/ 
1111 1768 8000 0 fold 
2222 1536 8000 0 fold 
7777 1900 8000 0 fold 
4444 3046 8000 318 raise 
6666 1068 8000 100 blind 
5555 918 8000 50 blind 
total pot: 468 
/inquire 
recv from player 3333: fold 

send inquire msg to player 8888 
inquire/ 
3333 4360 8000 0 fold 
1111 1768 8000 0 fold 
2222 1536 8000 0 fold 
7777 1900 8000 0 fold 
4444 3046 8000 318 raise 
6666 1068 8000 100 blind 
5555 918 8000 50 blind 
total pot: 468 
/inquire 
recv from player 8888: fold 

send inquire msg to player 5555 
inquire/ 
8888 936 8000 0 fold 
3333 4360 8000 0 fold 
1111 1768 8000 0 fold 
2222 1536 8000 0 fold 
7777 1900 8000 0 fold 
4444 3046 8000 318 raise 
6666 1068 8000 100 blind 
5555 918 8000 50 blind 
total pot: 468 
/inquire 
recv from player 5555: fold 

send inquire msg to player 6666 
inquire/ 
5555 918 8000 50 fold 
8888 936 8000 0 fold 
3333 4360 8000 0 fold 
1111 1768 8000 0 fold 
2222 1536 8000 0 fold 
7777 1900 8000 0 fold 
4444 3046 8000 318 raise 
6666 1068 8000 100 blind 
total pot: 468 
/inquire 
recv from player 6666: fold 


---flop round bet---
valid player: 8, all in player: 0, fold player: 7

---turn round bet---
valid player: 8, all in player: 0, fold player: 7

---river round bet---
valid player: 8, all in player: 0, fold player: 7

--- 1 players not fold, don't need show down---

---Allocate pot---
Only player at seat 2 not fold, win all the pot 468
pot-win/ 
4444: 468 
/pot-win 
it is player 5555's turn to be button

-----4 Hand-----

----- clean player data in socket -----
seat/ 
button: 5555 918 8000 
small blind: 6666 1068 8000 
big blind: 4444 3514 8000 
7777 1900 8000 
2222 1536 8000 
1111 1768 8000 
3333 4360 8000 
8888 936 8000 
/seat 
blind/ 
6666: 50 
4444: 100 
/blind 
player 6666:hold/ 
CLUBS 7 
DIAMONDS 2 
/hold 
player 4444:hold/ 
SPADES Q 
SPADES K 
/hold 
player 7777:hold/ 
DIAMONDS 8 
HEARTS 8 
/hold 
player 2222:hold/ 
DIAMONDS 9 
CLUBS 8 
/hold 
player 1111:hold/ 
SPADES 4 
CLUBS 2 
/hold 
player 3333:hold/ 
CLUBS 10 
HEARTS 6 
/hold 
player 8888:hold/ 
DIAMONDS J 
CLUBS A 
/hold 
player 5555:hold/ 
HEARTS 3 
SPADES 2 
/hold 

---pre flop round bet---
valid player: 8, all in player: 0, fold player: 0
send inquire msg to player 7777 
inquire/ 
4444 3414 8000 100 blind 
6666 1018 8000 50 blind 
total pot: 150 
/inquire 
recv from player 7777: raise 200 

send inquire msg to player 2222 
inquire/ 
7777 1600 8000 300 raise 
4444 3414 8000 100 blind 
6666 1018 8000 50 blind 
total pot: 450 
/inquire 
recv from player 2222: fold 

send inquire msg to player 1111 
inquire/ 
2222 1536 8000 0 fold 
7777 1600 8000 300 raise 
4444 3414 8000 100 blind 
6666 1018 8000 50 blind 
total pot: 450 
/inquire 
recv from player 1111: fold 

send inquire msg to player 3333 
inquire/ 
1111 1768 8000 0 fold 
2222 1536 8000 0 fold 
7777 1600 8000 300 raise 
4444 3414 8000 100 blind 
6666 1018 8000 50 blind 
total pot: 450 
/inquire 
recv from player 3333: fold 

send inquire msg to player 8888 
inquire/ 
3333 4360 8000 0 fold 
1111 1768 8000 0 fold 
2222 1536 8000 0 fold 
7777 1600 8000 300 raise 
4444 3414 8000 100 blind 
6666 1018 8000 50 blind 
total pot: 450 
/inquire 
recv from player 8888: fold 

send inquire msg to player 5555 
inquire/ 
8888 936 8000 0 fold 
3333 4360 8000 0 fold 
1111 1768 8000 0 fold 
2222 1536 8000 0 fold 
7777 1600 8000 300 raise 
4444 3414 8000 100 blind 
6666 1018 8000 50 blind 
total pot: 450 
/inquire 
recv from player 5555: fold 

send inquire msg to player 6666 
inquire/ 
5555 918 8000 0 fold 
8888 936 8000 0 fold 
3333 4360 8000 0 fold 
1111 1768 8000 0 fold 
2222 1536 8000 0 fold 
7777 1600 8000 300 raise 
4444 3414 8000 100 blind 
6666 1018 8000 50 blind 
total pot: 450 
/inquire 
recv from player 6666: fold 

send inquire msg to player 4444 
inquire/ 
6666 1018 8000 50 fold 
5555 918 8000 0 fold 
8888 936 8000 0 fold 
3333 4360 8000 0 fold 
1111 1768 8000 0 fold 
2222 1536 8000 0 fold 
7777 1600 8000 300 raise 
4444 3414 8000 100 blind 
total pot: 450 
/inquire 
recv from player 4444: call 

flop/ 
SPADES 9 
HEARTS K 
SPADES A 
/flop 

---flop round bet---
valid player: 8, all in player: 0, fold player: 6
send inquire msg to player 6666 
inquire/ 
5555 918 8000 0 fold 
8888 936 8000 0 fold 
3333 4360 8000 0 fold 
1111 1768 8000 0 fold 
2222 1536 8000 0 fold 
7777 1600 8000 300 raise 
4444 3214 8000 300 call 
6666 1018 8000 50 fold 
total pot: 650 
/inquire 
send inquire msg to player 4444 
inquire/ 
6666 1018 8000 50 fold 
5555 918 8000 0 fold 
8888 936 8000 0 fold 
3333 4360 8000 0 fold 
1111 1768 8000 0 fold 
2222 1536 8000 0 fold 
7777 1600 8000 300 raise 
4444 3214 8000 300 call 
total pot: 650 
/inquire 
recv from player 4444: call 

send inquire msg to player 7777 
inquire/ 
4444 3214 8000 300 check 
6666 1018 8000 50 fold 
5555 918 8000 0 fold 
8888 936 8000 0 fold 
3333 4360 8000 0 fold 
1111 1768 8000 0 fold 
2222 1536 8000 0 fold 
7777 1600 8000 300 raise 
total pot: 650 
/inquire 
recv from player 7777: call 

turn/ 
HEARTS 9 
/turn 

---turn round bet---
valid player: 8, all in player: 0, fold player: 6
send inquire msg to player 6666 
inquire/ 
5555 918 8000 0 fold 
8888 936 8000 0 fold 
3333 4360 8000 0 fold 
1111 1768 8000 0 fold 
2222 1536 8000 0 fold 
7777 1600 8000 300 check 
4444 3214 8000 300 check 
6666 1018 8000 50 fold 
total pot: 650 
/inquire 
send inquire msg to player 4444 
inquire/ 
6666 1018 8000 50 fold 
5555 918 8000 0 fold 
8888 936 8000 0 fold 
3333 4360 8000 0 fold 
1111 1768 8000 0 fold 
2222 1536 8000 0 fold 
7777 1600 8000 300 check 
4444 3214 8000 300 check 
total pot: 650 
/inquire 
recv from player 4444: call 

send inquire msg to player 7777 
inquire/ 
4444 3214 8000 300 check 
6666 1018 8000 50 fold 
5555 918 8000 0 fold 
8888 936 8000 0 fold 
3333 4360 8000 0 fold 
1111 1768 8000 0 fold 
2222 1536 8000 0 fold 
7777 1600 8000 300 check 
total pot: 650 
/inquire 
recv from player 7777: call 

river/ 
DIAMONDS 5 
/river 

---river round bet---
valid player: 8, all in player: 0, fold player: 6
send inquire msg to player 6666 
inquire/ 
5555 918 8000 0 fold 
8888 936 8000 0 fold 
3333 4360 8000 0 fold 
1111 1768 8000 0 fold 
2222 1536 8000 0 fold 
7777 1600 8000 300 check 
4444 3214 8000 300 check 
6666 1018 8000 50 fold 
total pot: 650 
/inquire 
send inquire msg to player 4444 
inquire/ 
6666 1018 8000 50 fold 
5555 918 8000 0 fold 
8888 936 8000 0 fold 
3333 4360 8000 0 fold 
1111 1768 8000 0 fold 
2222 1536 8000 0 fold 
7777 1600 8000 300 check 
4444 3214 8000 300 check 
total pot: 650 
/inquire 
recv from player 4444: call 

send inquire msg to player 7777 
inquire/ 
4444 3214 8000 300 check 
6666 1018 8000 50 fold 
5555 918 8000 0 fold 
8888 936 8000 0 fold 
3333 4360 8000 0 fold 
1111 1768 8000 0 fold 
2222 1536 8000 0 fold 
7777 1600 8000 300 check 
total pot: 650 
/inquire 
recv from player 7777: call 


---show down---
showdown/ 
common/ 
SPADES 9 
HEARTS K 
SPADES A 
HEARTS 9 
DIAMONDS 5 
/common 
1: 4444 SPADES Q SPADES K TWO_PAIR 
2: 7777 DIAMONDS 8 HEARTS 8 TWO_PAIR 
/showdown 

---Allocate pot---
pot-win/ 
4444: 650 
/pot-win 
it is player 6666's turn to be button

-----5 Hand-----

----- clean player data in socket -----
seat/ 
button: 6666 1018 8000 
small blind: 4444 3864 8000 
big blind: 7777 1600 8000 
2222 1536 8000 
1111 1768 8000 
3333 4360 8000 
8888 936 8000 
5555 918 8000 
/seat 
blind/ 
4444: 50 
7777: 100 
/blind 
player 4444:hold/ 
DIAMONDS 10 
DIAMONDS 3 
/hold 
player 7777:hold/ 
CLUBS A 
HEARTS 6 
/hold 
player 2222:hold/ 
SPADES 9 
HEARTS 7 
/hold 
player 1111:hold/ 
HEARTS K 
DIAMONDS Q 
/hold 
player 3333:hold/ 
HEARTS 4 
DIAMONDS 9 
/hold 
player 8888:hold/ 
CLUBS 7 
HEARTS J 
/hold 
player 5555:hold/ 
DIAMONDS 2 
DIAMONDS A 
/hold 
player 6666:hold/ 
DIAMONDS 4 
CLUBS 5 
/hold 

---pre flop round bet---
valid player: 8, all in player: 0, fold player: 0
send inquire msg to player 2222 
inquire/ 
7777 1500 8000 100 blind 
4444 3814 8000 50 blind 
total pot: 150 
/inquire 
recv from player 2222: call 

send inquire msg to player 1111 
inquire/ 
2222 1436 8000 100 call 
7777 1500 8000 100 blind 
4444 3814 8000 50 blind 
total pot: 250 
/inquire 
recv from player 1111: call 

send inquire msg to player 3333 
inquire/ 
1111 1668 8000 100 call 
2222 1436 8000 100 call 
7777 1500 8000 100 blind 
4444 3814 8000 50 blind 
total pot: 350 
/inquire 
recv from player 3333: fold 

send inquire msg to player 8888 
inquire/ 
3333 4360 8000 0 fold 
1111 1668 8000 100 call 
2222 1436 8000 100 call 
7777 1500 8000 100 blind 
4444 3814 8000 50 blind 
total pot: 350 
/inquire 
recv from player 8888: call 

send inquire msg to player 5555 
inquire/ 
8888 836 8000 100 call 
3333 4360 8000 0 fold 
1111 1668 8000 100 call 
2222 1436 8000 100 call 
7777 1500 8000 100 blind 
4444 3814 8000 50 blind 
total pot: 450 
/inquire 
recv from player 5555: call 

send inquire msg to player 6666 
inquire/ 
5555 818 8000 100 call 
8888 836 8000 100 call 
3333 4360 8000 0 fold 
1111 1668 8000 100 call 
2222 1436 8000 100 call 
7777 1500 8000 100 blind 
4444 3814 8000 50 blind 
total pot: 550 
/inquire 
recv from player 6666: call 

send inquire msg to player 4444 
inquire/ 
6666 918 8000 100 call 
5555 818 8000 100 call 
8888 836 8000 100 call 
3333 4360 8000 0 fold 
1111 1668 8000 100 call 
2222 1436 8000 100 call 
7777 1500 8000 100 blind 
4444 3814 8000 50 blind 
total pot: 650 
/inquire 
recv from player 4444: raise 159 

send inquire msg to player 7777 
inquire/ 
4444 3605 8000 259 raise 
6666 918 8000 100 call 
5555 818 8000 100 call 
8888 836 8000 100 call 
3333 4360 8000 0 fold 
1111 1668 8000 100 call 
2222 1436 8000 100 call 
7777 1500 8000 100 blind 
total pot: 859 
/inquire 
recv from player 7777: fold 

send inquire msg to player 2222 
inquire/ 
7777 1500 8000 100 fold 
4444 3605 8000 259 raise 
6666 918 8000 100 call 
5555 818 8000 100 call 
8888 836 8000 100 call 
3333 4360 8000 0 fold 
1111 1668 8000 100 call 
2222 1436 8000 100 call 
total pot: 859 
/inquire 
recv from player 2222: call 

send inquire msg to player 1111 
inquire/ 
2222 1277 8000 259 call 
7777 1500 8000 100 fold 
4444 3605 8000 259 raise 
6666 918 8000 100 call 
5555 818 8000 100 call 
8888 836 8000 100 call 
3333 4360 8000 0 fold 
1111 1668 8000 100 call 
total pot: 1018 
/inquire 
recv from player 1111: call 

send inquire msg to player 3333 
inquire/ 
1111 1509 8000 259 call 
2222 1277 8000 259 call 
7777 1500 8000 100 fold 
4444 3605 8000 259 raise 
6666 918 8000 100 call 
5555 818 8000 100 call 
8888 836 8000 100 call 
3333 4360 8000 0 fold 
total pot: 1177 
/inquire 
send inquire msg to player 8888 
inquire/ 
3333 4360 8000 0 fold 
1111 1509 8000 259 call 
2222 1277 8000 259 call 
7777 1500 8000 100 fold 
4444 3605 8000 259 raise 
6666 918 8000 100 call 
5555 818 8000 100 call 
8888 836 8000 100 call 
total pot: 1177 
/inquire 
recv from player 8888: call 

send inquire msg to player 5555 
inquire/ 
8888 677 8000 259 call 
3333 4360 8000 0 fold 
1111 1509 8000 259 call 
2222 1277 8000 259 call 
7777 1500 8000 100 fold 
4444 3605 8000 259 raise 
6666 918 8000 100 call 
5555 818 8000 100 call 
total pot: 1336 
/inquire 
recv from player 5555: call 

send inquire msg to player 6666 
inquire/ 
5555 659 8000 259 call 
8888 677 8000 259 call 
3333 4360 8000 0 fold 
1111 1509 8000 259 call 
2222 1277 8000 259 call 
7777 1500 8000 100 fold 
4444 3605 8000 259 raise 
6666 918 8000 100 call 
total pot: 1495 
/inquire 
recv from player 6666: call 

flop/ 
SPADES J 
HEARTS 10 
HEARTS 3 
/flop 

---flop round bet---
valid player: 8, all in player: 0, fold player: 2
send inquire msg to player 4444 
inquire/ 
6666 759 8000 259 call 
5555 659 8000 259 call 
8888 677 8000 259 call 
3333 4360 8000 0 fold 
1111 1509 8000 259 call 
2222 1277 8000 259 call 
7777 1500 8000 100 fold 
4444 3605 8000 259 raise 
total pot: 1654 
/inquire 
recv from player 4444: raise 712 

send inquire msg to player 7777 
inquire/ 
4444 2893 8000 971 raise 
6666 759 8000 259 call 
5555 659 8000 259 call 
8888 677 8000 259 call 
3333 4360 8000 0 fold 
1111 1509 8000 259 call 
2222 1277 8000 259 call 
7777 1500 8000 100 fold 
total pot: 2366 
/inquire 
send inquire msg to player 2222 
inquire/ 
7777 1500 8000 100 fold 
4444 2893 8000 971 raise 
6666 759 8000 259 call 
5555 659 8000 259 call 
8888 677 8000 259 call 
3333 4360 8000 0 fold 
1111 1509 8000 259 call 
2222 1277 8000 259 call 
total pot: 2366 
/inquire 
recv from player 2222: fold 

send inquire msg to player 1111 
inquire/ 
2222 1277 8000 259 fold 
7777 1500 8000 100 fold 
4444 2893 8000 971 raise 
6666 759 8000 259 call 
5555 659 8000 259 call 
8888 677 8000 259 call 
3333 4360 8000 0 fold 
1111 1509 8000 259 call 
total pot: 2366 
/inquire 
recv from player 1111: call 

send inquire msg to player 3333 
inquire/ 
1111 797 8000 971 call 
2222 1277 8000 259 fold 
7777 1500 8000 100 fold 
4444 2893 8000 971 raise 
6666 759 8000 259 call 
5555 659 8000 259 call 
8888 677 8000 259 call 
3333 4360 8000 0 fold 
total pot: 3078 
/inquire 
send inquire msg to player 8888 
inquire/ 
3333 4360 8000 0 fold 
1111 797 8000 971 call 
2222 1277 8000 259 fold 
7777 1500 8000 100 fold 
4444 2893 8000 971 raise 
6666 759 8000 259 call 
5555 659 8000 259 call 
8888 677 8000 259 call 
total pot: 3078 
/inquire 
recv from player 8888: fold 

send inquire msg to player 5555 
inquire/ 
8888 677 8000 259 fold 
3333 4360 8000 0 fold 
1111 797 8000 971 call 
2222 1277 8000 259 fold 
7777 1500 8000 100 fold 
4444 2893 8000 971 raise 
6666 759 8000 259 call 
5555 659 8000 259 call 
total pot: 3078 
/inquire 
recv from player 5555: fold 

send inquire msg to player 6666 
inquire/ 
5555 659 8000 259 fold 
8888 677 8000 259 fold 
3333 4360 8000 0 fold 
1111 797 8000 971 call 
2222 1277 8000 259 fold 
7777 1500 8000 100 fold 
4444 2893 8000 971 raise 
6666 759 8000 259 call 
total pot: 3078 
/inquire 
recv from player 6666: fold 

turn/ 
CLUBS 2 
/turn 

---turn round bet---
valid player: 8, all in player: 0, fold player: 6
send inquire msg to player 4444 
inquire/ 
6666 759 8000 259 fold 
5555 659 8000 259 fold 
8888 677 8000 259 fold 
3333 4360 8000 0 fold 
1111 797 8000 971 call 
2222 1277 8000 259 fold 
7777 1500 8000 100 fold 
4444 2893 8000 971 raise 
total pot: 3078 
/inquire 
recv from player 4444: call 

send inquire msg to player 7777 
inquire/ 
4444 2893 8000 971 check 
6666 759 8000 259 fold 
5555 659 8000 259 fold 
8888 677 8000 259 fold 
3333 4360 8000 0 fold 
1111 797 8000 971 call 
2222 1277 8000 259 fold 
7777 1500 8000 100 fold 
total pot: 3078 
/inquire 
send inquire msg to player 2222 
inquire/ 
7777 1500 8000 100 fold 
4444 2893 8000 971 check 
6666 759 8000 259 fold 
5555 659 8000 259 fold 
8888 677 8000 259 fold 
3333 4360 8000 0 fold 
1111 797 8000 971 call 
2222 1277 8000 259 fold 
total pot: 3078 
/inquire 
send inquire msg to player 1111 
inquire/ 
2222 1277 8000 259 fold 
7777 1500 8000 100 fold 
4444 2893 8000 971 check 
6666 759 8000 259 fold 
5555 659 8000 259 fold 
8888 677 8000 259 fold 
3333 4360 8000 0 fold 
1111 797 8000 971 call 
total pot: 3078 
/inquire 
recv from player 1111: fold 


---river round bet---
valid player: 8, all in player: 0, fold player: 7

--- 1 players not fold, don't need show down---

---Allocate pot---
Only player at seat 0 not fold, win all the pot 3078
pot-win/ 
4444: 3078 
/pot-win 
it is player 4444's turn to be button

-----6 Hand-----

----- clean player data in socket -----
seat/ 
button: 4444 5971 8000 
small blind: 7777 1500 8000 
big blind: 2222 1277 8000 
1111 797 8000 
3333 4360 8000 
8888 677 8000 
5555 659 8000 
6666 759 8000 
/seat 
blind/ 
7777: 50 
2222: 100 
/blind 
player 7777:hold/ 
HEARTS 4 
CLUBS 3 
/hold 
player 2222:hold/ 
SPADES K 
CLUBS J 
/hold 
player 1111:hold/ 
CLUBS K 
SPADES 4 
/hold 
player 3333:hold/ 
HEARTS Q 
DIAMONDS J 
/hold 
player 8888:hold/ 
HEARTS 5 
HEARTS 3 
/hold 
player 5555:hold/ 
SPADES 3 
CLUBS 10 
/hold 
player 6666:hold/ 
SPADES A 
SPADES 9 
/hold 
player 4444:hold/ 
SPADES 5 
SPADES 10 
/hold 

---pre flop round bet---
valid player: 8, all in player: 0, fold player: 0
send inquire msg to player 1111 
inquire/ 
2222 1177 8000 100 blind 
7777 1450 8000 50 blind 
total pot: 150 
/inquire 
recv from player 1111: fold 

send inquire msg to player 3333 
inquire/ 
1111 797 8000 0 fold 
2222 1177 8000 100 blind 
7777 1450 8000 50 blind 
total pot: 150 
/inquire 
recv from player 3333: fold 

send inquire msg to player 8888 
inquire/ 
3333 4360 8000 0 fold 
1111 797 8000 0 fold 
2222 1177 8000 100 blind 
7777 1450 8000 50 blind 
total pot: 150 
/inquire 
recv from player 8888: fold 

send inquire msg to player 5555 
inquire/ 
8888 677 8000 0 fold 
3333 4360 8000 0 fold 
1111 797 8000 0 fold 
2222 1177 8000 100 blind 
7777 1450 8000 50 blind 
total pot: 150 
/inquire 
recv from player 5555: fold 

send inquire msg to player 6666 
inquire/ 
5555 659 8000 0 fold 
8888 677 8000 0 fold 
3333 4360 8000 0 fold 
1111 797 8000 0 fold 
2222 1177 8000 100 blind 
7777 1450 8000 50 blind 
total pot: 150 
/inquire 
recv from player 6666: call 

send inquire msg to player 4444 
inquire/ 
6666 659 8000 100 call 
5555 659 8000 0 fold 
8888 677 8000 0 fold 
3333 4360 8000 0 fold 
1111 797 8000 0 fold 
2222 1177 8000 100 blind 
7777 1450 8000 50 blind 
total pot: 250 
/inquire 
recv from player 4444: raise 118 

send inquire msg to player 7777 
inquire/ 
4444 5753 8000 218 raise 
6666 659 8000 100 call 
5555 659 8000 0 fold 
8888 677 8000 0 fold 
3333 4360 8000 0 fold 
1111 797 8000 0 fold 
2222 1177 8000 100 blind 
7777 1450 8000 50 blind 
total pot: 468 
/inquire 
recv from player 7777: fold 

send inquire msg to player 2222 
inquire/ 
7777 1450 8000 50 fold 
4444 5753 8000 218 raise 
6666 659 8000 100 call 
5555 659 8000 0 fold 
8888 677 8000 0 fold 
3333 4360 8000 0 fold 
1111 797 8000 0 fold 
2222 1177 8000 100 blind 
total pot: 468 
/inquire 
recv from player 2222: call 

send inquire msg to player 1111 
inquire/ 
2222 1059 8000 218 call 
7777 1450 8000 50 fold 
4444 5753 8000 218 raise 
6666 659 8000 100 call 
5555 659 8000 0 fold 
8888 677 8000 0 fold 
3333 4360 8000 0 fold 
1111 797 8000 0 fold 
total pot: 586 
/inquire 
send inquire msg to player 3333 
inquire/ 
1111 797 8000 0 fold 
2222 1059 8000 218 call 
7777 1450 8000 50 fold 
4444 5753 8000 218 raise 
6666 659 8000 100 call 
5555 659 8000 0 fold 
8888 677 8000 0 fold 
3333 4360 8000 0 fold 
total pot: 586 
/inquire 
send inquire msg to player 8888 
inquire/ 
3333 4360 8000 0 fold 
1111 797 8000 0 fold 
2222 1059 8000 218 call 
7777 1450 8000 50 fold 
4444 5753 8000 218 raise 
6666 659 8000 100 call 
5555 659 8000 0 fold 
8888 677 8000 0 fold 
total pot: 586 
/inquire 
send inquire msg to player 5555 
inquire/ 
8888 677 8000 0 fold 
3333 4360 8000 0 fold 
1111 797 8000 0 fold 
2222 1059 8000 218 call 
7777 1450 8000 50 fold 
4444 5753 8000 218 raise 
6666 659 8000 100 call 
5555 659 8000 0 fold 
total pot: 586 
/inquire 
send inquire msg to player 6666 
inquire/ 
5555 659 8000 0 fold 
8888 677 8000 0 fold 
3333 4360 8000 0 fold 
1111 797 8000 0 fold 
2222 1059 8000 218 call 
7777 1450 8000 50 fold 
4444 5753 8000 218 raise 
6666 659 8000 100 call 
total pot: 586 
/inquire 
recv from player 6666: call 

flop/ 
DIAMONDS 10 
DIAMONDS 7 
DIAMONDS 6 
/flop 

---flop round bet---
valid player: 8, all in player: 0, fold player: 5
send inquire msg to player 7777 
inquire/ 
4444 5753 8000 218 raise 
6666 541 8000 218 call 
5555 659 8000 0 fold 
8888 677 8000 0 fold 
3333 4360 8000 0 fold 
1111 797 8000 0 fold 
2222 1059 8000 218 call 
7777 1450 8000 50 fold 
total pot: 704 
/inquire 
send inquire msg to player 2222 
inquire/ 
7777 1450 8000 50 fold 
4444 5753 8000 218 raise 
6666 541 8000 218 call 
5555 659 8000 0 fold 
8888 677 8000 0 fold 
3333 4360 8000 0 fold 
1111 797 8000 0 fold 
2222 1059 8000 218 call 
total pot: 704 
/inquire 
recv from player 2222: call 

send inquire msg to player 1111 
inquire/ 
2222 1059 8000 218 check 
7777 1450 8000 50 fold 
4444 5753 8000 218 raise 
6666 541 8000 218 call 
5555 659 8000 0 fold 
8888 677 8000 0 fold 
3333 4360 8000 0 fold 
1111 797 8000 0 fold 
total pot: 704 
/inquire 
send inquire msg to player 3333 
inquire/ 
1111 797 8000 0 fold 
2222 1059 8000 218 check 
7777 1450 8000 50 fold 
4444 5753 8000 218 raise 
6666 541 8000 218 call 
5555 659 8000 0 fold 
8888 677 8000 0 fold 
3333 4360 8000 0 fold 
total pot: 704 
/inquire 
send inquire msg to player 8888 
inquire/ 
3333 4360 8000 0 fold 
1111 797 8000 0 fold 
2222 1059 8000 218 check 
7777 1450 8000 50 fold 
4444 5753 8000 218 raise 
6666 541 8000 218 call 
5555 659 8000 0 fold 
8888 677 8000 0 fold 
total pot: 704 
/inquire 
send inquire msg to player 5555 
inquire/ 
8888 677 8000 0 fold 
