

---GAME START @ 2015-5-13-10-47-15---
reg: 4444 simplebot 
reg: 6666 simplebot 
reg: 2222 randombot 
reg: 3333 callbot 
reg: 1111 randombot 
reg: 5555 raisecallbot 
reg: 7777 cleverbot 
reg: 8888 callbot 

-----1 Hand-----

----- clean player data in socket -----
seat/ 
button: 4444 2000 8000 
small blind: 7777 2000 8000 
big blind: 6666 2000 8000 
3333 2000 8000 
8888 2000 8000 
2222 2000 8000 
1111 2000 8000 
5555 2000 8000 
/seat 
blind/ 
7777: 50 
6666: 100 
/blind 
player 7777:hold/ 
SPADES 7 
CLUBS 10 
/hold 
player 6666:hold/ 
DIAMONDS J 
SPADES J 
/hold 
player 3333:hold/ 
HEARTS A 
HEARTS 9 
/hold 
player 8888:hold/ 
CLUBS A 
HEARTS 8 
/hold 
player 2222:hold/ 
SPADES 5 
DIAMONDS 6 
/hold 
player 1111:hold/ 
CLUBS 6 
SPADES 10 
/hold 
player 5555:hold/ 
DIAMONDS Q 
CLUBS 8 
/hold 
player 4444:hold/ 
SPADES 6 
CLUBS 5 
/hold 

---pre flop round bet---
valid player: 8, all in player: 0, fold player: 0
send inquire msg to player 3333 
inquire/ 
6666 1900 8000 100 blind 
7777 1950 8000 50 blind 
total pot: 150 
/inquire 
recv from player 3333: check
send inquire msg to player 8888 
inquire/ 
3333 1900 8000 100 call 
6666 1900 8000 100 blind 
7777 1950 8000 50 blind 
total pot: 250 
/inquire 
recv from player 8888: check
send inquire msg to player 2222 
inquire/ 
8888 1900 8000 100 call 
3333 1900 8000 100 call 
6666 1900 8000 100 blind 
7777 1950 8000 50 blind 
total pot: 350 
/inquire 
recv from player 2222: fold
send inquire msg to player 1111 
inquire/ 
2222 2000 8000 0 fold 
8888 1900 8000 100 call 
3333 1900 8000 100 call 
6666 1900 8000 100 blind 
7777 1950 8000 50 blind 
total pot: 350 
/inquire 
recv from player 1111: fold
send inquire msg to player 5555 
inquire/ 
1111 2000 8000 0 fold 
2222 2000 8000 0 fold 
8888 1900 8000 100 call 
3333 1900 8000 100 call 
6666 1900 8000 100 blind 
7777 1950 8000 50 blind 
total pot: 350 
/inquire 
recv from player 5555: raise 0
send inquire msg to player 4444 
inquire/ 
5555 1800 8000 200 raise 
1111 2000 8000 0 fold 
2222 2000 8000 0 fold 
8888 1900 8000 100 call 
3333 1900 8000 100 call 
6666 1900 8000 100 blind 
7777 1950 8000 50 blind 
total pot: 550 
/inquire 
recv from player 4444: fold
send inquire msg to player 7777 
inquire/ 
4444 2000 8000 0 fold 
5555 1800 8000 200 raise 
1111 2000 8000 0 fold 
2222 2000 8000 0 fold 
8888 1900 8000 100 call 
3333 1900 8000 100 call 
6666 1900 8000 100 blind 
7777 1950 8000 50 blind 
total pot: 550 
/inquire 
recv from player 7777: check
send inquire msg to player 6666 
inquire/ 
7777 1800 8000 200 call 
4444 2000 8000 0 fold 
5555 1800 8000 200 raise 
1111 2000 8000 0 fold 
2222 2000 8000 0 fold 
8888 1900 8000 100 call 
3333 1900 8000 100 call 
6666 1900 8000 100 blind 
total pot: 700 
/inquire 
recv from player 6666: raise 283
send inquire msg to player 3333 
inquire/ 
6666 1517 8000 483 raise 
7777 1800 8000 200 call 
4444 2000 8000 0 fold 
5555 1800 8000 200 raise 
1111 2000 8000 0 fold 
2222 2000 8000 0 fold 
8888 1900 8000 100 call 
3333 1900 8000 100 call 
total pot: 1083 
/inquire 
recv from player 3333: check
send inquire msg to player 8888 
inquire/ 
3333 1517 8000 483 call 
6666 1517 8000 483 raise 
7777 1800 8000 200 call 
4444 2000 8000 0 fold 
5555 1800 8000 200 raise 
1111 2000 8000 0 fold 
2222 2000 8000 0 fold 
8888 1900 8000 100 call 
total pot: 1466 
/inquire 
recv from player 8888: check
send inquire msg to player 2222 
inquire/ 
8888 1517 8000 483 call 
3333 1517 8000 483 call 
6666 1517 8000 483 raise 
7777 1800 8000 200 call 
4444 2000 8000 0 fold 
5555 1800 8000 200 raise 
1111 2000 8000 0 fold 
2222 2000 8000 0 fold 
total pot: 1849 
/inquire 
send inquire msg to player 1111 
inquire/ 
2222 2000 8000 0 fold 
8888 1517 8000 483 call 
3333 1517 8000 483 call 
6666 1517 8000 483 raise 
7777 1800 8000 200 call 
4444 2000 8000 0 fold 
5555 1800 8000 200 raise 
1111 2000 8000 0 fold 
total pot: 1849 
/inquire 
send inquire msg to player 5555 
inquire/ 
1111 2000 8000 0 fold 
2222 2000 8000 0 fold 
8888 1517 8000 483 call 
3333 1517 8000 483 call 
6666 1517 8000 483 raise 
7777 1800 8000 200 call 
4444 2000 8000 0 fold 
5555 1800 8000 200 raise 
total pot: 1849 
/inquire 
recv from player 5555: raise 0
send inquire msg to player 4444 
inquire/ 
5555 1234 8000 766 raise 
1111 2000 8000 0 fold 
2222 2000 8000 0 fold 
8888 1517 8000 483 call 
3333 1517 8000 483 call 
6666 1517 8000 483 raise 
7777 1800 8000 200 call 
4444 2000 8000 0 fold 
total pot: 2415 
/inquire 
send inquire msg to player 7777 
inquire/ 
4444 2000 8000 0 fold 
5555 1234 8000 766 raise 
1111 2000 8000 0 fold 
2222 2000 8000 0 fold 
8888 1517 8000 483 call 
3333 1517 8000 483 call 
6666 1517 8000 483 raise 
7777 1800 8000 200 call 
total pot: 2415 
/inquire 
recv from player 7777: fold
send inquire msg to player 6666 
inquire/ 
7777 1800 8000 200 fold 
4444 2000 8000 0 fold 
5555 1234 8000 766 raise 
1111 2000 8000 0 fold 
2222 2000 8000 0 fold 
8888 1517 8000 483 call 
3333 1517 8000 483 call 
6666 1517 8000 483 raise 
total pot: 2415 
/inquire 
recv from player 6666: check
send inquire msg to player 3333 
inquire/ 
6666 1234 8000 766 call 
7777 1800 8000 200 fold 
4444 2000 8000 0 fold 
5555 1234 8000 766 raise 
1111 2000 8000 0 fold 
2222 2000 8000 0 fold 
8888 1517 8000 483 call 
3333 1517 8000 483 call 
total pot: 2698 
/inquire 
recv from player 3333: check
send inquire msg to player 8888 
inquire/ 
3333 1234 8000 766 call 
6666 1234 8000 766 call 
7777 1800 8000 200 fold 
4444 2000 8000 0 fold 
5555 1234 8000 766 raise 
1111 2000 8000 0 fold 
2222 2000 8000 0 fold 
8888 1517 8000 483 call 
total pot: 2981 
/inquire 
recv from player 8888: check
flop/ 
HEARTS Q 
SPADES 2 
DIAMONDS 3 
/flop 

---flop round bet---
valid player: 8, all in player: 0, fold player: 4
send inquire msg to player 7777 
inquire/ 
4444 2000 8000 0 fold 
5555 1234 8000 766 raise 
1111 2000 8000 0 fold 
2222 2000 8000 0 fold 
8888 1234 8000 766 call 
3333 1234 8000 766 call 
6666 1234 8000 766 call 
7777 1800 8000 200 fold 
total pot: 3264 
/inquire 
send inquire msg to player 6666 
inquire/ 
7777 1800 8000 200 fold 
4444 2000 8000 0 fold 
5555 1234 8000 766 raise 
1111 2000 8000 0 fold 
2222 2000 8000 0 fold 
8888 1234 8000 766 call 
3333 1234 8000 766 call 
6666 1234 8000 766 call 
total pot: 3264 
/inquire 
recv from player 6666: check
send inquire msg to player 3333 
inquire/ 
6666 1234 8000 766 check 
7777 1800 8000 200 fold 
4444 2000 8000 0 fold 
5555 1234 8000 766 raise 
1111 2000 8000 0 fold 
2222 2000 8000 0 fold 
8888 1234 8000 766 call 
3333 1234 8000 766 call 
total pot: 3264 
/inquire 
recv from player 3333: check
send inquire msg to player 8888 
inquire/ 
3333 1234 8000 766 check 
6666 1234 8000 766 check 
7777 1800 8000 200 fold 
4444 2000 8000 0 fold 
5555 1234 8000 766 raise 
1111 2000 8000 0 fold 
2222 2000 8000 0 fold 
8888 1234 8000 766 call 
total pot: 3264 
/inquire 
recv from player 8888: check
send inquire msg to player 2222 
inquire/ 
8888 1234 8000 766 check 
3333 1234 8000 766 check 
6666 1234 8000 766 check 
7777 1800 8000 200 fold 
4444 2000 8000 0 fold 
5555 1234 8000 766 raise 
1111 2000 8000 0 fold 
2222 2000 8000 0 fold 
total pot: 3264 
/inquire 
send inquire msg to player 1111 
inquire/ 
2222 2000 8000 0 fold 
8888 1234 8000 766 check 
3333 1234 8000 766 check 
6666 1234 8000 766 check 
7777 1800 8000 200 fold 
4444 2000 8000 0 fold 
5555 1234 8000 766 raise 
1111 2000 8000 0 fold 
total pot: 3264 
/inquire 
send inquire msg to player 5555 
inquire/ 
1111 2000 8000 0 fold 
2222 2000 8000 0 fold 
8888 1234 8000 766 check 
3333 1234 8000 766 check 
6666 1234 8000 766 check 
7777 1800 8000 200 fold 
4444 2000 8000 0 fold 
5555 1234 8000 766 raise 
total pot: 3264 
/inquire 
recv from player 5555: check
turn/ 
DIAMONDS 8 
/turn 

---turn round bet---
valid player: 8, all in player: 0, fold player: 4
send inquire msg to player 7777 
inquire/ 
4444 2000 8000 0 fold 
5555 1234 8000 766 check 
1111 2000 8000 0 fold 
2222 2000 8000 0 fold 
8888 1234 8000 766 check 
3333 1234 8000 766 check 
6666 1234 8000 766 check 
7777 1800 8000 200 fold 
total pot: 3264 
/inquire 
send inquire msg to player 6666 
inquire/ 
7777 1800 8000 200 fold 
4444 2000 8000 0 fold 
5555 1234 8000 766 check 
1111 2000 8000 0 fold 
2222 2000 8000 0 fold 
8888 1234 8000 766 check 
3333 1234 8000 766 check 
6666 1234 8000 766 check 
total pot: 3264 
/inquire 
recv from player 6666: check
send inquire msg to player 3333 
inquire/ 
6666 1234 8000 766 check 
7777 1800 8000 200 fold 
4444 2000 8000 0 fold 
5555 1234 8000 766 check 
1111 2000 8000 0 fold 
2222 2000 8000 0 fold 
8888 1234 8000 766 check 
3333 1234 8000 766 check 
total pot: 3264 
/inquire 
recv from player 3333: check
send inquire msg to player 8888 
inquire/ 
3333 1234 8000 766 check 
6666 1234 8000 766 check 
7777 1800 8000 200 fold 
4444 2000 8000 0 fold 
5555 1234 8000 766 check 
1111 2000 8000 0 fold 
2222 2000 8000 0 fold 
8888 1234 8000 766 check 
total pot: 3264 
/inquire 
recv from player 8888: check
send inquire msg to player 2222 
inquire/ 
8888 1234 8000 766 check 
3333 1234 8000 766 check 
6666 1234 8000 766 check 
7777 1800 8000 200 fold 
4444 2000 8000 0 fold 
5555 1234 8000 766 check 
1111 2000 8000 0 fold 
2222 2000 8000 0 fold 
total pot: 3264 
/inquire 
send inquire msg to player 1111 
inquire/ 
2222 2000 8000 0 fold 
8888 1234 8000 766 check 
3333 1234 8000 766 check 
6666 1234 8000 766 check 
7777 1800 8000 200 fold 
4444 2000 8000 0 fold 
5555 1234 8000 766 check 
1111 2000 8000 0 fold 
total pot: 3264 
/inquire 
send inquire msg to player 5555 
inquire/ 
1111 2000 8000 0 fold 
2222 2000 8000 0 fold 
8888 1234 8000 766 check 
3333 1234 8000 766 check 
6666 1234 8000 766 check 
7777 1800 8000 200 fold 
4444 2000 8000 0 fold 
5555 1234 8000 766 check 
total pot: 3264 
/inquire 
recv from player 5555: raise 0
send inquire msg to player 4444 
inquire/ 
5555 1134 8000 866 raise 
1111 2000 8000 0 fold 
2222 2000 8000 0 fold 
8888 1234 8000 766 check 
3333 1234 8000 766 check 
6666 1234 8000 766 check 
7777 1800 8000 200 fold 
4444 2000 8000 0 fold 
total pot: 3364 
/inquire 
send inquire msg to player 7777 
inquire/ 
4444 2000 8000 0 fold 
5555 1134 8000 866 raise 
1111 2000 8000 0 fold 
2222 2000 8000 0 fold 
8888 1234 8000 766 check 
3333 1234 8000 766 check 
6666 1234 8000 766 check 
7777 1800 8000 200 fold 
total pot: 3364 
/inquire 
send inquire msg to player 6666 
inquire/ 
7777 1800 8000 200 fold 
4444 2000 8000 0 fold 
5555 1134 8000 866 raise 
1111 2000 8000 0 fold 
2222 2000 8000 0 fold 
8888 1234 8000 766 check 
3333 1234 8000 766 check 
6666 1234 8000 766 check 
total pot: 3364 
/inquire 
recv from player 6666: check
send inquire msg to player 3333 
inquire/ 
6666 1134 8000 866 call 
7777 1800 8000 200 fold 
4444 2000 8000 0 fold 
5555 1134 8000 866 raise 
1111 2000 8000 0 fold 
2222 2000 8000 0 fold 
8888 1234 8000 766 check 
3333 1234 8000 766 check 
total pot: 3464 
/inquire 
recv from player 3333: check
send inquire msg to player 8888 
inquire/ 
3333 1134 8000 866 call 
6666 1134 8000 866 call 
7777 1800 8000 200 fold 
4444 2000 8000 0 fold 
5555 1134 8000 866 raise 
1111 2000 8000 0 fold 
2222 2000 8000 0 fold 
8888 1234 8000 766 check 
total pot: 3564 
/inquire 
recv from player 8888: check
river/ 
HEARTS 4 
/river 

---river round bet---
valid player: 8, all in player: 0, fold player: 4
send inquire msg to player 7777 
inquire/ 
4444 2000 8000 0 fold 
5555 1134 8000 866 raise 
1111 2000 8000 0 fold 
2222 2000 8000 0 fold 
8888 1134 8000 866 call 
3333 1134 8000 866 call 
6666 1134 8000 866 call 
7777 1800 8000 200 fold 
total pot: 3664 
/inquire 
send inquire msg to player 6666 
inquire/ 
7777 1800 8000 200 fold 
4444 2000 8000 0 fold 
5555 1134 8000 866 raise 
1111 2000 8000 0 fold 
2222 2000 8000 0 fold 
8888 1134 8000 866 call 
3333 1134 8000 866 call 
6666 1134 8000 866 call 
total pot: 3664 
/inquire 
recv from player 6666: check
send inquire msg to player 3333 
inquire/ 
6666 1134 8000 866 check 
7777 1800 8000 200 fold 
4444 2000 8000 0 fold 
5555 1134 8000 866 raise 
1111 2000 8000 0 fold 
2222 2000 8000 0 fold 
8888 1134 8000 866 call 
3333 1134 8000 866 call 
total pot: 3664 
/inquire 
recv from player 3333: check
send inquire msg to player 8888 
inquire/ 
3333 1134 8000 866 check 
6666 1134 8000 866 check 
7777 1800 8000 200 fold 
4444 2000 8000 0 fold 
5555 1134 8000 866 raise 
1111 2000 8000 0 fold 
2222 2000 8000 0 fold 
8888 1134 8000 866 call 
total pot: 3664 
/inquire 
recv from player 8888: check
send inquire msg to player 2222 
inquire/ 
8888 1134 8000 866 check 
3333 1134 8000 866 check 
6666 1134 8000 866 check 
7777 1800 8000 200 fold 
4444 2000 8000 0 fold 
5555 1134 8000 866 raise 
1111 2000 8000 0 fold 
2222 2000 8000 0 fold 
total pot: 3664 
/inquire 
send inquire msg to player 1111 
inquire/ 
2222 2000 8000 0 fold 
8888 1134 8000 866 check 
3333 1134 8000 866 check 
6666 1134 8000 866 check 
7777 1800 8000 200 fold 
4444 2000 8000 0 fold 
5555 1134 8000 866 raise 
1111 2000 8000 0 fold 
total pot: 3664 
/inquire 
send inquire msg to player 5555 
inquire/ 
1111 2000 8000 0 fold 
2222 2000 8000 0 fold 
8888 1134 8000 866 check 
3333 1134 8000 866 check 
6666 1134 8000 866 check 
7777 1800 8000 200 fold 
4444 2000 8000 0 fold 
5555 1134 8000 866 raise 
total pot: 3664 
/inquire 
recv from player 5555: raise 0
send inquire msg to player 4444 
inquire/ 
5555 1034 8000 966 raise 
1111 2000 8000 0 fold 
2222 2000 8000 0 fold 
8888 1134 8000 866 check 
3333 1134 8000 866 check 
6666 1134 8000 866 check 
7777 1800 8000 200 fold 
4444 2000 8000 0 fold 
total pot: 3764 
/inquire 
send inquire msg to player 7777 
inquire/ 
4444 2000 8000 0 fold 
5555 1034 8000 966 raise 
1111 2000 8000 0 fold 
2222 2000 8000 0 fold 
8888 1134 8000 866 check 
3333 1134 8000 866 check 
6666 1134 8000 866 check 
7777 1800 8000 200 fold 
total pot: 3764 
/inquire 
send inquire msg to player 6666 
inquire/ 
7777 1800 8000 200 fold 
4444 2000 8000 0 fold 
5555 1034 8000 966 raise 
1111 2000 8000 0 fold 
2222 2000 8000 0 fold 
8888 1134 8000 866 check 
3333 1134 8000 866 check 
6666 1134 8000 866 check 
total pot: 3764 
/inquire 
recv from player 6666: check
send inquire msg to player 3333 
inquire/ 
6666 1034 8000 966 call 
7777 1800 8000 200 fold 
4444 2000 8000 0 fold 
5555 1034 8000 966 raise 
1111 2000 8000 0 fold 
2222 2000 8000 0 fold 
8888 1134 8000 866 check 
3333 1134 8000 866 check 
total pot: 3864 
/inquire 
recv from player 3333: check
send inquire msg to player 8888 
inquire/ 
3333 1034 8000 966 call 
6666 1034 8000 966 call 
7777 1800 8000 200 fold 
4444 2000 8000 0 fold 
5555 1034 8000 966 raise 
1111 2000 8000 0 fold 
2222 2000 8000 0 fold 
8888 1134 8000 866 check 
total pot: 3964 
/inquire 
recv from player 8888: check

---show down---
showdown/ 
common/ 
HEARTS Q 
SPADES 2 
DIAMONDS 3 
DIAMONDS 8 
HEARTS 4 
/common 
2: 6666 DIAMONDS J SPADES J ONE_PAIR 
4: 3333 HEARTS A HEARTS 9 HIGH_CARD 
3: 8888 CLUBS A HEARTS 8 ONE_PAIR 
1: 5555 DIAMONDS Q CLUBS 8 TWO_PAIR 
/showdown 

---Allocate pot---
pot-win/ 
5555: 4064 
/pot-win 
it is player 7777's turn to be button

-----2 Hand-----

----- clean player data in socket -----
seat/ 
button: 7777 1800 8000 
small blind: 6666 1034 8000 
big blind: 3333 1034 8000 
8888 1034 8000 
2222 2000 8000 
1111 2000 8000 
5555 5098 8000 
4444 2000 8000 
/seat 
blind/ 
6666: 50 
3333: 100 
/blind 
player 6666:hold/ 
CLUBS K 
DIAMONDS 6 
/hold 
player 3333:hold/ 
CLUBS A 
CLUBS 10 
/hold 
player 8888:hold/ 
HEARTS A 
CLUBS J 
/hold 
player 2222:hold/ 
HEARTS 3 
SPADES 7 
/hold 
player 1111:hold/ 
CLUBS 3 
CLUBS 2 
/hold 
player 5555:hold/ 
HEARTS 4 
SPADES 9 
/hold 
player 4444:hold/ 
SPADES 3 
HEARTS 7 
/hold 
player 7777:hold/ 
HEARTS 5 
HEARTS 6 
/hold 

---pre flop round bet---
valid player: 8, all in player: 0, fold player: 0
send inquire msg to player 8888 
inquire/ 
3333 934 8000 100 blind 
6666 984 8000 50 blind 
total pot: 150 
/inquire 
recv from player 8888: check
send inquire msg to player 2222 
inquire/ 
8888 934 8000 100 call 
3333 934 8000 100 blind 
6666 984 8000 50 blind 
total pot: 250 
/inquire 
recv from player 2222: fold
send inquire msg to player 1111 
inquire/ 
2222 2000 8000 0 fold 
8888 934 8000 100 call 
3333 934 8000 100 blind 
6666 984 8000 50 blind 
total pot: 250 
/inquire 
recv from player 1111: fold
send inquire msg to player 5555 
inquire/ 
1111 2000 8000 0 fold 
2222 2000 8000 0 fold 
8888 934 8000 100 call 
3333 934 8000 100 blind 
6666 984 8000 50 blind 
total pot: 250 
/inquire 
recv from player 5555: check
send inquire msg to player 4444 
inquire/ 
5555 4998 8000 100 call 
1111 2000 8000 0 fold 
2222 2000 8000 0 fold 
8888 934 8000 100 call 
3333 934 8000 100 blind 
6666 984 8000 50 blind 
total pot: 350 
/inquire 
recv from player 4444: fold
send inquire msg to player 7777 
inquire/ 
4444 2000 8000 0 fold 
5555 4998 8000 100 call 
1111 2000 8000 0 fold 
2222 2000 8000 0 fold 
8888 934 8000 100 call 
3333 934 8000 100 blind 
6666 984 8000 50 blind 
total pot: 350 
/inquire 
recv from player 7777: check
send inquire msg to player 6666 
inquire/ 
7777 1700 8000 100 call 
4444 2000 8000 0 fold 
5555 4998 8000 100 call 
1111 2000 8000 0 fold 
2222 2000 8000 0 fold 
8888 934 8000 100 call 
3333 934 8000 100 blind 
6666 984 8000 50 blind 
total pot: 450 
/inquire 
recv from player 6666: check
send inquire msg to player 3333 
inquire/ 
6666 934 8000 100 call 
7777 1700 8000 100 call 
4444 2000 8000 0 fold 
5555 4998 8000 100 call 
1111 2000 8000 0 fold 
2222 2000 8000 0 fold 
8888 934 8000 100 call 
3333 934 8000 100 blind 
total pot: 500 
/inquire 
recv from player 3333: check
flop/ 
CLUBS 7 
DIAMONDS K 
CLUBS 4 
/flop 

---flop round bet---
valid player: 8, all in player: 0, fold player: 3
send inquire msg to player 6666 
inquire/ 
7777 1700 8000 100 call 
4444 2000 8000 0 fold 
5555 4998 8000 100 call 
1111 2000 8000 0 fold 
2222 2000 8000 0 fold 
8888 934 8000 100 call 
3333 934 8000 100 check 
6666 934 8000 100 call 
total pot: 500 
/inquire 
recv from player 6666: raise 112
send inquire msg to player 3333 
inquire/ 
6666 822 8000 212 raise 
7777 1700 8000 100 call 
4444 2000 8000 0 fold 
5555 4998 8000 100 call 
1111 2000 8000 0 fold 
2222 2000 8000 0 fold 
8888 934 8000 100 call 
3333 934 8000 100 check 
total pot: 612 
/inquire 
recv from player 3333: check
send inquire msg to player 8888 
inquire/ 
3333 822 8000 212 call 
6666 822 8000 212 raise 
7777 1700 8000 100 call 
4444 2000 8000 0 fold 
5555 4998 8000 100 call 
1111 2000 8000 0 fold 
2222 2000 8000 0 fold 
8888 934 8000 100 call 
total pot: 724 
/inquire 
recv from player 8888: check
send inquire msg to player 2222 
inquire/ 
8888 822 8000 212 call 
3333 822 8000 212 call 
6666 822 8000 212 raise 
7777 1700 8000 100 call 
4444 2000 8000 0 fold 
5555 4998 8000 100 call 
1111 2000 8000 0 fold 
2222 2000 8000 0 fold 
total pot: 836 
/inquire 
send inquire msg to player 1111 
inquire/ 
2222 2000 8000 0 fold 
8888 822 8000 212 call 
3333 822 8000 212 call 
6666 822 8000 212 raise 
7777 1700 8000 100 call 
4444 2000 8000 0 fold 
5555 4998 8000 100 call 
1111 2000 8000 0 fold 
total pot: 836 
/inquire 
send inquire msg to player 5555 
inquire/ 
1111 2000 8000 0 fold 
2222 2000 8000 0 fold 
8888 822 8000 212 call 
3333 822 8000 212 call 
6666 822 8000 212 raise 
7777 1700 8000 100 call 
4444 2000 8000 0 fold 
5555 4998 8000 100 call 
total pot: 836 
/inquire 
recv from player 5555: raise 0
send inquire msg to player 4444 
inquire/ 
5555 4774 8000 324 raise 
1111 2000 8000 0 fold 
2222 2000 8000 0 fold 
8888 822 8000 212 call 
3333 822 8000 212 call 
6666 822 8000 212 raise 
7777 1700 8000 100 call 
4444 2000 8000 0 fold 
total pot: 1060 
/inquire 
send inquire msg to player 7777 
inquire/ 
4444 2000 8000 0 fold 
5555 4774 8000 324 raise 
1111 2000 8000 0 fold 
2222 2000 8000 0 fold 
8888 822 8000 212 call 
3333 822 8000 212 call 
6666 822 8000 212 raise 
7777 1700 8000 100 call 
total pot: 1060 
/inquire 
recv from player 7777: check
send inquire msg to player 6666 
inquire/ 
7777 1476 8000 324 call 
4444 2000 8000 0 fold 
5555 4774 8000 324 raise 
1111 2000 8000 0 fold 
2222 2000 8000 0 fold 
8888 822 8000 212 call 
3333 822 8000 212 call 
6666 822 8000 212 raise 
total pot: 1284 
/inquire 
recv from player 6666: check
send inquire msg to player 3333 
inquire/ 
6666 710 8000 324 call 
7777 1476 8000 324 call 
4444 2000 8000 0 fold 
5555 4774 8000 324 raise 
1111 2000 8000 0 fold 
2222 2000 8000 0 fold 
8888 822 8000 212 call 
3333 822 8000 212 call 
total pot: 1396 
/inquire 
recv from player 3333: check
send inquire msg to player 8888 
inquire/ 
3333 710 8000 324 call 
6666 710 8000 324 call 
7777 1476 8000 324 call 
4444 2000 8000 0 fold 
5555 4774 8000 324 raise 
1111 2000 8000 0 fold 
2222 2000 8000 0 fold 
8888 822 8000 212 call 
total pot: 1508 
/inquire 
recv from player 8888: check
turn/ 
SPADES 10 
/turn 

---turn round bet---
valid player: 8, all in player: 0, fold player: 3
send inquire msg to player 6666 
inquire/ 
7777 1476 8000 324 call 
4444 2000 8000 0 fold 
5555 4774 8000 324 raise 
1111 2000 8000 0 fold 
2222 2000 8000 0 fold 
8888 710 8000 324 call 
3333 710 8000 324 call 
6666 710 8000 324 call 
total pot: 1620 
/inquire 
recv from player 6666: check
send inquire msg to player 3333 
inquire/ 
6666 710 8000 324 check 
7777 1476 8000 324 call 
4444 2000 8000 0 fold 
5555 4774 8000 324 raise 
1111 2000 8000 0 fold 
2222 2000 8000 0 fold 
8888 710 8000 324 call 
3333 710 8000 324 call 
total pot: 1620 
/inquire 
recv from player 3333: check
send inquire msg to player 8888 
inquire/ 
3333 710 8000 324 check 
6666 710 8000 324 check 
7777 1476 8000 324 call 
4444 2000 8000 0 fold 
5555 4774 8000 324 raise 
1111 2000 8000 0 fold 
2222 2000 8000 0 fold 
8888 710 8000 324 call 
total pot: 1620 
/inquire 
recv from player 8888: check
send inquire msg to player 2222 
inquire/ 
8888 710 8000 324 check 
3333 710 8000 324 check 
6666 710 8000 324 check 
7777 1476 8000 324 call 
4444 2000 8000 0 fold 
5555 4774 8000 324 raise 
1111 2000 8000 0 fold 
2222 2000 8000 0 fold 
total pot: 1620 
/inquire 
send inquire msg to player 1111 
inquire/ 
2222 2000 8000 0 fold 
8888 710 8000 324 check 
3333 710 8000 324 check 
6666 710 8000 324 check 
7777 1476 8000 324 call 
4444 2000 8000 0 fold 
5555 4774 8000 324 raise 
1111 2000 8000 0 fold 
total pot: 1620 
/inquire 
send inquire msg to player 5555 
inquire/ 
1111 2000 8000 0 fold 
2222 2000 8000 0 fold 
8888 710 8000 324 check 
3333 710 8000 324 check 
6666 710 8000 324 check 
7777 1476 8000 324 call 
4444 2000 8000 0 fold 
5555 4774 8000 324 raise 
total pot: 1620 
/inquire 
recv from player 5555: check
send inquire msg to player 4444 
inquire/ 
5555 4774 8000 324 check 
1111 2000 8000 0 fold 
2222 2000 8000 0 fold 
8888 710 8000 324 check 
3333 710 8000 324 check 
6666 710 8000 324 check 
7777 1476 8000 324 call 
4444 2000 8000 0 fold 
total pot: 1620 
/inquire 
send inquire msg to player 7777 
inquire/ 
4444 2000 8000 0 fold 
5555 4774 8000 324 check 
1111 2000 8000 0 fold 
2222 2000 8000 0 fold 
8888 710 8000 324 check 
3333 710 8000 324 check 
6666 710 8000 324 check 
7777 1476 8000 324 call 
total pot: 1620 
/inquire 
recv from player 7777: check
river/ 
SPADES J 
/river 

---river round bet---
valid player: 8, all in player: 0, fold player: 3
send inquire msg to player 6666 
inquire/ 
7777 1476 8000 324 check 
4444 2000 8000 0 fold 
5555 4774 8000 324 check 
1111 2000 8000 0 fold 
2222 2000 8000 0 fold 
8888 710 8000 324 check 
3333 710 8000 324 check 
6666 710 8000 324 check 
total pot: 1620 
/inquire 
recv from player 6666: check
send inquire msg to player 3333 
inquire/ 
6666 710 8000 324 check 
7777 1476 8000 324 check 
4444 2000 8000 0 fold 
5555 4774 8000 324 check 
1111 2000 8000 0 fold 
2222 2000 8000 0 fold 
8888 710 8000 324 check 
3333 710 8000 324 check 
total pot: 1620 
/inquire 
recv from player 3333: check
send inquire msg to player 8888 
inquire/ 
3333 710 8000 324 check 
6666 710 8000 324 check 
7777 1476 8000 324 check 
4444 2000 8000 0 fold 
5555 4774 8000 324 check 
1111 2000 8000 0 fold 
2222 2000 8000 0 fold 
8888 710 8000 324 check 
total pot: 1620 
/inquire 
recv from player 8888: check
send inquire msg to player 2222 
inquire/ 
8888 710 8000 324 check 
3333 710 8000 324 check 
6666 710 8000 324 check 
7777 1476 8000 324 check 
4444 2000 8000 0 fold 
5555 4774 8000 324 check 
1111 2000 8000 0 fold 
2222 2000 8000 0 fold 
total pot: 1620 
/inquire 
send inquire msg to player 1111 
inquire/ 
2222 2000 8000 0 fold 
8888 710 8000 324 check 
3333 710 8000 324 check 
6666 710 8000 324 check 
7777 1476 8000 324 check 
4444 2000 8000 0 fold 
5555 4774 8000 324 check 
1111 2000 8000 0 fold 
total pot: 1620 
/inquire 
send inquire msg to player 5555 
inquire/ 
1111 2000 8000 0 fold 
2222 2000 8000 0 fold 
8888 710 8000 324 check 
3333 710 8000 324 check 
6666 710 8000 324 check 
7777 1476 8000 324 check 
4444 2000 8000 0 fold 
5555 4774 8000 324 check 
total pot: 1620 
/inquire 
recv from player 5555: check
send inquire msg to player 4444 
inquire/ 
5555 4774 8000 324 check 
1111 2000 8000 0 fold 
2222 2000 8000 0 fold 
8888 710 8000 324 check 
3333 710 8000 324 check 
6666 710 8000 324 check 
7777 1476 8000 324 check 
4444 2000 8000 0 fold 
total pot: 1620 
/inquire 
send inquire msg to player 7777 
inquire/ 
4444 2000 8000 0 fold 
5555 4774 8000 324 check 
1111 2000 8000 0 fold 
2222 2000 8000 0 fold 
8888 710 8000 324 check 
3333 710 8000 324 check 
6666 710 8000 324 check 
7777 1476 8000 324 check 
total pot: 1620 
/inquire 
recv from player 7777: check

---show down---
showdown/ 
common/ 
CLUBS 7 
DIAMONDS K 
CLUBS 4 
SPADES 10 
SPADES J 
/common 
1: 6666 CLUBS K DIAMONDS 6 ONE_PAIR 
3: 3333 CLUBS A CLUBS 10 ONE_PAIR 
2: 8888 HEARTS A CLUBS J ONE_PAIR 
4: 5555 HEARTS 4 SPADES 9 ONE_PAIR 
5: 7777 HEARTS 5 HEARTS 6 HIGH_CARD 
/showdown 

---Allocate pot---
pot-win/ 
6666: 1620 
/pot-win 
it is player 6666's turn to be button

-----3 Hand-----

----- clean player data in socket -----
seat/ 
button: 6666 2330 8000 
small blind: 3333 710 8000 
big blind: 8888 710 8000 
2222 2000 8000 
1111 2000 8000 
5555 4774 8000 
4444 2000 8000 
7777 1476 8000 
/seat 
blind/ 
3333: 50 
8888: 100 
/blind 
player 3333:hold/ 
HEARTS 9 
SPADES 3 
/hold 
player 8888:hold/ 
SPADES Q 
HEARTS 2 
/hold 
player 2222:hold/ 
SPADES J 
SPADES 2 
/hold 
player 1111:hold/ 
SPADES 6 
DIAMONDS K 
/hold 
player 5555:hold/ 
DIAMONDS 6 
SPADES A 
/hold 
player 4444:hold/ 
HEARTS 5 
CLUBS 10 
/hold 
player 7777:hold/ 
CLUBS Q 
CLUBS 2 
/hold 
player 6666:hold/ 
HEARTS 10 
CLUBS 4 
/hold 

---pre flop round bet---
valid player: 8, all in player: 0, fold player: 0
send inquire msg to player 2222 
inquire/ 
8888 610 8000 100 blind 
3333 660 8000 50 blind 
total pot: 150 
/inquire 
recv from player 2222: fold
send inquire msg to player 1111 
inquire/ 
2222 2000 8000 0 fold 
8888 610 8000 100 blind 
3333 660 8000 50 blind 
total pot: 150 
/inquire 
recv from player 1111: fold
send inquire msg to player 5555 
inquire/ 
1111 2000 8000 0 fold 
2222 2000 8000 0 fold 
8888 610 8000 100 blind 
3333 660 8000 50 blind 
total pot: 150 
/inquire 
recv from player 5555: check
send inquire msg to player 4444 
inquire/ 
5555 4674 8000 100 call 
1111 2000 8000 0 fold 
2222 2000 8000 0 fold 
8888 610 8000 100 blind 
3333 660 8000 50 blind 
total pot: 250 
/inquire 
recv from player 4444: fold
send inquire msg to player 7777 
inquire/ 
4444 2000 8000 0 fold 
5555 4674 8000 100 call 
1111 2000 8000 0 fold 
2222 2000 8000 0 fold 
8888 610 8000 100 blind 
3333 660 8000 50 blind 
total pot: 250 
/inquire 
recv from player 7777: check
send inquire msg to player 6666 
inquire/ 
7777 1376 8000 100 call 
4444 2000 8000 0 fold 
5555 4674 8000 100 call 
1111 2000 8000 0 fold 
2222 2000 8000 0 fold 
8888 610 8000 100 blind 
3333 660 8000 50 blind 
total pot: 350 
/inquire 
recv from player 6666: fold
send inquire msg to player 3333 
inquire/ 
6666 2330 8000 0 fold 
7777 1376 8000 100 call 
4444 2000 8000 0 fold 
5555 4674 8000 100 call 
1111 2000 8000 0 fold 
2222 2000 8000 0 fold 
8888 610 8000 100 blind 
3333 660 8000 50 blind 
total pot: 350 
/inquire 
recv from player 3333: check
send inquire msg to player 8888 
inquire/ 
3333 610 8000 100 call 
6666 2330 8000 0 fold 
7777 1376 8000 100 call 
4444 2000 8000 0 fold 
5555 4674 8000 100 call 
1111 2000 8000 0 fold 
2222 2000 8000 0 fold 
8888 610 8000 100 blind 
total pot: 400 
/inquire 
recv from player 8888: check
flop/ 
DIAMONDS 8 
CLUBS 7 
CLUBS 8 
/flop 

---flop round bet---
valid player: 8, all in player: 0, fold player: 4
send inquire msg to player 3333 
inquire/ 
6666 2330 8000 0 fold 
7777 1376 8000 100 call 
4444 2000 8000 0 fold 
5555 4674 8000 100 call 
1111 2000 8000 0 fold 
2222 2000 8000 0 fold 
8888 610 8000 100 check 
3333 610 8000 100 call 
total pot: 400 
/inquire 
recv from player 3333: check
send inquire msg to player 8888 
inquire/ 
3333 610 8000 100 check 
6666 2330 8000 0 fold 
7777 1376 8000 100 call 
4444 2000 8000 0 fold 
5555 4674 8000 100 call 
1111 2000 8000 0 fold 
2222 2000 8000 0 fold 
8888 610 8000 100 check 
total pot: 400 
/inquire 
recv from player 8888: check
send inquire msg to player 2222 
inquire/ 
8888 610 8000 100 check 
3333 610 8000 100 check 
6666 2330 8000 0 fold 
7777 1376 8000 100 call 
4444 2000 8000 0 fold 
5555 4674 8000 100 call 
1111 2000 8000 0 fold 
2222 2000 8000 0 fold 
total pot: 400 
/inquire 
send inquire msg to player 1111 
inquire/ 
2222 2000 8000 0 fold 
8888 610 8000 100 check 
3333 610 8000 100 check 
6666 2330 8000 0 fold 
7777 1376 8000 100 call 
4444 2000 8000 0 fold 
5555 4674 8000 100 call 
1111 2000 8000 0 fold 
total pot: 400 
/inquire 
send inquire msg to player 5555 
inquire/ 
1111 2000 8000 0 fold 
2222 2000 8000 0 fold 
8888 610 8000 100 check 
3333 610 8000 100 check 
6666 2330 8000 0 fold 
7777 1376 8000 100 call 
4444 2000 8000 0 fold 
5555 4674 8000 100 call 
total pot: 400 
/inquire 
recv from player 5555: check
send inquire msg to player 4444 
inquire/ 
5555 4674 8000 100 check 
1111 2000 8000 0 fold 
2222 2000 8000 0 fold 
8888 610 8000 100 check 
3333 610 8000 100 check 
6666 2330 8000 0 fold 
7777 1376 8000 100 call 
4444 2000 8000 0 fold 
total pot: 400 
/inquire 
send inquire msg to player 7777 
inquire/ 
4444 2000 8000 0 fold 
5555 4674 8000 100 check 
1111 2000 8000 0 fold 
2222 2000 8000 0 fold 
8888 610 8000 100 check 
3333 610 8000 100 check 
6666 2330 8000 0 fold 
7777 1376 8000 100 call 
total pot: 400 
/inquire 
recv from player 7777: check
turn/ 
DIAMONDS 9 
/turn 

---turn round bet---
valid player: 8, all in player: 0, fold player: 4
send inquire msg to player 3333 
inquire/ 
6666 2330 8000 0 fold 
7777 1376 8000 100 check 
4444 2000 8000 0 fold 
5555 4674 8000 100 check 
1111 2000 8000 0 fold 
2222 2000 8000 0 fold 
8888 610 8000 100 check 
3333 610 8000 100 check 
total pot: 400 
/inquire 
recv from player 3333: check
send inquire msg to player 8888 
inquire/ 
3333 610 8000 100 check 
6666 2330 8000 0 fold 
7777 1376 8000 100 check 
4444 2000 8000 0 fold 
5555 4674 8000 100 check 
1111 2000 8000 0 fold 
2222 2000 8000 0 fold 
8888 610 8000 100 check 
total pot: 400 
/inquire 
recv from player 8888: check
send inquire msg to player 2222 
inquire/ 
8888 610 8000 100 check 
3333 610 8000 100 check 
6666 2330 8000 0 fold 
7777 1376 8000 100 check 
4444 2000 8000 0 fold 
5555 4674 8000 100 check 
1111 2000 8000 0 fold 
2222 2000 8000 0 fold 
total pot: 400 
/inquire 
send inquire msg to player 1111 
inquire/ 
2222 2000 8000 0 fold 
8888 610 8000 100 check 
3333 610 8000 100 check 
6666 2330 8000 0 fold 
7777 1376 8000 100 check 
4444 2000 8000 0 fold 
5555 4674 8000 100 check 
1111 2000 8000 0 fold 
total pot: 400 
/inquire 
send inquire msg to player 5555 
inquire/ 
1111 2000 8000 0 fold 
2222 2000 8000 0 fold 
8888 610 8000 100 check 
3333 610 8000 100 check 
6666 2330 8000 0 fold 
7777 1376 8000 100 check 
4444 2000 8000 0 fold 
5555 4674 8000 100 check 
total pot: 400 
/inquire 
recv from player 5555: check
send inquire msg to player 4444 
inquire/ 
5555 4674 8000 100 check 
1111 2000 8000 0 fold 
2222 2000 8000 0 fold 
8888 610 8000 100 check 
3333 610 8000 100 check 
6666 2330 8000 0 fold 
7777 1376 8000 100 check 
4444 2000 8000 0 fold 
total pot: 400 
/inquire 
send inquire msg to player 7777 
inquire/ 
4444 2000 8000 0 fold 
5555 4674 8000 100 check 
1111 2000 8000 0 fold 
2222 2000 8000 0 fold 
8888 610 8000 100 check 
3333 610 8000 100 check 
6666 2330 8000 0 fold 
7777 1376 8000 100 check 
total pot: 400 
/inquire 
recv from player 7777: check
river/ 
CLUBS A 
/river 

---river round bet---
valid player: 8, all in player: 0, fold player: 4
send inquire msg to player 3333 
inquire/ 
6666 2330 8000 0 fold 
7777 1376 8000 100 check 
4444 2000 8000 0 fold 
5555 4674 8000 100 check 
1111 2000 8000 0 fold 
2222 2000 8000 0 fold 
8888 610 8000 100 check 
3333 610 8000 100 check 
total pot: 400 
/inquire 
recv from player 3333: check
send inquire msg to player 8888 
inquire/ 
3333 610 8000 100 check 
6666 2330 8000 0 fold 
7777 1376 8000 100 check 
4444 2000 8000 0 fold 
5555 4674 8000 100 check 
1111 2000 8000 0 fold 
2222 2000 8000 0 fold 
8888 610 8000 100 check 
total pot: 400 
/inquire 
recv from player 8888: check
send inquire msg to player 2222 
inquire/ 
8888 610 8000 100 check 
3333 610 8000 100 check 
6666 2330 8000 0 fold 
7777 1376 8000 100 check 
4444 2000 8000 0 fold 
5555 4674 8000 100 check 
1111 2000 8000 0 fold 
2222 2000 8000 0 fold 
total pot: 400 
/inquire 
send inquire msg to player 1111 
inquire/ 
2222 2000 8000 0 fold 
8888 610 8000 100 check 
3333 610 8000 100 check 
6666 2330 8000 0 fold 
7777 1376 8000 100 check 
4444 2000 8000 0 fold 
5555 4674 8000 100 check 
1111 2000 8000 0 fold 
total pot: 400 
/inquire 
send inquire msg to player 5555 
inquire/ 
1111 2000 8000 0 fold 
2222 2000 8000 0 fold 
8888 610 8000 100 check 
3333 610 8000 100 check 
6666 2330 8000 0 fold 
7777 1376 8000 100 check 
4444 2000 8000 0 fold 
5555 4674 8000 100 check 
total pot: 400 
/inquire 
recv from player 5555: check
send inquire msg to player 4444 
inquire/ 
5555 4674 8000 100 check 
1111 2000 8000 0 fold 
2222 2000 8000 0 fold 
8888 610 8000 100 check 
3333 610 8000 100 check 
6666 2330 8000 0 fold 
7777 1376 8000 100 check 
4444 2000 8000 0 fold 
total pot: 400 
/inquire 
send inquire msg to player 7777 
inquire/ 
4444 2000 8000 0 fold 
5555 4674 8000 100 check 
1111 2000 8000 0 fold 
2222 2000 8000 0 fold 
8888 610 8000 100 check 
3333 610 8000 100 check 
6666 2330 8000 0 fold 
7777 1376 8000 100 check 
total pot: 400 
/inquire 
recv from player 7777: check

---show down---
showdown/ 
common/ 
DIAMONDS 8 
CLUBS 7 
CLUBS 8 
DIAMONDS 9 
CLUBS A 
/common 
3: 3333 HEARTS 9 SPADES 3 TWO_PAIR 
4: 8888 SPADES Q HEARTS 2 ONE_PAIR 
2: 5555 DIAMONDS 6 SPADES A TWO_PAIR 
1: 7777 CLUBS Q CLUBS 2 FLUSH 
/showdown 

---Allocate pot---
pot-win/ 
7777: 400 
/pot-win 
it is player 3333's turn to be button

-----4 Hand-----

----- clean player data in socket -----
seat/ 
button: 3333 610 8000 
small blind: 8888 610 8000 
big blind: 2222 2000 8000 
1111 2000 8000 
5555 4674 8000 
4444 2000 8000 
7777 1776 8000 
6666 2330 8000 
/seat 
blind/ 
8888: 50 
2222: 100 
/blind 
player 8888:hold/ 
SPADES Q 
CLUBS Q 
/hold 
player 2222:hold/ 
HEARTS K 
CLUBS 10 
/hold 
player 1111:hold/ 
HEARTS 5 
SPADES K 
/hold 
player 5555:hold/ 
CLUBS 6 
CLUBS 2 
/hold 
player 4444:hold/ 
CLUBS 7 
DIAMONDS 3 
/hold 
player 7777:hold/ 
DIAMONDS J 
CLUBS A 
/hold 
player 6666:hold/ 
SPADES 3 
HEARTS Q 
/hold 
player 3333:hold/ 
CLUBS J 
SPADES 8 
/hold 

---pre flop round bet---
valid player: 8, all in player: 0, fold player: 0
send inquire msg to player 1111 
inquire/ 
2222 1900 8000 100 blind 
8888 560 8000 50 blind 
total pot: 150 
/inquire 
recv from player 1111: fold
send inquire msg to player 5555 
inquire/ 
1111 2000 8000 0 fold 
2222 1900 8000 100 blind 
8888 560 8000 50 blind 
total pot: 150 
/inquire 
recv from player 5555: check
send inquire msg to player 4444 
inquire/ 
5555 4574 8000 100 call 
1111 2000 8000 0 fold 
2222 1900 8000 100 blind 
8888 560 8000 50 blind 
total pot: 250 
/inquire 
recv from player 4444: fold
send inquire msg to player 7777 
inquire/ 
4444 2000 8000 0 fold 
5555 4574 8000 100 call 
1111 2000 8000 0 fold 
2222 1900 8000 100 blind 
8888 560 8000 50 blind 
total pot: 250 
/inquire 
recv from player 7777: fold
send inquire msg to player 6666 
inquire/ 
7777 1776 8000 0 fold 
4444 2000 8000 0 fold 
5555 4574 8000 100 call 
1111 2000 8000 0 fold 
2222 1900 8000 100 blind 
8888 560 8000 50 blind 
total pot: 250 
/inquire 
recv from player 6666: fold
send inquire msg to player 3333 
inquire/ 
6666 2330 8000 0 fold 
7777 1776 8000 0 fold 
4444 2000 8000 0 fold 
5555 4574 8000 100 call 
1111 2000 8000 0 fold 
2222 1900 8000 100 blind 
8888 560 8000 50 blind 
total pot: 250 
/inquire 
recv from player 3333: check
send inquire msg to player 8888 
inquire/ 
3333 510 8000 100 call 
6666 2330 8000 0 fold 
7777 1776 8000 0 fold 
4444 2000 8000 0 fold 
5555 4574 8000 100 call 
1111 2000 8000 0 fold 
2222 1900 8000 100 blind 
8888 560 8000 50 blind 
total pot: 350 
/inquire 
recv from player 8888: check
send inquire msg to player 2222 
inquire/ 
8888 510 8000 100 call 
3333 510 8000 100 call 
6666 2330 8000 0 fold 
7777 1776 8000 0 fold 
4444 2000 8000 0 fold 
5555 4574 8000 100 call 
1111 2000 8000 0 fold 
2222 1900 8000 100 blind 
total pot: 400 
/inquire 
recv from player 2222: fold
flop/ 
CLUBS 3 
SPADES 6 
SPADES 2 
/flop 

---flop round bet---
valid player: 8, all in player: 0, fold player: 5
send inquire msg to player 8888 
inquire/ 
3333 510 8000 100 call 
6666 2330 8000 0 fold 
7777 1776 8000 0 fold 
4444 2000 8000 0 fold 
5555 4574 8000 100 call 
1111 2000 8000 0 fold 
2222 1900 8000 100 fold 
8888 510 8000 100 call 
total pot: 400 
/inquire 
recv from player 8888: check
send inquire msg to player 2222 
inquire/ 
8888 510 8000 100 check 
3333 510 8000 100 call 
6666 2330 8000 0 fold 
7777 1776 8000 0 fold 
4444 2000 8000 0 fold 
5555 4574 8000 100 call 
1111 2000 8000 0 fold 
2222 1900 8000 100 fold 
total pot: 400 
/inquire 
send inquire msg to player 1111 
inquire/ 
2222 1900 8000 100 fold 
8888 510 8000 100 check 
3333 510 8000 100 call 
6666 2330 8000 0 fold 
7777 1776 8000 0 fold 
4444 2000 8000 0 fold 
5555 4574 8000 100 call 
1111 2000 8000 0 fold 
total pot: 400 
/inquire 
send inquire msg to player 5555 
inquire/ 
1111 2000 8000 0 fold 
2222 1900 8000 100 fold 
8888 510 8000 100 check 
3333 510 8000 100 call 
6666 2330 8000 0 fold 
7777 1776 8000 0 fold 
4444 2000 8000 0 fold 
5555 4574 8000 100 call 
total pot: 400 
/inquire 
recv from player 5555: check
send inquire msg to player 4444 
inquire/ 
5555 4574 8000 100 check 
1111 2000 8000 0 fold 
2222 1900 8000 100 fold 
8888 510 8000 100 check 
3333 510 8000 100 call 
6666 2330 8000 0 fold 
7777 1776 8000 0 fold 
4444 2000 8000 0 fold 
total pot: 400 
/inquire 
send inquire msg to player 7777 
inquire/ 
4444 2000 8000 0 fold 
5555 4574 8000 100 check 
1111 2000 8000 0 fold 
2222 1900 8000 100 fold 
8888 510 8000 100 check 
3333 510 8000 100 call 
6666 2330 8000 0 fold 
7777 1776 8000 0 fold 
total pot: 400 
/inquire 
send inquire msg to player 6666 
inquire/ 
7777 1776 8000 0 fold 
4444 2000 8000 0 fold 
5555 4574 8000 100 check 
1111 2000 8000 0 fold 
2222 1900 8000 100 fold 
8888 510 8000 100 check 
3333 510 8000 100 call 
6666 2330 8000 0 fold 
total pot: 400 
/inquire 
send inquire msg to player 3333 
inquire/ 
6666 2330 8000 0 fold 
7777 1776 8000 0 fold 
4444 2000 8000 0 fold 
5555 4574 8000 100 check 
1111 2000 8000 0 fold 
2222 1900 8000 100 fold 
8888 510 8000 100 check 
3333 510 8000 100 call 
total pot: 400 
/inquire 
recv from player 3333: check
turn/ 
DIAMONDS Q 
/turn 

---turn round bet---
valid player: 8, all in player: 0, fold player: 5
send inquire msg to player 8888 
inquire/ 
3333 510 8000 100 check 
