

===VERSION 1.24===
---GAME START @ 2015-5-20-17-2-40---

wait registration for 30 seconds
reg: 3333 Ty_lxx 
reg: 1111 simplebot need_notify 
reg: 2222 simplebot need_notify 
reg: 7777 cleverbot need_notify 
reg: 8888 simplebot need_notify 
reg: 6666 simplebot need_notify 
reg: 5555 young 
reg: 4444 simplebot need_notify 
close registration

-----1 Hand-----

----- clean player data in socket -----
seat/ 
button: 1111 2000 8000 
small blind: 5555 2000 8000 
big blind: 4444 2000 8000 
2222 2000 8000 
8888 2000 8000 
3333 2000 8000 
7777 2000 8000 
6666 2000 8000 
/seat 
blind/ 
5555: 50 
4444: 100 
/blind 
player 5555:hold/ 
SPADES 2 
HEARTS 6 
/hold 
player 4444:hold/ 
SPADES Q 
SPADES A 
/hold 
player 2222:hold/ 
CLUBS J 
DIAMONDS 3 
/hold 
player 8888:hold/ 
SPADES 9 
SPADES 6 
/hold 
player 3333:hold/ 
HEARTS 10 
SPADES 7 
/hold 
player 7777:hold/ 
HEARTS 9 
DIAMONDS A 
/hold 
player 6666:hold/ 
DIAMONDS 8 
DIAMONDS 5 
/hold 
player 1111:hold/ 
CLUBS 7 
DIAMONDS Q 
/hold 

---pre flop round bet---
valid player: 8, all in player: 0, fold player: 0
send inquire msg to player 2222 
inquire/ 
4444 1900 8000 100 blind 
5555 1950 8000 50 blind 
total pot: 150 
/inquire 
recv from player 2222: call 

send inquire msg to player 8888 
inquire/ 
2222 1900 8000 100 call 
4444 1900 8000 100 blind 
5555 1950 8000 50 blind 
total pot: 250 
/inquire 
recv from player 8888: raise 145 

send inquire msg to player 3333 
inquire/ 
8888 1755 8000 245 raise 
2222 1900 8000 100 call 
4444 1900 8000 100 blind 
5555 1950 8000 50 blind 
total pot: 495 
/inquire 
recv from player 3333: fold 

send inquire msg to player 7777 
inquire/ 
3333 2000 8000 0 fold 
8888 1755 8000 245 raise 
2222 1900 8000 100 call 
4444 1900 8000 100 blind 
5555 1950 8000 50 blind 
total pot: 495 
/inquire 
recv from player 7777: fold 

send inquire msg to player 6666 
inquire/ 
7777 2000 8000 0 fold 
3333 2000 8000 0 fold 
8888 1755 8000 245 raise 
2222 1900 8000 100 call 
4444 1900 8000 100 blind 
5555 1950 8000 50 blind 
total pot: 495 
/inquire 
recv from player 6666: call 

send inquire msg to player 1111 
inquire/ 
6666 1755 8000 245 call 
7777 2000 8000 0 fold 
3333 2000 8000 0 fold 
8888 1755 8000 245 raise 
2222 1900 8000 100 call 
4444 1900 8000 100 blind 
5555 1950 8000 50 blind 
total pot: 740 
/inquire 
recv from player 1111: fold 

send inquire msg to player 5555 
inquire/ 
1111 2000 8000 0 fold 
6666 1755 8000 245 call 
7777 2000 8000 0 fold 
3333 2000 8000 0 fold 
8888 1755 8000 245 raise 
2222 1900 8000 100 call 
4444 1900 8000 100 blind 
5555 1950 8000 50 blind 
total pot: 740 
/inquire 
recv from player 5555: fold 

send inquire msg to player 4444 
inquire/ 
5555 1950 8000 50 fold 
1111 2000 8000 0 fold 
6666 1755 8000 245 call 
7777 2000 8000 0 fold 
3333 2000 8000 0 fold 
8888 1755 8000 245 raise 
2222 1900 8000 100 call 
4444 1900 8000 100 blind 
total pot: 740 
/inquire 
recv from player 4444: raise 206 

send inquire msg to player 2222 
inquire/ 
4444 1549 8000 451 raise 
5555 1950 8000 50 fold 
1111 2000 8000 0 fold 
6666 1755 8000 245 call 
7777 2000 8000 0 fold 
3333 2000 8000 0 fold 
8888 1755 8000 245 raise 
2222 1900 8000 100 call 
total pot: 1091 
/inquire 
recv from player 2222: fold 

send inquire msg to player 8888 
inquire/ 
2222 1900 8000 100 fold 
4444 1549 8000 451 raise 
5555 1950 8000 50 fold 
1111 2000 8000 0 fold 
6666 1755 8000 245 call 
7777 2000 8000 0 fold 
3333 2000 8000 0 fold 
8888 1755 8000 245 raise 
total pot: 1091 
/inquire 
recv from player 8888: call 

send notify msg to player 7777 
notify/ 
3333 2000 8000 0 fold 
8888 1549 8000 451 call 
2222 1900 8000 100 fold 
4444 1549 8000 451 raise 
5555 1950 8000 50 fold 
1111 2000 8000 0 fold 
6666 1755 8000 245 call 
7777 2000 8000 0 fold 
total pot: 1297 
/notify 
send inquire msg to player 6666 
inquire/ 
7777 2000 8000 0 fold 
3333 2000 8000 0 fold 
8888 1549 8000 451 call 
2222 1900 8000 100 fold 
4444 1549 8000 451 raise 
5555 1950 8000 50 fold 
1111 2000 8000 0 fold 
6666 1755 8000 245 call 
total pot: 1297 
/inquire 
recv from player 6666: call 

flop/ 
CLUBS 6 
CLUBS 2 
CLUBS 8 
/flop 

---flop round bet---
valid player: 8, all in player: 0, fold player: 5
send inquire msg to player 4444 
inquire/ 
5555 1950 8000 50 fold 
1111 2000 8000 0 fold 
6666 1549 8000 451 call 
7777 2000 8000 0 fold 
3333 2000 8000 0 fold 
8888 1549 8000 451 call 
2222 1900 8000 100 fold 
4444 1549 8000 451 raise 
total pot: 1503 
/inquire 
recv from player 4444: call 

send notify msg to player 2222 
notify/ 
4444 1549 8000 451 check 
5555 1950 8000 50 fold 
1111 2000 8000 0 fold 
6666 1549 8000 451 call 
7777 2000 8000 0 fold 
3333 2000 8000 0 fold 
8888 1549 8000 451 call 
2222 1900 8000 100 fold 
total pot: 1503 
/notify 
send inquire msg to player 8888 
inquire/ 
2222 1900 8000 100 fold 
4444 1549 8000 451 check 
5555 1950 8000 50 fold 
1111 2000 8000 0 fold 
6666 1549 8000 451 call 
7777 2000 8000 0 fold 
3333 2000 8000 0 fold 
8888 1549 8000 451 call 
total pot: 1503 
/inquire 
recv from player 8888: call 

send notify msg to player 7777 
notify/ 
3333 2000 8000 0 fold 
8888 1549 8000 451 check 
2222 1900 8000 100 fold 
4444 1549 8000 451 check 
5555 1950 8000 50 fold 
1111 2000 8000 0 fold 
6666 1549 8000 451 call 
7777 2000 8000 0 fold 
total pot: 1503 
/notify 
send inquire msg to player 6666 
inquire/ 
7777 2000 8000 0 fold 
3333 2000 8000 0 fold 
8888 1549 8000 451 check 
2222 1900 8000 100 fold 
4444 1549 8000 451 check 
5555 1950 8000 50 fold 
1111 2000 8000 0 fold 
6666 1549 8000 451 call 
total pot: 1503 
/inquire 
recv from player 6666: call 

turn/ 
SPADES 8 
/turn 

---turn round bet---
valid player: 8, all in player: 0, fold player: 5
send inquire msg to player 4444 
inquire/ 
5555 1950 8000 50 fold 
1111 2000 8000 0 fold 
6666 1549 8000 451 check 
7777 2000 8000 0 fold 
3333 2000 8000 0 fold 
8888 1549 8000 451 check 
2222 1900 8000 100 fold 
4444 1549 8000 451 check 
total pot: 1503 
/inquire 
recv from player 4444: call 

send notify msg to player 2222 
notify/ 
4444 1549 8000 451 check 
5555 1950 8000 50 fold 
1111 2000 8000 0 fold 
6666 1549 8000 451 check 
7777 2000 8000 0 fold 
3333 2000 8000 0 fold 
8888 1549 8000 451 check 
2222 1900 8000 100 fold 
total pot: 1503 
/notify 
send inquire msg to player 8888 
inquire/ 
2222 1900 8000 100 fold 
4444 1549 8000 451 check 
5555 1950 8000 50 fold 
1111 2000 8000 0 fold 
6666 1549 8000 451 check 
7777 2000 8000 0 fold 
3333 2000 8000 0 fold 
8888 1549 8000 451 check 
total pot: 1503 
/inquire 
recv from player 8888: call 

send notify msg to player 7777 
notify/ 
3333 2000 8000 0 fold 
8888 1549 8000 451 check 
2222 1900 8000 100 fold 
4444 1549 8000 451 check 
5555 1950 8000 50 fold 
1111 2000 8000 0 fold 
6666 1549 8000 451 check 
7777 2000 8000 0 fold 
total pot: 1503 
/notify 
send inquire msg to player 6666 
inquire/ 
7777 2000 8000 0 fold 
3333 2000 8000 0 fold 
8888 1549 8000 451 check 
2222 1900 8000 100 fold 
4444 1549 8000 451 check 
5555 1950 8000 50 fold 
1111 2000 8000 0 fold 
6666 1549 8000 451 check 
total pot: 1503 
/inquire 
recv from player 6666: raise 179 

send notify msg to player 1111 
notify/ 
6666 1370 8000 630 raise 
7777 2000 8000 0 fold 
3333 2000 8000 0 fold 
8888 1549 8000 451 check 
2222 1900 8000 100 fold 
4444 1549 8000 451 check 
5555 1950 8000 50 fold 
1111 2000 8000 0 fold 
total pot: 1682 
/notify 
send inquire msg to player 4444 
inquire/ 
5555 1950 8000 50 fold 
1111 2000 8000 0 fold 
6666 1370 8000 630 raise 
7777 2000 8000 0 fold 
3333 2000 8000 0 fold 
8888 1549 8000 451 check 
2222 1900 8000 100 fold 
4444 1549 8000 451 check 
total pot: 1682 
/inquire 
recv from player 4444: call 

send notify msg to player 2222 
notify/ 
4444 1370 8000 630 call 
5555 1950 8000 50 fold 
1111 2000 8000 0 fold 
6666 1370 8000 630 raise 
7777 2000 8000 0 fold 
3333 2000 8000 0 fold 
8888 1549 8000 451 check 
2222 1900 8000 100 fold 
total pot: 1861 
/notify 
send inquire msg to player 8888 
inquire/ 
2222 1900 8000 100 fold 
4444 1370 8000 630 call 
5555 1950 8000 50 fold 
1111 2000 8000 0 fold 
6666 1370 8000 630 raise 
7777 2000 8000 0 fold 
3333 2000 8000 0 fold 
8888 1549 8000 451 check 
total pot: 1861 
/inquire 
recv from player 8888: call 

river/ 
CLUBS 4 
/river 

---river round bet---
valid player: 8, all in player: 0, fold player: 5
send inquire msg to player 4444 
inquire/ 
5555 1950 8000 50 fold 
1111 2000 8000 0 fold 
6666 1370 8000 630 raise 
7777 2000 8000 0 fold 
3333 2000 8000 0 fold 
8888 1370 8000 630 call 
2222 1900 8000 100 fold 
4444 1370 8000 630 call 
total pot: 2040 
/inquire 
recv from player 4444: call 

send notify msg to player 2222 
notify/ 
4444 1370 8000 630 check 
5555 1950 8000 50 fold 
1111 2000 8000 0 fold 
6666 1370 8000 630 raise 
7777 2000 8000 0 fold 
3333 2000 8000 0 fold 
8888 1370 8000 630 call 
2222 1900 8000 100 fold 
total pot: 2040 
/notify 
send inquire msg to player 8888 
inquire/ 
2222 1900 8000 100 fold 
4444 1370 8000 630 check 
5555 1950 8000 50 fold 
1111 2000 8000 0 fold 
6666 1370 8000 630 raise 
7777 2000 8000 0 fold 
3333 2000 8000 0 fold 
8888 1370 8000 630 call 
total pot: 2040 
/inquire 
recv from player 8888: call 

send notify msg to player 7777 
notify/ 
3333 2000 8000 0 fold 
8888 1370 8000 630 check 
2222 1900 8000 100 fold 
4444 1370 8000 630 check 
5555 1950 8000 50 fold 
1111 2000 8000 0 fold 
6666 1370 8000 630 raise 
7777 2000 8000 0 fold 
total pot: 2040 
/notify 
send inquire msg to player 6666 
inquire/ 
7777 2000 8000 0 fold 
3333 2000 8000 0 fold 
8888 1370 8000 630 check 
2222 1900 8000 100 fold 
4444 1370 8000 630 check 
5555 1950 8000 50 fold 
1111 2000 8000 0 fold 
6666 1370 8000 630 raise 
total pot: 2040 
/inquire 
recv from player 6666: call 


----- notify msg last round -----
send notify msg to player 1111 
notify/ 
6666 1370 8000 630 check 
7777 2000 8000 0 fold 
3333 2000 8000 0 fold 
8888 1370 8000 630 check 
2222 1900 8000 100 fold 
4444 1370 8000 630 check 
5555 1950 8000 50 fold 
1111 2000 8000 0 fold 
total pot: 2040 
/notify 
send notify msg to player 4444 
notify/ 
5555 1950 8000 50 fold 
1111 2000 8000 0 fold 
6666 1370 8000 630 check 
7777 2000 8000 0 fold 
3333 2000 8000 0 fold 
8888 1370 8000 630 check 
2222 1900 8000 100 fold 
4444 1370 8000 630 check 
total pot: 2040 
/notify 
send notify msg to player 2222 
notify/ 
4444 1370 8000 630 check 
5555 1950 8000 50 fold 
1111 2000 8000 0 fold 
6666 1370 8000 630 check 
7777 2000 8000 0 fold 
3333 2000 8000 0 fold 
8888 1370 8000 630 check 
2222 1900 8000 100 fold 
total pot: 2040 
/notify 
send notify msg to player 8888 
notify/ 
2222 1900 8000 100 fold 
4444 1370 8000 630 check 
5555 1950 8000 50 fold 
1111 2000 8000 0 fold 
6666 1370 8000 630 check 
7777 2000 8000 0 fold 
3333 2000 8000 0 fold 
8888 1370 8000 630 check 
total pot: 2040 
/notify 
send notify msg to player 7777 
notify/ 
3333 2000 8000 0 fold 
8888 1370 8000 630 check 
2222 1900 8000 100 fold 
4444 1370 8000 630 check 
5555 1950 8000 50 fold 
1111 2000 8000 0 fold 
6666 1370 8000 630 check 
7777 2000 8000 0 fold 
total pot: 2040 
/notify 
send notify msg to player 6666 
notify/ 
7777 2000 8000 0 fold 
3333 2000 8000 0 fold 
8888 1370 8000 630 check 
2222 1900 8000 100 fold 
4444 1370 8000 630 check 
5555 1950 8000 50 fold 
1111 2000 8000 0 fold 
6666 1370 8000 630 check 
total pot: 2040 
/notify 

---show down---
showdown/ 
common/ 
CLUBS 6 
CLUBS 2 
CLUBS 8 
SPADES 8 
CLUBS 4 
/common 
3: 4444 SPADES Q SPADES A ONE_PAIR 
2: 8888 SPADES 9 SPADES 6 TWO_PAIR 
1: 6666 DIAMONDS 8 DIAMONDS 5 THREE_OF_A_KIND 
/showdown 

---Allocate pot---
pot-win/ 
6666: 2040 
/pot-win 
it is player 5555's turn to be button

-----2 Hand-----

----- clean player data in socket -----
seat/ 
button: 5555 1950 8000 
small blind: 4444 1370 8000 
big blind: 2222 1900 8000 
8888 1370 8000 
3333 2000 8000 
7777 2000 8000 
6666 3410 8000 
1111 2000 8000 
/seat 
blind/ 
4444: 50 
2222: 100 
/blind 
player 4444:hold/ 
SPADES A 
DIAMONDS 5 
/hold 
player 2222:hold/ 
HEARTS K 
HEARTS 4 
/hold 
player 8888:hold/ 
HEARTS 7 
SPADES 9 
/hold 
player 3333:hold/ 
DIAMONDS 6 
HEARTS Q 
/hold 
player 7777:hold/ 
SPADES 2 
DIAMONDS 8 
/hold 
player 6666:hold/ 
HEARTS 10 
DIAMONDS 3 
/hold 
player 1111:hold/ 
SPADES 7 
CLUBS 4 
/hold 
player 5555:hold/ 
SPADES J 
CLUBS K 
/hold 

---pre flop round bet---
valid player: 8, all in player: 0, fold player: 0
send inquire msg to player 8888 
inquire/ 
2222 1800 8000 100 blind 
4444 1320 8000 50 blind 
total pot: 150 
/inquire 
recv from player 8888: call 

send inquire msg to player 3333 
inquire/ 
8888 1270 8000 100 call 
2222 1800 8000 100 blind 
4444 1320 8000 50 blind 
total pot: 250 
/inquire 
recv from player 3333: fold 

send inquire msg to player 7777 
inquire/ 
3333 2000 8000 0 fold 
8888 1270 8000 100 call 
2222 1800 8000 100 blind 
4444 1320 8000 50 blind 
total pot: 250 
/inquire 
recv from player 7777: fold 

send inquire msg to player 6666 
inquire/ 
7777 2000 8000 0 fold 
3333 2000 8000 0 fold 
8888 1270 8000 100 call 
2222 1800 8000 100 blind 
4444 1320 8000 50 blind 
total pot: 250 
/inquire 
recv from player 6666: fold 

send inquire msg to player 1111 
inquire/ 
6666 3410 8000 0 fold 
7777 2000 8000 0 fold 
3333 2000 8000 0 fold 
8888 1270 8000 100 call 
2222 1800 8000 100 blind 
4444 1320 8000 50 blind 
total pot: 250 
/inquire 
recv from player 1111: fold 

send inquire msg to player 5555 
inquire/ 
1111 2000 8000 0 fold 
6666 3410 8000 0 fold 
7777 2000 8000 0 fold 
3333 2000 8000 0 fold 
8888 1270 8000 100 call 
2222 1800 8000 100 blind 
4444 1320 8000 50 blind 
total pot: 250 
/inquire 
recv from player 5555: call 

send inquire msg to player 4444 
inquire/ 
5555 1850 8000 100 call 
1111 2000 8000 0 fold 
6666 3410 8000 0 fold 
7777 2000 8000 0 fold 
3333 2000 8000 0 fold 
8888 1270 8000 100 call 
2222 1800 8000 100 blind 
4444 1320 8000 50 blind 
total pot: 350 
/inquire 
recv from player 4444: call 

send inquire msg to player 2222 
inquire/ 
4444 1270 8000 100 call 
5555 1850 8000 100 call 
1111 2000 8000 0 fold 
6666 3410 8000 0 fold 
7777 2000 8000 0 fold 
3333 2000 8000 0 fold 
8888 1270 8000 100 call 
2222 1800 8000 100 blind 
total pot: 400 
/inquire 
recv from player 2222: call 

flop/ 
DIAMONDS 2 
HEARTS 2 
CLUBS 10 
/flop 

---flop round bet---
valid player: 8, all in player: 0, fold player: 4
send inquire msg to player 4444 
inquire/ 
5555 1850 8000 100 call 
1111 2000 8000 0 fold 
6666 3410 8000 0 fold 
7777 2000 8000 0 fold 
3333 2000 8000 0 fold 
8888 1270 8000 100 call 
2222 1800 8000 100 check 
4444 1270 8000 100 call 
total pot: 400 
/inquire 
recv from player 4444: call 

send inquire msg to player 2222 
inquire/ 
4444 1270 8000 100 check 
5555 1850 8000 100 call 
1111 2000 8000 0 fold 
6666 3410 8000 0 fold 
7777 2000 8000 0 fold 
3333 2000 8000 0 fold 
8888 1270 8000 100 call 
2222 1800 8000 100 check 
total pot: 400 
/inquire 
recv from player 2222: call 

send inquire msg to player 8888 
inquire/ 
2222 1800 8000 100 check 
4444 1270 8000 100 check 
5555 1850 8000 100 call 
1111 2000 8000 0 fold 
6666 3410 8000 0 fold 
7777 2000 8000 0 fold 
3333 2000 8000 0 fold 
8888 1270 8000 100 call 
total pot: 400 
/inquire 
recv from player 8888: call 

send notify msg to player 7777 
notify/ 
3333 2000 8000 0 fold 
8888 1270 8000 100 check 
2222 1800 8000 100 check 
4444 1270 8000 100 check 
5555 1850 8000 100 call 
1111 2000 8000 0 fold 
6666 3410 8000 0 fold 
7777 2000 8000 0 fold 
total pot: 400 
/notify 
send notify msg to player 6666 
notify/ 
7777 2000 8000 0 fold 
3333 2000 8000 0 fold 
8888 1270 8000 100 check 
2222 1800 8000 100 check 
4444 1270 8000 100 check 
5555 1850 8000 100 call 
1111 2000 8000 0 fold 
6666 3410 8000 0 fold 
total pot: 400 
/notify 
send notify msg to player 1111 
notify/ 
6666 3410 8000 0 fold 
7777 2000 8000 0 fold 
3333 2000 8000 0 fold 
8888 1270 8000 100 check 
2222 1800 8000 100 check 
4444 1270 8000 100 check 
5555 1850 8000 100 call 
1111 2000 8000 0 fold 
total pot: 400 
/notify 
send inquire msg to player 5555 
inquire/ 
1111 2000 8000 0 fold 
6666 3410 8000 0 fold 
7777 2000 8000 0 fold 
3333 2000 8000 0 fold 
8888 1270 8000 100 check 
2222 1800 8000 100 check 
4444 1270 8000 100 check 
5555 1850 8000 100 call 
total pot: 400 
/inquire 
recv from player 5555: call 

turn/ 
DIAMONDS 4 
/turn 

---turn round bet---
valid player: 8, all in player: 0, fold player: 4
send inquire msg to player 4444 
inquire/ 
5555 1850 8000 100 check 
1111 2000 8000 0 fold 
6666 3410 8000 0 fold 
7777 2000 8000 0 fold 
3333 2000 8000 0 fold 
8888 1270 8000 100 check 
2222 1800 8000 100 check 
4444 1270 8000 100 check 
total pot: 400 
/inquire 
recv from player 4444: call 

send inquire msg to player 2222 
inquire/ 
4444 1270 8000 100 check 
5555 1850 8000 100 check 
1111 2000 8000 0 fold 
6666 3410 8000 0 fold 
7777 2000 8000 0 fold 
3333 2000 8000 0 fold 
8888 1270 8000 100 check 
2222 1800 8000 100 check 
total pot: 400 
/inquire 
recv from player 2222: call 

send inquire msg to player 8888 
inquire/ 
2222 1800 8000 100 check 
4444 1270 8000 100 check 
5555 1850 8000 100 check 
1111 2000 8000 0 fold 
6666 3410 8000 0 fold 
7777 2000 8000 0 fold 
3333 2000 8000 0 fold 
8888 1270 8000 100 check 
total pot: 400 
/inquire 
recv from player 8888: call 

send notify msg to player 7777 
notify/ 
3333 2000 8000 0 fold 
8888 1270 8000 100 check 
2222 1800 8000 100 check 
4444 1270 8000 100 check 
5555 1850 8000 100 check 
1111 2000 8000 0 fold 
6666 3410 8000 0 fold 
7777 2000 8000 0 fold 
total pot: 400 
/notify 
send notify msg to player 6666 
notify/ 
7777 2000 8000 0 fold 
3333 2000 8000 0 fold 
8888 1270 8000 100 check 
2222 1800 8000 100 check 
4444 1270 8000 100 check 
5555 1850 8000 100 check 
1111 2000 8000 0 fold 
6666 3410 8000 0 fold 
total pot: 400 
/notify 
send notify msg to player 1111 
notify/ 
6666 3410 8000 0 fold 
7777 2000 8000 0 fold 
3333 2000 8000 0 fold 
8888 1270 8000 100 check 
2222 1800 8000 100 check 
4444 1270 8000 100 check 
5555 1850 8000 100 check 
1111 2000 8000 0 fold 
total pot: 400 
/notify 
send inquire msg to player 5555 
inquire/ 
1111 2000 8000 0 fold 
6666 3410 8000 0 fold 
7777 2000 8000 0 fold 
3333 2000 8000 0 fold 
8888 1270 8000 100 check 
2222 1800 8000 100 check 
4444 1270 8000 100 check 
5555 1850 8000 100 check 
total pot: 400 
/inquire 
recv from player 5555: call 

river/ 
SPADES 3 
/river 

---river round bet---
valid player: 8, all in player: 0, fold player: 4
send inquire msg to player 4444 
inquire/ 
5555 1850 8000 100 check 
1111 2000 8000 0 fold 
6666 3410 8000 0 fold 
7777 2000 8000 0 fold 
3333 2000 8000 0 fold 
8888 1270 8000 100 check 
2222 1800 8000 100 check 
4444 1270 8000 100 check 
total pot: 400 
/inquire 
recv from player 4444: raise 605 

send inquire msg to player 2222 
inquire/ 
4444 665 8000 705 raise 
5555 1850 8000 100 check 
1111 2000 8000 0 fold 
6666 3410 8000 0 fold 
7777 2000 8000 0 fold 
3333 2000 8000 0 fold 
8888 1270 8000 100 check 
2222 1800 8000 100 check 
total pot: 1005 
/inquire 
recv from player 2222: fold 

send inquire msg to player 8888 
inquire/ 
2222 1800 8000 100 fold 
4444 665 8000 705 raise 
5555 1850 8000 100 check 
1111 2000 8000 0 fold 
6666 3410 8000 0 fold 
7777 2000 8000 0 fold 
3333 2000 8000 0 fold 
8888 1270 8000 100 check 
total pot: 1005 
/inquire 
recv from player 8888: fold 

send notify msg to player 7777 
notify/ 
3333 2000 8000 0 fold 
8888 1270 8000 100 fold 
2222 1800 8000 100 fold 
4444 665 8000 705 raise 
5555 1850 8000 100 check 
1111 2000 8000 0 fold 
6666 3410 8000 0 fold 
7777 2000 8000 0 fold 
total pot: 1005 
/notify 
send notify msg to player 6666 
notify/ 
7777 2000 8000 0 fold 
3333 2000 8000 0 fold 
8888 1270 8000 100 fold 
2222 1800 8000 100 fold 
4444 665 8000 705 raise 
5555 1850 8000 100 check 
1111 2000 8000 0 fold 
6666 3410 8000 0 fold 
total pot: 1005 
/notify 
send notify msg to player 1111 
notify/ 
6666 3410 8000 0 fold 
7777 2000 8000 0 fold 
3333 2000 8000 0 fold 
8888 1270 8000 100 fold 
2222 1800 8000 100 fold 
4444 665 8000 705 raise 
5555 1850 8000 100 check 
1111 2000 8000 0 fold 
total pot: 1005 
/notify 
send inquire msg to player 5555 
inquire/ 
1111 2000 8000 0 fold 
6666 3410 8000 0 fold 
7777 2000 8000 0 fold 
3333 2000 8000 0 fold 
8888 1270 8000 100 fold 
2222 1800 8000 100 fold 
4444 665 8000 705 raise 
5555 1850 8000 100 check 
total pot: 1005 
/inquire 
recv from player 5555: fold 


----- notify msg last round -----
send notify msg to player 4444 
notify/ 
5555 1850 8000 100 fold 
1111 2000 8000 0 fold 
6666 3410 8000 0 fold 
7777 2000 8000 0 fold 
3333 2000 8000 0 fold 
8888 1270 8000 100 fold 
2222 1800 8000 100 fold 
4444 665 8000 705 raise 
total pot: 1005 
/notify 
send notify msg to player 2222 
notify/ 
4444 665 8000 705 raise 
5555 1850 8000 100 fold 
1111 2000 8000 0 fold 
6666 3410 8000 0 fold 
7777 2000 8000 0 fold 
3333 2000 8000 0 fold 
8888 1270 8000 100 fold 
2222 1800 8000 100 fold 
total pot: 1005 
/notify 
send notify msg to player 8888 
notify/ 
2222 1800 8000 100 fold 
4444 665 8000 705 raise 
5555 1850 8000 100 fold 
1111 2000 8000 0 fold 
6666 3410 8000 0 fold 
7777 2000 8000 0 fold 
3333 2000 8000 0 fold 
8888 1270 8000 100 fold 
total pot: 1005 
/notify 
send notify msg to player 7777 
notify/ 
3333 2000 8000 0 fold 
8888 1270 8000 100 fold 
2222 1800 8000 100 fold 
4444 665 8000 705 raise 
5555 1850 8000 100 fold 
1111 2000 8000 0 fold 
6666 3410 8000 0 fold 
7777 2000 8000 0 fold 
total pot: 1005 
/notify 
send notify msg to player 6666 
notify/ 
7777 2000 8000 0 fold 
3333 2000 8000 0 fold 
8888 1270 8000 100 fold 
2222 1800 8000 100 fold 
4444 665 8000 705 raise 
5555 1850 8000 100 fold 
1111 2000 8000 0 fold 
6666 3410 8000 0 fold 
total pot: 1005 
/notify 
send notify msg to player 1111 
notify/ 
6666 3410 8000 0 fold 
7777 2000 8000 0 fold 
3333 2000 8000 0 fold 
8888 1270 8000 100 fold 
2222 1800 8000 100 fold 
4444 665 8000 705 raise 
5555 1850 8000 100 fold 
1111 2000 8000 0 fold 
total pot: 1005 
/notify 

--- 1 players not fold, don't need show down---

---Allocate pot---
Only player at seat 0 not fold, win all the pot 1005
pot-win/ 
4444: 1005 
/pot-win 
it is player 4444's turn to be button

-----3 Hand-----

----- clean player data in socket -----
seat/ 
button: 4444 1670 8000 
small blind: 2222 1800 8000 
big blind: 8888 1270 8000 
3333 2000 8000 
7777 2000 8000 
6666 3410 8000 
1111 2000 8000 
5555 1850 8000 
/seat 
blind/ 
2222: 50 
8888: 100 
/blind 
player 2222:hold/ 
HEARTS Q 
HEARTS 10 
/hold 
player 8888:hold/ 
DIAMONDS 2 
CLUBS 9 
/hold 
player 3333:hold/ 
DIAMONDS Q 
DIAMONDS 6 
/hold 
player 7777:hold/ 
SPADES 4 
SPADES 5 
/hold 
player 6666:hold/ 
DIAMONDS 9 
HEARTS 6 
/hold 
player 1111:hold/ 
DIAMONDS J 
SPADES 3 
/hold 
player 5555:hold/ 
CLUBS 5 
CLUBS 4 
/hold 
player 4444:hold/ 
SPADES A 
DIAMONDS 5 
/hold 

---pre flop round bet---
valid player: 8, all in player: 0, fold player: 0
send inquire msg to player 3333 
inquire/ 
8888 1170 8000 100 blind 
2222 1750 8000 50 blind 
total pot: 150 
/inquire 
recv from player 3333: fold 

send inquire msg to player 7777 
inquire/ 
3333 2000 8000 0 fold 
8888 1170 8000 100 blind 
2222 1750 8000 50 blind 
total pot: 150 
/inquire 
recv from player 7777: fold 

send inquire msg to player 6666 
inquire/ 
7777 2000 8000 0 fold 
3333 2000 8000 0 fold 
8888 1170 8000 100 blind 
2222 1750 8000 50 blind 
total pot: 150 
/inquire 
recv from player 6666: raise 110 

send inquire msg to player 1111 
inquire/ 
6666 3200 8000 210 raise 
7777 2000 8000 0 fold 
3333 2000 8000 0 fold 
8888 1170 8000 100 blind 
2222 1750 8000 50 blind 
total pot: 360 
/inquire 
recv from player 1111: fold 

send inquire msg to player 5555 
inquire/ 
1111 2000 8000 0 fold 
6666 3200 8000 210 raise 
7777 2000 8000 0 fold 
3333 2000 8000 0 fold 
8888 1170 8000 100 blind 
2222 1750 8000 50 blind 
total pot: 360 
/inquire 
recv from player 5555: fold 

send inquire msg to player 4444 
inquire/ 
5555 1850 8000 0 fold 
1111 2000 8000 0 fold 
6666 3200 8000 210 raise 
7777 2000 8000 0 fold 
3333 2000 8000 0 fold 
8888 1170 8000 100 blind 
2222 1750 8000 50 blind 
total pot: 360 
/inquire 
recv from player 4444: fold 

send inquire msg to player 2222 
inquire/ 
4444 1670 8000 0 fold 
5555 1850 8000 0 fold 
1111 2000 8000 0 fold 
6666 3200 8000 210 raise 
7777 2000 8000 0 fold 
3333 2000 8000 0 fold 
8888 1170 8000 100 blind 
2222 1750 8000 50 blind 
total pot: 360 
/inquire 
recv from player 2222: call 

send inquire msg to player 8888 
inquire/ 
2222 1590 8000 210 call 
4444 1670 8000 0 fold 
5555 1850 8000 0 fold 
1111 2000 8000 0 fold 
6666 3200 8000 210 raise 
7777 2000 8000 0 fold 
3333 2000 8000 0 fold 
8888 1170 8000 100 blind 
total pot: 520 
/inquire 
recv from player 8888: call 

flop/ 
SPADES J 
CLUBS 3 
HEARTS 5 
/flop 

---flop round bet---
valid player: 8, all in player: 0, fold player: 5
send inquire msg to player 2222 
inquire/ 
4444 1670 8000 0 fold 
5555 1850 8000 0 fold 
1111 2000 8000 0 fold 
6666 3200 8000 210 raise 
7777 2000 8000 0 fold 
3333 2000 8000 0 fold 
8888 1060 8000 210 call 
2222 1590 8000 210 call 
total pot: 630 
/inquire 
recv from player 2222: call 

send inquire msg to player 8888 
inquire/ 
2222 1590 8000 210 check 
4444 1670 8000 0 fold 
5555 1850 8000 0 fold 
1111 2000 8000 0 fold 
6666 3200 8000 210 raise 
7777 2000 8000 0 fold 
3333 2000 8000 0 fold 
8888 1060 8000 210 call 
total pot: 630 
/inquire 
recv from player 8888: call 

send notify msg to player 7777 
notify/ 
3333 2000 8000 0 fold 
8888 1060 8000 210 check 
2222 1590 8000 210 check 
4444 1670 8000 0 fold 
5555 1850 8000 0 fold 
1111 2000 8000 0 fold 
6666 3200 8000 210 raise 
7777 2000 8000 0 fold 
total pot: 630 
/notify 
send inquire msg to player 6666 
inquire/ 
7777 2000 8000 0 fold 
3333 2000 8000 0 fold 
8888 1060 8000 210 check 
2222 1590 8000 210 check 
4444 1670 8000 0 fold 
5555 1850 8000 0 fold 
1111 2000 8000 0 fold 
6666 3200 8000 210 raise 
total pot: 630 
/inquire 
recv from player 6666: call 

turn/ 
SPADES K 
/turn 

---turn round bet---
valid player: 8, all in player: 0, fold player: 5
send inquire msg to player 2222 
inquire/ 
4444 1670 8000 0 fold 
5555 1850 8000 0 fold 
1111 2000 8000 0 fold 
6666 3200 8000 210 check 
7777 2000 8000 0 fold 
3333 2000 8000 0 fold 
8888 1060 8000 210 check 
2222 1590 8000 210 check 
total pot: 630 
/inquire 
recv from player 2222: call 

send inquire msg to player 8888 
inquire/ 
2222 1590 8000 210 check 
4444 1670 8000 0 fold 
5555 1850 8000 0 fold 
1111 2000 8000 0 fold 
6666 3200 8000 210 check 
7777 2000 8000 0 fold 
3333 2000 8000 0 fold 
8888 1060 8000 210 check 
total pot: 630 
/inquire 
recv from player 8888: call 

send notify msg to player 7777 
notify/ 
3333 2000 8000 0 fold 
8888 1060 8000 210 check 
2222 1590 8000 210 check 
4444 1670 8000 0 fold 
5555 1850 8000 0 fold 
1111 2000 8000 0 fold 
6666 3200 8000 210 check 
7777 2000 8000 0 fold 
total pot: 630 
/notify 
send inquire msg to player 6666 
inquire/ 
7777 2000 8000 0 fold 
3333 2000 8000 0 fold 
8888 1060 8000 210 check 
2222 1590 8000 210 check 
4444 1670 8000 0 fold 
5555 1850 8000 0 fold 
1111 2000 8000 0 fold 
6666 3200 8000 210 check 
total pot: 630 
/inquire 
recv from player 6666: call 

river/ 
SPADES 7 
/river 

---river round bet---
valid player: 8, all in player: 0, fold player: 5
send inquire msg to player 2222 
inquire/ 
4444 1670 8000 0 fold 
5555 1850 8000 0 fold 
1111 2000 8000 0 fold 
6666 3200 8000 210 check 
7777 2000 8000 0 fold 
3333 2000 8000 0 fold 
8888 1060 8000 210 check 
2222 1590 8000 210 check 
total pot: 630 
/inquire 
recv from player 2222: call 

send inquire msg to player 8888 
inquire/ 
2222 1590 8000 210 check 
4444 1670 8000 0 fold 
5555 1850 8000 0 fold 
1111 2000 8000 0 fold 
6666 3200 8000 210 check 
7777 2000 8000 0 fold 
3333 2000 8000 0 fold 
8888 1060 8000 210 check 
total pot: 630 
/inquire 
recv from player 8888: call 

send notify msg to player 7777 
notify/ 
3333 2000 8000 0 fold 
8888 1060 8000 210 check 
2222 1590 8000 210 check 
4444 1670 8000 0 fold 
5555 1850 8000 0 fold 
1111 2000 8000 0 fold 
6666 3200 8000 210 check 
7777 2000 8000 0 fold 
total pot: 630 
/notify 
send inquire msg to player 6666 
inquire/ 
7777 2000 8000 0 fold 
3333 2000 8000 0 fold 
8888 1060 8000 210 check 
2222 1590 8000 210 check 
4444 1670 8000 0 fold 
5555 1850 8000 0 fold 
1111 2000 8000 0 fold 
6666 3200 8000 210 check 
total pot: 630 
/inquire 
recv from player 6666: call 


----- notify msg last round -----
send notify msg to player 1111 
notify/ 
6666 3200 8000 210 check 
7777 2000 8000 0 fold 
3333 2000 8000 0 fold 
8888 1060 8000 210 check 
2222 1590 8000 210 check 
4444 1670 8000 0 fold 
5555 1850 8000 0 fold 
1111 2000 8000 0 fold 
total pot: 630 
/notify 
send notify msg to player 4444 
notify/ 
5555 1850 8000 0 fold 
1111 2000 8000 0 fold 
6666 3200 8000 210 check 
7777 2000 8000 0 fold 
3333 2000 8000 0 fold 
8888 1060 8000 210 check 
2222 1590 8000 210 check 
4444 1670 8000 0 fold 
total pot: 630 
/notify 
send notify msg to player 2222 
notify/ 
4444 1670 8000 0 fold 
5555 1850 8000 0 fold 
1111 2000 8000 0 fold 
6666 3200 8000 210 check 
7777 2000 8000 0 fold 
3333 2000 8000 0 fold 
8888 1060 8000 210 check 
2222 1590 8000 210 check 
total pot: 630 
/notify 
send notify msg to player 8888 
notify/ 
2222 1590 8000 210 check 
4444 1670 8000 0 fold 
5555 1850 8000 0 fold 
1111 2000 8000 0 fold 
6666 3200 8000 210 check 
7777 2000 8000 0 fold 
3333 2000 8000 0 fold 
8888 1060 8000 210 check 
total pot: 630 
/notify 
send notify msg to player 7777 
notify/ 
3333 2000 8000 0 fold 
8888 1060 8000 210 check 
2222 1590 8000 210 check 
4444 1670 8000 0 fold 
5555 1850 8000 0 fold 
1111 2000 8000 0 fold 
6666 3200 8000 210 check 
7777 2000 8000 0 fold 
total pot: 630 
/notify 
send notify msg to player 6666 
notify/ 
7777 2000 8000 0 fold 
3333 2000 8000 0 fold 
8888 1060 8000 210 check 
2222 1590 8000 210 check 
4444 1670 8000 0 fold 
5555 1850 8000 0 fold 
1111 2000 8000 0 fold 
6666 3200 8000 210 check 
total pot: 630 
/notify 

---show down---
showdown/ 
common/ 
SPADES J 
CLUBS 3 
HEARTS 5 
SPADES K 
SPADES 7 
/common 
1: 2222 HEARTS Q HEARTS 10 HIGH_CARD 
3: 8888 DIAMONDS 2 CLUBS 9 HIGH_CARD 
2: 6666 DIAMONDS 9 HEARTS 6 HIGH_CARD 
/showdown 

---Allocate pot---
pot-win/ 
2222: 630 
/pot-win 
it is player 2222's turn to be button

-----4 Hand-----

----- clean player data in socket -----
seat/ 
button: 2222 2220 8000 
small blind: 8888 1060 8000 
big blind: 3333 2000 8000 
7777 2000 8000 
6666 3200 8000 
1111 2000 8000 
5555 1850 8000 
4444 1670 8000 
/seat 
blind/ 
8888: 50 
3333: 100 
/blind 
player 8888:hold/ 
DIAMONDS 9 
CLUBS 5 
/hold 
player 3333:hold/ 
CLUBS 2 
DIAMONDS 4 
/hold 
player 7777:hold/ 
CLUBS 9 
SPADES J 
/hold 
player 6666:hold/ 
SPADES 9 
HEARTS 9 
/hold 
player 1111:hold/ 
HEARTS 8 
CLUBS J 
/hold 
player 5555:hold/ 
HEARTS J 
SPADES 3 
/hold 
player 4444:hold/ 
SPADES 10 
CLUBS A 
/hold 
player 2222:hold/ 
DIAMONDS Q 
DIAMONDS 6 
/hold 

---pre flop round bet---
valid player: 8, all in player: 0, fold player: 0
send inquire msg to player 7777 
inquire/ 
3333 1900 8000 100 blind 
8888 1010 8000 50 blind 
total pot: 150 
/inquire 
recv from player 7777: fold 

send inquire msg to player 6666 
inquire/ 
7777 2000 8000 0 fold 
3333 1900 8000 100 blind 
8888 1010 8000 50 blind 
total pot: 150 
/inquire 
recv from player 6666: raise 400 

send inquire msg to player 1111 
inquire/ 
6666 2700 8000 500 raise 
7777 2000 8000 0 fold 
3333 1900 8000 100 blind 
8888 1010 8000 50 blind 
total pot: 650 
/inquire 
recv from player 1111: fold 

send inquire msg to player 5555 
inquire/ 
1111 2000 8000 0 fold 
6666 2700 8000 500 raise 
7777 2000 8000 0 fold 
3333 1900 8000 100 blind 
8888 1010 8000 50 blind 
total pot: 650 
/inquire 
recv from player 5555: fold 

send inquire msg to player 4444 
inquire/ 
5555 1850 8000 0 fold 
1111 2000 8000 0 fold 
6666 2700 8000 500 raise 
7777 2000 8000 0 fold 
3333 1900 8000 100 blind 
8888 1010 8000 50 blind 
total pot: 650 
/inquire 
recv from player 4444: fold 

send inquire msg to player 2222 
inquire/ 
4444 1670 8000 0 fold 
5555 1850 8000 0 fold 
1111 2000 8000 0 fold 
6666 2700 8000 500 raise 
7777 2000 8000 0 fold 
3333 1900 8000 100 blind 
8888 1010 8000 50 blind 
total pot: 650 
/inquire 
recv from player 2222: fold 

send inquire msg to player 8888 
inquire/ 
2222 2220 8000 0 fold 
4444 1670 8000 0 fold 
5555 1850 8000 0 fold 
1111 2000 8000 0 fold 
6666 2700 8000 500 raise 
7777 2000 8000 0 fold 
3333 1900 8000 100 blind 
8888 1010 8000 50 blind 
total pot: 650 
/inquire 
recv from player 8888: fold 

send inquire msg to player 3333 
inquire/ 
8888 1010 8000 50 fold 
2222 2220 8000 0 fold 
4444 1670 8000 0 fold 
5555 1850 8000 0 fold 
1111 2000 8000 0 fold 
6666 2700 8000 500 raise 
7777 2000 8000 0 fold 
3333 1900 8000 100 blind 
total pot: 650 
/inquire 
recv from player 3333: fold 


---flop round bet---
valid player: 8, all in player: 0, fold player: 7

---turn round bet---
valid player: 8, all in player: 0, fold player: 7

---river round bet---
valid player: 8, all in player: 0, fold player: 7

----- notify msg last round -----
send notify msg to player 7777 
notify/ 
3333 1900 8000 100 fold 
8888 1010 8000 50 fold 
2222 2220 8000 0 fold 
4444 1670 8000 0 fold 
5555 1850 8000 0 fold 
1111 2000 8000 0 fold 
6666 2700 8000 500 raise 
7777 2000 8000 0 fold 
total pot: 650 
/notify 
send notify msg to player 6666 
notify/ 
7777 2000 8000 0 fold 
3333 1900 8000 100 fold 
8888 1010 8000 50 fold 
2222 2220 8000 0 fold 
4444 1670 8000 0 fold 
5555 1850 8000 0 fold 
1111 2000 8000 0 fold 
6666 2700 8000 500 raise 
total pot: 650 
/notify 
send notify msg to player 1111 
notify/ 
6666 2700 8000 500 raise 
7777 2000 8000 0 fold 
3333 1900 8000 100 fold 
8888 1010 8000 50 fold 
2222 2220 8000 0 fold 
4444 1670 8000 0 fold 
5555 1850 8000 0 fold 
1111 2000 8000 0 fold 
total pot: 650 
/notify 
send notify msg to player 4444 
notify/ 
5555 1850 8000 0 fold 
1111 2000 8000 0 fold 
6666 2700 8000 500 raise 
7777 2000 8000 0 fold 
3333 1900 8000 100 fold 
8888 1010 8000 50 fold 
2222 2220 8000 0 fold 
4444 1670 8000 0 fold 
total pot: 650 
/notify 
send notify msg to player 2222 
notify/ 
4444 1670 8000 0 fold 
5555 1850 8000 0 fold 
1111 2000 8000 0 fold 
6666 2700 8000 500 raise 
7777 2000 8000 0 fold 
3333 1900 8000 100 fold 
8888 1010 8000 50 fold 
2222 2220 8000 0 fold 
total pot: 650 
/notify 
send notify msg to player 8888 
notify/ 
2222 2220 8000 0 fold 
4444 1670 8000 0 fold 
5555 1850 8000 0 fold 
1111 2000 8000 0 fold 
6666 2700 8000 500 raise 
7777 2000 8000 0 fold 
3333 1900 8000 100 fold 
8888 1010 8000 50 fold 
total pot: 650 
/notify 

--- 1 players not fold, don't need show down---

---Allocate pot---
Only player at seat 3 not fold, win all the pot 650
pot-win/ 
6666: 650 
/pot-win 
it is player 8888's turn to be button

-----5 Hand-----

----- clean player data in socket -----
seat/ 
button: 8888 1010 8000 
small blind: 3333 1900 8000 
big blind: 7777 2000 8000 
6666 3350 8000 
1111 2000 8000 
5555 1850 8000 
4444 1670 8000 
2222 2220 8000 
/seat 
blind/ 
3333: 50 
7777: 100 
/blind 
player 3333:hold/ 
SPADES A 
HEARTS 9 
/hold 
player 7777:hold/ 
SPADES 2 
CLUBS A 
/hold 
player 6666:hold/ 
DIAMONDS 5 
CLUBS 3 
/hold 
player 1111:hold/ 
HEARTS 7 
CLUBS J 
/hold 
player 5555:hold/ 
DIAMONDS 4 
HEARTS A 
/hold 
player 4444:hold/ 
CLUBS K 
DIAMONDS 6 
/hold 
player 2222:hold/ 
CLUBS 6 
DIAMONDS Q 
/hold 
player 8888:hold/ 
CLUBS 7 
CLUBS 2 
/hold 

---pre flop round bet---
valid player: 8, all in player: 0, fold player: 0
send inquire msg to player 6666 
inquire/ 
7777 1900 8000 100 blind 
3333 1850 8000 50 blind 
total pot: 150 
/inquire 
recv from player 6666: call 

send inquire msg to player 1111 
inquire/ 
6666 3250 8000 100 call 
7777 1900 8000 100 blind 
3333 1850 8000 50 blind 
total pot: 250 
/inquire 
recv from player 1111: call 

send inquire msg to player 5555 
inquire/ 
1111 1900 8000 100 call 
6666 3250 8000 100 call 
7777 1900 8000 100 blind 
3333 1850 8000 50 blind 
total pot: 350 
/inquire 
recv from player 5555: call 

send inquire msg to player 4444 
inquire/ 
5555 1750 8000 100 call 
1111 1900 8000 100 call 
6666 3250 8000 100 call 
7777 1900 8000 100 blind 
3333 1850 8000 50 blind 
total pot: 450 
/inquire 
recv from player 4444: call 

send inquire msg to player 2222 
inquire/ 
4444 1570 8000 100 call 
5555 1750 8000 100 call 
1111 1900 8000 100 call 
6666 3250 8000 100 call 
7777 1900 8000 100 blind 
3333 1850 8000 50 blind 
total pot: 550 
/inquire 
recv from player 2222: call 

send inquire msg to player 8888 
inquire/ 
2222 2120 8000 100 call 
4444 1570 8000 100 call 
5555 1750 8000 100 call 
1111 1900 8000 100 call 
6666 3250 8000 100 call 
7777 1900 8000 100 blind 
3333 1850 8000 50 blind 
total pot: 650 
/inquire 
recv from player 8888: call 

send inquire msg to player 3333 
inquire/ 
8888 910 8000 100 call 
2222 2120 8000 100 call 
4444 1570 8000 100 call 
5555 1750 8000 100 call 
1111 1900 8000 100 call 
6666 3250 8000 100 call 
7777 1900 8000 100 blind 
3333 1850 8000 50 blind 
total pot: 750 
/inquire 
recv from player 3333: call 

send inquire msg to player 7777 
inquire/ 
3333 1800 8000 100 call 
8888 910 8000 100 call 
2222 2120 8000 100 call 
4444 1570 8000 100 call 
5555 1750 8000 100 call 
1111 1900 8000 100 call 
6666 3250 8000 100 call 
7777 1900 8000 100 blind 
total pot: 800 
/inquire 
recv from player 7777: fold 

flop/ 
SPADES K 
SPADES J 
SPADES 10 
/flop 

---flop round bet---
valid player: 8, all in player: 0, fold player: 1
send inquire msg to player 3333 
inquire/ 
8888 910 8000 100 call 
2222 2120 8000 100 call 
4444 1570 8000 100 call 
5555 1750 8000 100 call 
1111 1900 8000 100 call 
6666 3250 8000 100 call 
7777 1900 8000 100 fold 
3333 1800 8000 100 call 
total pot: 800 
/inquire 
recv from player 3333: call 

send notify msg to player 7777 
notify/ 
3333 1800 8000 100 check 
8888 910 8000 100 call 
2222 2120 8000 100 call 
4444 1570 8000 100 call 
5555 1750 8000 100 call 
1111 1900 8000 100 call 
6666 3250 8000 100 call 
7777 1900 8000 100 fold 
total pot: 800 
/notify 
send inquire msg to player 6666 
inquire/ 
7777 1900 8000 100 fold 
3333 1800 8000 100 check 
8888 910 8000 100 call 
2222 2120 8000 100 call 
4444 1570 8000 100 call 
5555 1750 8000 100 call 
1111 1900 8000 100 call 
6666 3250 8000 100 call 
total pot: 800 
/inquire 
recv from player 6666: call 

send inquire msg to player 1111 
inquire/ 
6666 3250 8000 100 check 
7777 1900 8000 100 fold 
3333 1800 8000 100 check 
8888 910 8000 100 call 
2222 2120 8000 100 call 
4444 1570 8000 100 call 
5555 1750 8000 100 call 
1111 1900 8000 100 call 
total pot: 800 
/inquire 
recv from player 1111: call 

send inquire msg to player 5555 
inquire/ 
1111 1900 8000 100 check 
6666 3250 8000 100 check 
7777 1900 8000 100 fold 
3333 1800 8000 100 check 
8888 910 8000 100 call 
2222 2120 8000 100 call 
4444 1570 8000 100 call 
5555 1750 8000 100 call 
total pot: 800 
/inquire 
recv from player 5555: call 

send inquire msg to player 4444 
inquire/ 
5555 1750 8000 100 check 
1111 1900 8000 100 check 
6666 3250 8000 100 check 
7777 1900 8000 100 fold 
3333 1800 8000 100 check 
8888 910 8000 100 call 
2222 2120 8000 100 call 
4444 1570 8000 100 call 
total pot: 800 
/inquire 
recv from player 4444: call 

send inquire msg to player 2222 
inquire/ 
4444 1570 8000 100 check 
5555 1750 8000 100 check 
1111 1900 8000 100 check 
6666 3250 8000 100 check 
7777 1900 8000 100 fold 
3333 1800 8000 100 check 
8888 910 8000 100 call 
2222 2120 8000 100 call 
total pot: 800 
/inquire 
recv from player 2222: call 

send inquire msg to player 8888 
inquire/ 
2222 2120 8000 100 check 
4444 1570 8000 100 check 
5555 1750 8000 100 check 
1111 1900 8000 100 check 
6666 3250 8000 100 check 
7777 1900 8000 100 fold 
3333 1800 8000 100 check 
8888 910 8000 100 call 
total pot: 800 
/inquire 
recv from player 8888: call 

