

===VERSION 1.24===
---GAME START @ 2015-5-21-0-39-29---

wait registration for 30 seconds
reg: 3333 Ty_lxx 
reg: 7777 cleverbot need_notify 
reg: 4444 simplebot need_notify 
reg: 1111 simplebot need_notify 
reg: 2222 simplebot need_notify 
reg: 8888 simplebot need_notify 
reg: 6666 simplebot need_notify 
reg: 5555 young 
close registration

-----1 Hand-----

----- clean player data in socket -----
seat/ 
button: 4444 2000 8000 
small blind: 2222 2000 8000 
big blind: 7777 2000 8000 
6666 2000 8000 
1111 2000 8000 
3333 2000 8000 
8888 2000 8000 
5555 2000 8000 
/seat 
blind/ 
2222: 50 
7777: 100 
/blind 
player 2222:hold/ 
DIAMONDS 2 
SPADES 5 
/hold 
player 7777:hold/ 
CLUBS 4 
DIAMONDS 6 
/hold 
player 6666:hold/ 
SPADES 3 
HEARTS J 
/hold 
player 1111:hold/ 
CLUBS 5 
SPADES 7 
/hold 
player 3333:hold/ 
DIAMONDS 5 
SPADES 6 
/hold 
player 8888:hold/ 
DIAMONDS 8 
HEARTS 9 
/hold 
player 5555:hold/ 
HEARTS 10 
DIAMONDS 7 
/hold 
player 4444:hold/ 
DIAMONDS 9 
DIAMONDS 3 
/hold 

---pre flop round bet---
valid player: 8, all in player: 0, fold player: 0
send inquire msg to player 6666 
inquire/ 
7777 1900 8000 100 blind 
2222 1950 8000 50 blind 
total pot: 150 
/inquire 
recv from player 6666: call 

send inquire msg to player 1111 
inquire/ 
6666 1900 8000 100 call 
7777 1900 8000 100 blind 
2222 1950 8000 50 blind 
total pot: 250 
/inquire 
recv from player 1111: call 

send inquire msg to player 3333 
inquire/ 
1111 1900 8000 100 call 
6666 1900 8000 100 call 
7777 1900 8000 100 blind 
2222 1950 8000 50 blind 
total pot: 350 
/inquire 
recv from player 3333: fold 

send inquire msg to player 8888 
inquire/ 
3333 2000 8000 0 fold 
1111 1900 8000 100 call 
6666 1900 8000 100 call 
7777 1900 8000 100 blind 
2222 1950 8000 50 blind 
total pot: 350 
/inquire 
recv from player 8888: raise 113 

send inquire msg to player 5555 
inquire/ 
8888 1787 8000 213 raise 
3333 2000 8000 0 fold 
1111 1900 8000 100 call 
6666 1900 8000 100 call 
7777 1900 8000 100 blind 
2222 1950 8000 50 blind 
total pot: 563 
/inquire 
recv from player 5555: fold 

send inquire msg to player 4444 
inquire/ 
5555 2000 8000 0 fold 
8888 1787 8000 213 raise 
3333 2000 8000 0 fold 
1111 1900 8000 100 call 
6666 1900 8000 100 call 
7777 1900 8000 100 blind 
2222 1950 8000 50 blind 
total pot: 563 
/inquire 
recv from player 4444: fold 

send inquire msg to player 2222 
inquire/ 
4444 2000 8000 0 fold 
5555 2000 8000 0 fold 
8888 1787 8000 213 raise 
3333 2000 8000 0 fold 
1111 1900 8000 100 call 
6666 1900 8000 100 call 
7777 1900 8000 100 blind 
2222 1950 8000 50 blind 
total pot: 563 
/inquire 
recv from player 2222: fold 

send inquire msg to player 7777 
inquire/ 
2222 1950 8000 50 fold 
4444 2000 8000 0 fold 
5555 2000 8000 0 fold 
8888 1787 8000 213 raise 
3333 2000 8000 0 fold 
1111 1900 8000 100 call 
6666 1900 8000 100 call 
7777 1900 8000 100 blind 
total pot: 563 
/inquire 
recv from player 7777: fold 

send inquire msg to player 6666 
inquire/ 
7777 1900 8000 100 fold 
2222 1950 8000 50 fold 
4444 2000 8000 0 fold 
5555 2000 8000 0 fold 
8888 1787 8000 213 raise 
3333 2000 8000 0 fold 
1111 1900 8000 100 call 
6666 1900 8000 100 call 
total pot: 563 
/inquire 
recv from player 6666: call 

send inquire msg to player 1111 
inquire/ 
6666 1787 8000 213 call 
7777 1900 8000 100 fold 
2222 1950 8000 50 fold 
4444 2000 8000 0 fold 
5555 2000 8000 0 fold 
8888 1787 8000 213 raise 
3333 2000 8000 0 fold 
1111 1900 8000 100 call 
total pot: 676 
/inquire 
recv from player 1111: call 

flop/ 
DIAMONDS 4 
DIAMONDS A 
CLUBS 6 
/flop 

---flop round bet---
valid player: 8, all in player: 0, fold player: 5
send notify msg to player 2222 
notify/ 
4444 2000 8000 0 fold 
5555 2000 8000 0 fold 
8888 1787 8000 213 raise 
3333 2000 8000 0 fold 
1111 1787 8000 213 call 
6666 1787 8000 213 call 
7777 1900 8000 100 fold 
2222 1950 8000 50 fold 
total pot: 789 
/notify 
send notify msg to player 7777 
notify/ 
2222 1950 8000 50 fold 
4444 2000 8000 0 fold 
5555 2000 8000 0 fold 
8888 1787 8000 213 raise 
3333 2000 8000 0 fold 
1111 1787 8000 213 call 
6666 1787 8000 213 call 
7777 1900 8000 100 fold 
total pot: 789 
/notify 
send inquire msg to player 6666 
inquire/ 
7777 1900 8000 100 fold 
2222 1950 8000 50 fold 
4444 2000 8000 0 fold 
5555 2000 8000 0 fold 
8888 1787 8000 213 raise 
3333 2000 8000 0 fold 
1111 1787 8000 213 call 
6666 1787 8000 213 call 
total pot: 789 
/inquire 
recv from player 6666: call 

send inquire msg to player 1111 
inquire/ 
6666 1787 8000 213 check 
7777 1900 8000 100 fold 
2222 1950 8000 50 fold 
4444 2000 8000 0 fold 
5555 2000 8000 0 fold 
8888 1787 8000 213 raise 
3333 2000 8000 0 fold 
1111 1787 8000 213 call 
total pot: 789 
/inquire 
recv from player 1111: call 

send inquire msg to player 8888 
inquire/ 
3333 2000 8000 0 fold 
1111 1787 8000 213 check 
6666 1787 8000 213 check 
7777 1900 8000 100 fold 
2222 1950 8000 50 fold 
4444 2000 8000 0 fold 
5555 2000 8000 0 fold 
8888 1787 8000 213 raise 
total pot: 789 
/inquire 
recv from player 8888: call 

turn/ 
DIAMONDS Q 
/turn 

---turn round bet---
valid player: 8, all in player: 0, fold player: 5
send notify msg to player 2222 
notify/ 
4444 2000 8000 0 fold 
5555 2000 8000 0 fold 
8888 1787 8000 213 check 
3333 2000 8000 0 fold 
1111 1787 8000 213 check 
6666 1787 8000 213 check 
7777 1900 8000 100 fold 
2222 1950 8000 50 fold 
total pot: 789 
/notify 
send notify msg to player 7777 
notify/ 
2222 1950 8000 50 fold 
4444 2000 8000 0 fold 
5555 2000 8000 0 fold 
8888 1787 8000 213 check 
3333 2000 8000 0 fold 
1111 1787 8000 213 check 
6666 1787 8000 213 check 
7777 1900 8000 100 fold 
total pot: 789 
/notify 
send inquire msg to player 6666 
inquire/ 
7777 1900 8000 100 fold 
2222 1950 8000 50 fold 
4444 2000 8000 0 fold 
5555 2000 8000 0 fold 
8888 1787 8000 213 check 
3333 2000 8000 0 fold 
1111 1787 8000 213 check 
6666 1787 8000 213 check 
total pot: 789 
/inquire 
recv from player 6666: call 

send inquire msg to player 1111 
inquire/ 
6666 1787 8000 213 check 
7777 1900 8000 100 fold 
2222 1950 8000 50 fold 
4444 2000 8000 0 fold 
5555 2000 8000 0 fold 
8888 1787 8000 213 check 
3333 2000 8000 0 fold 
1111 1787 8000 213 check 
total pot: 789 
/inquire 
recv from player 1111: call 

send inquire msg to player 8888 
inquire/ 
3333 2000 8000 0 fold 
1111 1787 8000 213 check 
6666 1787 8000 213 check 
7777 1900 8000 100 fold 
2222 1950 8000 50 fold 
4444 2000 8000 0 fold 
5555 2000 8000 0 fold 
8888 1787 8000 213 check 
total pot: 789 
/inquire 
recv from player 8888: call 

river/ 
SPADES 8 
/river 

---river round bet---
valid player: 8, all in player: 0, fold player: 5
send notify msg to player 2222 
notify/ 
4444 2000 8000 0 fold 
5555 2000 8000 0 fold 
8888 1787 8000 213 check 
3333 2000 8000 0 fold 
1111 1787 8000 213 check 
6666 1787 8000 213 check 
7777 1900 8000 100 fold 
2222 1950 8000 50 fold 
total pot: 789 
/notify 
send notify msg to player 7777 
notify/ 
2222 1950 8000 50 fold 
4444 2000 8000 0 fold 
5555 2000 8000 0 fold 
8888 1787 8000 213 check 
3333 2000 8000 0 fold 
1111 1787 8000 213 check 
6666 1787 8000 213 check 
7777 1900 8000 100 fold 
total pot: 789 
/notify 
send inquire msg to player 6666 
inquire/ 
7777 1900 8000 100 fold 
2222 1950 8000 50 fold 
4444 2000 8000 0 fold 
5555 2000 8000 0 fold 
8888 1787 8000 213 check 
3333 2000 8000 0 fold 
1111 1787 8000 213 check 
6666 1787 8000 213 check 
total pot: 789 
/inquire 
recv from player 6666: call 

send inquire msg to player 1111 
inquire/ 
6666 1787 8000 213 check 
7777 1900 8000 100 fold 
2222 1950 8000 50 fold 
4444 2000 8000 0 fold 
5555 2000 8000 0 fold 
8888 1787 8000 213 check 
3333 2000 8000 0 fold 
1111 1787 8000 213 check 
total pot: 789 
/inquire 
recv from player 1111: call 

send inquire msg to player 8888 
inquire/ 
3333 2000 8000 0 fold 
1111 1787 8000 213 check 
6666 1787 8000 213 check 
7777 1900 8000 100 fold 
2222 1950 8000 50 fold 
4444 2000 8000 0 fold 
5555 2000 8000 0 fold 
8888 1787 8000 213 check 
total pot: 789 
/inquire 
recv from player 8888: call 


----- notify msg last round -----
send notify msg to player 4444 
notify/ 
5555 2000 8000 0 fold 
8888 1787 8000 213 check 
3333 2000 8000 0 fold 
1111 1787 8000 213 check 
6666 1787 8000 213 check 
7777 1900 8000 100 fold 
2222 1950 8000 50 fold 
4444 2000 8000 0 fold 
total pot: 789 
/notify 
send notify msg to player 2222 
notify/ 
4444 2000 8000 0 fold 
5555 2000 8000 0 fold 
8888 1787 8000 213 check 
3333 2000 8000 0 fold 
1111 1787 8000 213 check 
6666 1787 8000 213 check 
7777 1900 8000 100 fold 
2222 1950 8000 50 fold 
total pot: 789 
/notify 
send notify msg to player 7777 
notify/ 
2222 1950 8000 50 fold 
4444 2000 8000 0 fold 
5555 2000 8000 0 fold 
8888 1787 8000 213 check 
3333 2000 8000 0 fold 
1111 1787 8000 213 check 
6666 1787 8000 213 check 
7777 1900 8000 100 fold 
total pot: 789 
/notify 
send notify msg to player 6666 
notify/ 
7777 1900 8000 100 fold 
2222 1950 8000 50 fold 
4444 2000 8000 0 fold 
5555 2000 8000 0 fold 
8888 1787 8000 213 check 
3333 2000 8000 0 fold 
1111 1787 8000 213 check 
6666 1787 8000 213 check 
total pot: 789 
/notify 
send notify msg to player 1111 
notify/ 
6666 1787 8000 213 check 
7777 1900 8000 100 fold 
2222 1950 8000 50 fold 
4444 2000 8000 0 fold 
5555 2000 8000 0 fold 
8888 1787 8000 213 check 
3333 2000 8000 0 fold 
1111 1787 8000 213 check 
total pot: 789 
/notify 
send notify msg to player 8888 
notify/ 
3333 2000 8000 0 fold 
1111 1787 8000 213 check 
6666 1787 8000 213 check 
7777 1900 8000 100 fold 
2222 1950 8000 50 fold 
4444 2000 8000 0 fold 
5555 2000 8000 0 fold 
8888 1787 8000 213 check 
total pot: 789 
/notify 

---show down---
showdown/ 
common/ 
DIAMONDS 4 
DIAMONDS A 
CLUBS 6 
DIAMONDS Q 
SPADES 8 
/common 
3: 6666 SPADES 3 HEARTS J HIGH_CARD 
1: 1111 CLUBS 5 SPADES 7 STRAIGHT 
2: 8888 DIAMONDS 8 HEARTS 9 ONE_PAIR 
/showdown 

---Allocate pot---
pot-win/ 
1111: 789 
/pot-win 
it is player 2222's turn to be button

-----2 Hand-----

----- clean player data in socket -----
seat/ 
button: 2222 1950 8000 
small blind: 7777 1900 8000 
big blind: 6666 1787 8000 
1111 2576 8000 
3333 2000 8000 
8888 1787 8000 
5555 2000 8000 
4444 2000 8000 
/seat 
blind/ 
7777: 50 
6666: 100 
/blind 
player 7777:hold/ 
HEARTS K 
CLUBS A 
/hold 
player 6666:hold/ 
SPADES 8 
HEARTS J 
/hold 
player 1111:hold/ 
SPADES 2 
HEARTS Q 
/hold 
player 3333:hold/ 
CLUBS K 
DIAMONDS 10 
/hold 
player 8888:hold/ 
DIAMONDS J 
HEARTS 4 
/hold 
player 5555:hold/ 
DIAMONDS 3 
DIAMONDS Q 
/hold 
player 4444:hold/ 
HEARTS 9 
SPADES 3 
/hold 
player 2222:hold/ 
CLUBS 2 
DIAMONDS 4 
/hold 

---pre flop round bet---
valid player: 8, all in player: 0, fold player: 0
send inquire msg to player 1111 
inquire/ 
6666 1687 8000 100 blind 
7777 1850 8000 50 blind 
total pot: 150 
/inquire 
recv from player 1111: call 

send inquire msg to player 3333 
inquire/ 
1111 2476 8000 100 call 
6666 1687 8000 100 blind 
7777 1850 8000 50 blind 
total pot: 250 
/inquire 
recv from player 3333: fold 

send inquire msg to player 8888 
inquire/ 
3333 2000 8000 0 fold 
1111 2476 8000 100 call 
6666 1687 8000 100 blind 
7777 1850 8000 50 blind 
total pot: 250 
/inquire 
recv from player 8888: call 

send inquire msg to player 5555 
inquire/ 
8888 1687 8000 100 call 
3333 2000 8000 0 fold 
1111 2476 8000 100 call 
6666 1687 8000 100 blind 
7777 1850 8000 50 blind 
total pot: 350 
/inquire 
recv from player 5555: fold 

send inquire msg to player 4444 
inquire/ 
5555 2000 8000 0 fold 
8888 1687 8000 100 call 
3333 2000 8000 0 fold 
1111 2476 8000 100 call 
6666 1687 8000 100 blind 
7777 1850 8000 50 blind 
total pot: 350 
/inquire 
recv from player 4444: fold 

send inquire msg to player 2222 
inquire/ 
4444 2000 8000 0 fold 
5555 2000 8000 0 fold 
8888 1687 8000 100 call 
3333 2000 8000 0 fold 
1111 2476 8000 100 call 
6666 1687 8000 100 blind 
7777 1850 8000 50 blind 
total pot: 350 
/inquire 
recv from player 2222: fold 

send inquire msg to player 7777 
inquire/ 
2222 1950 8000 0 fold 
4444 2000 8000 0 fold 
5555 2000 8000 0 fold 
8888 1687 8000 100 call 
3333 2000 8000 0 fold 
1111 2476 8000 100 call 
6666 1687 8000 100 blind 
7777 1850 8000 50 blind 
total pot: 350 
/inquire 
recv from player 7777: raise 500 

send inquire msg to player 6666 
inquire/ 
7777 1300 8000 600 raise 
2222 1950 8000 0 fold 
4444 2000 8000 0 fold 
5555 2000 8000 0 fold 
8888 1687 8000 100 call 
3333 2000 8000 0 fold 
1111 2476 8000 100 call 
6666 1687 8000 100 blind 
total pot: 900 
/inquire 
recv from player 6666: fold 

send inquire msg to player 1111 
inquire/ 
6666 1687 8000 100 fold 
7777 1300 8000 600 raise 
2222 1950 8000 0 fold 
4444 2000 8000 0 fold 
5555 2000 8000 0 fold 
8888 1687 8000 100 call 
3333 2000 8000 0 fold 
1111 2476 8000 100 call 
total pot: 900 
/inquire 
recv from player 1111: fold 

send inquire msg to player 8888 
inquire/ 
3333 2000 8000 0 fold 
1111 2476 8000 100 fold 
6666 1687 8000 100 fold 
7777 1300 8000 600 raise 
2222 1950 8000 0 fold 
4444 2000 8000 0 fold 
5555 2000 8000 0 fold 
8888 1687 8000 100 call 
total pot: 900 
/inquire 
recv from player 8888: fold 


---flop round bet---
valid player: 8, all in player: 0, fold player: 7

---turn round bet---
valid player: 8, all in player: 0, fold player: 7

---river round bet---
valid player: 8, all in player: 0, fold player: 7

----- notify msg last round -----
send notify msg to player 4444 
notify/ 
5555 2000 8000 0 fold 
8888 1687 8000 100 fold 
3333 2000 8000 0 fold 
1111 2476 8000 100 fold 
6666 1687 8000 100 fold 
7777 1300 8000 600 raise 
2222 1950 8000 0 fold 
4444 2000 8000 0 fold 
total pot: 900 
/notify 
send notify msg to player 2222 
notify/ 
4444 2000 8000 0 fold 
5555 2000 8000 0 fold 
8888 1687 8000 100 fold 
3333 2000 8000 0 fold 
1111 2476 8000 100 fold 
6666 1687 8000 100 fold 
7777 1300 8000 600 raise 
2222 1950 8000 0 fold 
total pot: 900 
/notify 
send notify msg to player 7777 
notify/ 
2222 1950 8000 0 fold 
4444 2000 8000 0 fold 
5555 2000 8000 0 fold 
8888 1687 8000 100 fold 
3333 2000 8000 0 fold 
1111 2476 8000 100 fold 
6666 1687 8000 100 fold 
7777 1300 8000 600 raise 
total pot: 900 
/notify 
send notify msg to player 6666 
notify/ 
7777 1300 8000 600 raise 
2222 1950 8000 0 fold 
4444 2000 8000 0 fold 
5555 2000 8000 0 fold 
8888 1687 8000 100 fold 
3333 2000 8000 0 fold 
1111 2476 8000 100 fold 
6666 1687 8000 100 fold 
total pot: 900 
/notify 
send notify msg to player 1111 
notify/ 
6666 1687 8000 100 fold 
7777 1300 8000 600 raise 
2222 1950 8000 0 fold 
4444 2000 8000 0 fold 
5555 2000 8000 0 fold 
8888 1687 8000 100 fold 
3333 2000 8000 0 fold 
1111 2476 8000 100 fold 
total pot: 900 
/notify 
send notify msg to player 8888 
notify/ 
3333 2000 8000 0 fold 
1111 2476 8000 100 fold 
6666 1687 8000 100 fold 
7777 1300 8000 600 raise 
2222 1950 8000 0 fold 
4444 2000 8000 0 fold 
5555 2000 8000 0 fold 
8888 1687 8000 100 fold 
total pot: 900 
/notify 

--- 1 players not fold, don't need show down---

---Allocate pot---
Only player at seat 0 not fold, win all the pot 900
pot-win/ 
7777: 900 
/pot-win 
it is player 7777's turn to be button

-----3 Hand-----

----- clean player data in socket -----
seat/ 
button: 7777 2200 8000 
small blind: 6666 1687 8000 
big blind: 1111 2476 8000 
3333 2000 8000 
8888 1687 8000 
5555 2000 8000 
4444 2000 8000 
2222 1950 8000 
/seat 
blind/ 
6666: 50 
1111: 100 
/blind 
player 6666:hold/ 
HEARTS 10 
CLUBS J 
/hold 
player 1111:hold/ 
SPADES J 
CLUBS 8 
/hold 
player 3333:hold/ 
SPADES Q 
SPADES 4 
/hold 
player 8888:hold/ 
SPADES 5 
HEARTS 9 
/hold 
player 5555:hold/ 
CLUBS 3 
CLUBS 2 
/hold 
player 4444:hold/ 
CLUBS 4 
DIAMONDS A 
/hold 
player 2222:hold/ 
HEARTS 5 
DIAMONDS 5 
/hold 
player 7777:hold/ 
SPADES 2 
HEARTS 6 
/hold 

---pre flop round bet---
valid player: 8, all in player: 0, fold player: 0
send inquire msg to player 3333 
inquire/ 
1111 2376 8000 100 blind 
6666 1637 8000 50 blind 
total pot: 150 
/inquire 
recv from player 3333: fold 

send inquire msg to player 8888 
inquire/ 
3333 2000 8000 0 fold 
1111 2376 8000 100 blind 
6666 1637 8000 50 blind 
total pot: 150 
/inquire 
recv from player 8888: call 

send inquire msg to player 5555 
inquire/ 
8888 1587 8000 100 call 
3333 2000 8000 0 fold 
1111 2376 8000 100 blind 
6666 1637 8000 50 blind 
total pot: 250 
/inquire 
recv from player 5555: fold 

send inquire msg to player 4444 
inquire/ 
5555 2000 8000 0 fold 
8888 1587 8000 100 call 
3333 2000 8000 0 fold 
1111 2376 8000 100 blind 
6666 1637 8000 50 blind 
total pot: 250 
/inquire 
recv from player 4444: raise 109 

send inquire msg to player 2222 
inquire/ 
4444 1791 8000 209 raise 
5555 2000 8000 0 fold 
8888 1587 8000 100 call 
3333 2000 8000 0 fold 
1111 2376 8000 100 blind 
6666 1637 8000 50 blind 
total pot: 459 
/inquire 
recv from player 2222: call 

send inquire msg to player 7777 
inquire/ 
2222 1741 8000 209 call 
4444 1791 8000 209 raise 
5555 2000 8000 0 fold 
8888 1587 8000 100 call 
3333 2000 8000 0 fold 
1111 2376 8000 100 blind 
6666 1637 8000 50 blind 
total pot: 668 
/inquire 
recv from player 7777: fold 

send inquire msg to player 6666 
inquire/ 
7777 2200 8000 0 fold 
2222 1741 8000 209 call 
4444 1791 8000 209 raise 
5555 2000 8000 0 fold 
8888 1587 8000 100 call 
3333 2000 8000 0 fold 
1111 2376 8000 100 blind 
6666 1637 8000 50 blind 
total pot: 668 
/inquire 
recv from player 6666: call 

send inquire msg to player 1111 
inquire/ 
6666 1478 8000 209 call 
7777 2200 8000 0 fold 
2222 1741 8000 209 call 
4444 1791 8000 209 raise 
5555 2000 8000 0 fold 
8888 1587 8000 100 call 
3333 2000 8000 0 fold 
1111 2376 8000 100 blind 
total pot: 827 
/inquire 
recv from player 1111: call 

send inquire msg to player 8888 
inquire/ 
3333 2000 8000 0 fold 
1111 2267 8000 209 call 
6666 1478 8000 209 call 
7777 2200 8000 0 fold 
2222 1741 8000 209 call 
4444 1791 8000 209 raise 
5555 2000 8000 0 fold 
8888 1587 8000 100 call 
total pot: 936 
/inquire 
recv from player 8888: call 

flop/ 
DIAMONDS 9 
CLUBS 10 
CLUBS A 
/flop 

---flop round bet---
valid player: 8, all in player: 0, fold player: 3
send inquire msg to player 6666 
inquire/ 
7777 2200 8000 0 fold 
2222 1741 8000 209 call 
4444 1791 8000 209 raise 
5555 2000 8000 0 fold 
8888 1478 8000 209 call 
3333 2000 8000 0 fold 
1111 2267 8000 209 call 
6666 1478 8000 209 call 
total pot: 1045 
/inquire 
recv from player 6666: call 

send inquire msg to player 1111 
inquire/ 
6666 1478 8000 209 check 
7777 2200 8000 0 fold 
2222 1741 8000 209 call 
4444 1791 8000 209 raise 
5555 2000 8000 0 fold 
8888 1478 8000 209 call 
3333 2000 8000 0 fold 
1111 2267 8000 209 call 
total pot: 1045 
/inquire 
recv from player 1111: raise 27 

send inquire msg to player 8888 
inquire/ 
3333 2000 8000 0 fold 
1111 2167 8000 309 raise 
6666 1478 8000 209 check 
7777 2200 8000 0 fold 
2222 1741 8000 209 call 
4444 1791 8000 209 raise 
5555 2000 8000 0 fold 
8888 1478 8000 209 call 
total pot: 1145 
/inquire 
recv from player 8888: call 

send inquire msg to player 4444 
inquire/ 
5555 2000 8000 0 fold 
8888 1378 8000 309 call 
3333 2000 8000 0 fold 
1111 2167 8000 309 raise 
6666 1478 8000 209 check 
7777 2200 8000 0 fold 
2222 1741 8000 209 call 
4444 1791 8000 209 raise 
total pot: 1245 
/inquire 
recv from player 4444: raise 138 

send inquire msg to player 2222 
inquire/ 
4444 1553 8000 447 raise 
5555 2000 8000 0 fold 
8888 1378 8000 309 call 
3333 2000 8000 0 fold 
1111 2167 8000 309 raise 
6666 1478 8000 209 check 
7777 2200 8000 0 fold 
2222 1741 8000 209 call 
total pot: 1483 
/inquire 
recv from player 2222: fold 

send notify msg to player 7777 
notify/ 
2222 1741 8000 209 fold 
4444 1553 8000 447 raise 
5555 2000 8000 0 fold 
8888 1378 8000 309 call 
3333 2000 8000 0 fold 
1111 2167 8000 309 raise 
6666 1478 8000 209 check 
7777 2200 8000 0 fold 
total pot: 1483 
/notify 
send inquire msg to player 6666 
inquire/ 
7777 2200 8000 0 fold 
2222 1741 8000 209 fold 
4444 1553 8000 447 raise 
5555 2000 8000 0 fold 
8888 1378 8000 309 call 
3333 2000 8000 0 fold 
1111 2167 8000 309 raise 
6666 1478 8000 209 check 
total pot: 1483 
/inquire 
recv from player 6666: call 

send inquire msg to player 1111 
inquire/ 
6666 1240 8000 447 call 
7777 2200 8000 0 fold 
2222 1741 8000 209 fold 
4444 1553 8000 447 raise 
5555 2000 8000 0 fold 
8888 1378 8000 309 call 
3333 2000 8000 0 fold 
1111 2167 8000 309 raise 
total pot: 1721 
/inquire 
recv from player 1111: call 

send inquire msg to player 8888 
inquire/ 
3333 2000 8000 0 fold 
1111 2029 8000 447 call 
6666 1240 8000 447 call 
7777 2200 8000 0 fold 
2222 1741 8000 209 fold 
4444 1553 8000 447 raise 
5555 2000 8000 0 fold 
8888 1378 8000 309 call 
total pot: 1859 
/inquire 
recv from player 8888: call 

turn/ 
CLUBS K 
/turn 

---turn round bet---
valid player: 8, all in player: 0, fold player: 4
send inquire msg to player 6666 
inquire/ 
7777 2200 8000 0 fold 
2222 1741 8000 209 fold 
4444 1553 8000 447 raise 
5555 2000 8000 0 fold 
8888 1240 8000 447 call 
3333 2000 8000 0 fold 
1111 2029 8000 447 call 
6666 1240 8000 447 call 
total pot: 1997 
/inquire 
recv from player 6666: call 

send inquire msg to player 1111 
inquire/ 
6666 1240 8000 447 check 
7777 2200 8000 0 fold 
2222 1741 8000 209 fold 
4444 1553 8000 447 raise 
5555 2000 8000 0 fold 
8888 1240 8000 447 call 
3333 2000 8000 0 fold 
1111 2029 8000 447 call 
total pot: 1997 
/inquire 
recv from player 1111: call 

send inquire msg to player 8888 
inquire/ 
3333 2000 8000 0 fold 
1111 2029 8000 447 check 
6666 1240 8000 447 check 
7777 2200 8000 0 fold 
2222 1741 8000 209 fold 
4444 1553 8000 447 raise 
5555 2000 8000 0 fold 
8888 1240 8000 447 call 
total pot: 1997 
/inquire 
recv from player 8888: call 

send inquire msg to player 4444 
inquire/ 
5555 2000 8000 0 fold 
8888 1240 8000 447 check 
3333 2000 8000 0 fold 
1111 2029 8000 447 check 
6666 1240 8000 447 check 
7777 2200 8000 0 fold 
2222 1741 8000 209 fold 
4444 1553 8000 447 raise 
total pot: 1997 
/inquire 
recv from player 4444: call 

river/ 
DIAMONDS 3 
/river 

---river round bet---
valid player: 8, all in player: 0, fold player: 4
send inquire msg to player 6666 
inquire/ 
7777 2200 8000 0 fold 
2222 1741 8000 209 fold 
4444 1553 8000 447 check 
5555 2000 8000 0 fold 
8888 1240 8000 447 check 
3333 2000 8000 0 fold 
1111 2029 8000 447 check 
6666 1240 8000 447 check 
total pot: 1997 
/inquire 
recv from player 6666: call 

send inquire msg to player 1111 
inquire/ 
6666 1240 8000 447 check 
7777 2200 8000 0 fold 
2222 1741 8000 209 fold 
4444 1553 8000 447 check 
5555 2000 8000 0 fold 
8888 1240 8000 447 check 
3333 2000 8000 0 fold 
1111 2029 8000 447 check 
total pot: 1997 
/inquire 
recv from player 1111: call 

send inquire msg to player 8888 
inquire/ 
3333 2000 8000 0 fold 
1111 2029 8000 447 check 
6666 1240 8000 447 check 
7777 2200 8000 0 fold 
2222 1741 8000 209 fold 
4444 1553 8000 447 check 
5555 2000 8000 0 fold 
8888 1240 8000 447 check 
total pot: 1997 
/inquire 
recv from player 8888: call 

send inquire msg to player 4444 
inquire/ 
5555 2000 8000 0 fold 
8888 1240 8000 447 check 
3333 2000 8000 0 fold 
1111 2029 8000 447 check 
6666 1240 8000 447 check 
7777 2200 8000 0 fold 
2222 1741 8000 209 fold 
4444 1553 8000 447 check 
total pot: 1997 
/inquire 
recv from player 4444: call 


----- notify msg last round -----
send notify msg to player 2222 
notify/ 
4444 1553 8000 447 check 
5555 2000 8000 0 fold 
8888 1240 8000 447 check 
3333 2000 8000 0 fold 
1111 2029 8000 447 check 
6666 1240 8000 447 check 
7777 2200 8000 0 fold 
2222 1741 8000 209 fold 
total pot: 1997 
/notify 
send notify msg to player 7777 
notify/ 
2222 1741 8000 209 fold 
4444 1553 8000 447 check 
5555 2000 8000 0 fold 
8888 1240 8000 447 check 
3333 2000 8000 0 fold 
1111 2029 8000 447 check 
6666 1240 8000 447 check 
7777 2200 8000 0 fold 
total pot: 1997 
/notify 
send notify msg to player 6666 
notify/ 
7777 2200 8000 0 fold 
2222 1741 8000 209 fold 
4444 1553 8000 447 check 
5555 2000 8000 0 fold 
8888 1240 8000 447 check 
3333 2000 8000 0 fold 
1111 2029 8000 447 check 
6666 1240 8000 447 check 
total pot: 1997 
/notify 
send notify msg to player 1111 
notify/ 
6666 1240 8000 447 check 
7777 2200 8000 0 fold 
2222 1741 8000 209 fold 
4444 1553 8000 447 check 
5555 2000 8000 0 fold 
8888 1240 8000 447 check 
3333 2000 8000 0 fold 
1111 2029 8000 447 check 
total pot: 1997 
/notify 
send notify msg to player 8888 
notify/ 
3333 2000 8000 0 fold 
1111 2029 8000 447 check 
6666 1240 8000 447 check 
7777 2200 8000 0 fold 
2222 1741 8000 209 fold 
4444 1553 8000 447 check 
5555 2000 8000 0 fold 
8888 1240 8000 447 check 
total pot: 1997 
/notify 
send notify msg to player 4444 
notify/ 
5555 2000 8000 0 fold 
8888 1240 8000 447 check 
3333 2000 8000 0 fold 
1111 2029 8000 447 check 
6666 1240 8000 447 check 
7777 2200 8000 0 fold 
2222 1741 8000 209 fold 
4444 1553 8000 447 check 
total pot: 1997 
/notify 

---show down---
showdown/ 
common/ 
DIAMONDS 9 
CLUBS 10 
CLUBS A 
CLUBS K 
DIAMONDS 3 
/common 
2: 6666 HEARTS 10 CLUBS J ONE_PAIR 
4: 1111 SPADES J CLUBS 8 HIGH_CARD 
3: 8888 SPADES 5 HEARTS 9 ONE_PAIR 
1: 4444 CLUBS 4 DIAMONDS A ONE_PAIR 
/showdown 

---Allocate pot---
pot-win/ 
4444: 1997 
/pot-win 
it is player 6666's turn to be button

-----4 Hand-----

----- clean player data in socket -----
seat/ 
button: 6666 1240 8000 
small blind: 1111 2029 8000 
big blind: 3333 2000 8000 
8888 1240 8000 
5555 2000 8000 
4444 3550 8000 
2222 1741 8000 
7777 2200 8000 
/seat 
blind/ 
1111: 50 
3333: 100 
/blind 
player 1111:hold/ 
DIAMONDS 2 
HEARTS J 
/hold 
player 3333:hold/ 
DIAMONDS 10 
SPADES Q 
/hold 
player 8888:hold/ 
HEARTS 9 
DIAMONDS K 
/hold 
player 5555:hold/ 
CLUBS 4 
CLUBS 10 
/hold 
player 4444:hold/ 
DIAMONDS 7 
CLUBS J 
/hold 
player 2222:hold/ 
SPADES 6 
DIAMONDS 3 
/hold 
player 7777:hold/ 
CLUBS 5 
DIAMONDS A 
/hold 
player 6666:hold/ 
HEARTS 6 
CLUBS A 
/hold 

---pre flop round bet---
valid player: 8, all in player: 0, fold player: 0
send inquire msg to player 8888 
inquire/ 
3333 1900 8000 100 blind 
1111 1979 8000 50 blind 
total pot: 150 
/inquire 
recv from player 8888: call 

send inquire msg to player 5555 
inquire/ 
8888 1140 8000 100 call 
3333 1900 8000 100 blind 
1111 1979 8000 50 blind 
total pot: 250 
/inquire 
recv from player 5555: fold 

send inquire msg to player 4444 
inquire/ 
5555 2000 8000 0 fold 
8888 1140 8000 100 call 
3333 1900 8000 100 blind 
1111 1979 8000 50 blind 
total pot: 250 
/inquire 
recv from player 4444: raise 152 

send inquire msg to player 2222 
inquire/ 
4444 3298 8000 252 raise 
5555 2000 8000 0 fold 
8888 1140 8000 100 call 
3333 1900 8000 100 blind 
1111 1979 8000 50 blind 
total pot: 502 
/inquire 
recv from player 2222: fold 

send inquire msg to player 7777 
inquire/ 
2222 1741 8000 0 fold 
4444 3298 8000 252 raise 
5555 2000 8000 0 fold 
8888 1140 8000 100 call 
3333 1900 8000 100 blind 
1111 1979 8000 50 blind 
total pot: 502 
/inquire 
recv from player 7777: fold 

send inquire msg to player 6666 
inquire/ 
7777 2200 8000 0 fold 
2222 1741 8000 0 fold 
4444 3298 8000 252 raise 
5555 2000 8000 0 fold 
8888 1140 8000 100 call 
3333 1900 8000 100 blind 
1111 1979 8000 50 blind 
total pot: 502 
/inquire 
recv from player 6666: fold 

send inquire msg to player 1111 
inquire/ 
6666 1240 8000 0 fold 
7777 2200 8000 0 fold 
2222 1741 8000 0 fold 
4444 3298 8000 252 raise 
5555 2000 8000 0 fold 
8888 1140 8000 100 call 
3333 1900 8000 100 blind 
1111 1979 8000 50 blind 
total pot: 502 
/inquire 
recv from player 1111: fold 

send inquire msg to player 3333 
inquire/ 
1111 1979 8000 50 fold 
6666 1240 8000 0 fold 
7777 2200 8000 0 fold 
2222 1741 8000 0 fold 
4444 3298 8000 252 raise 
5555 2000 8000 0 fold 
8888 1140 8000 100 call 
3333 1900 8000 100 blind 
total pot: 502 
/inquire 
recv from player 3333: raise 600 

send inquire msg to player 8888 
inquire/ 
3333 1148 8000 852 raise 
1111 1979 8000 50 fold 
6666 1240 8000 0 fold 
7777 2200 8000 0 fold 
2222 1741 8000 0 fold 
4444 3298 8000 252 raise 
5555 2000 8000 0 fold 
8888 1140 8000 100 call 
total pot: 1254 
/inquire 
recv from player 8888: fold 

send inquire msg to player 4444 
inquire/ 
5555 2000 8000 0 fold 
8888 1140 8000 100 fold 
3333 1148 8000 852 raise 
1111 1979 8000 50 fold 
6666 1240 8000 0 fold 
7777 2200 8000 0 fold 
2222 1741 8000 0 fold 
4444 3298 8000 252 raise 
total pot: 1254 
/inquire 
recv from player 4444: fold 


---flop round bet---
valid player: 8, all in player: 0, fold player: 7

---turn round bet---
valid player: 8, all in player: 0, fold player: 7

---river round bet---
valid player: 8, all in player: 0, fold player: 7

----- notify msg last round -----
send notify msg to player 2222 
notify/ 
4444 3298 8000 252 fold 
5555 2000 8000 0 fold 
8888 1140 8000 100 fold 
3333 1148 8000 852 raise 
1111 1979 8000 50 fold 
6666 1240 8000 0 fold 
7777 2200 8000 0 fold 
2222 1741 8000 0 fold 
total pot: 1254 
/notify 
send notify msg to player 7777 
notify/ 
2222 1741 8000 0 fold 
4444 3298 8000 252 fold 
5555 2000 8000 0 fold 
8888 1140 8000 100 fold 
3333 1148 8000 852 raise 
1111 1979 8000 50 fold 
6666 1240 8000 0 fold 
7777 2200 8000 0 fold 
total pot: 1254 
/notify 
send notify msg to player 6666 
notify/ 
7777 2200 8000 0 fold 
2222 1741 8000 0 fold 
4444 3298 8000 252 fold 
5555 2000 8000 0 fold 
8888 1140 8000 100 fold 
3333 1148 8000 852 raise 
1111 1979 8000 50 fold 
6666 1240 8000 0 fold 
total pot: 1254 
/notify 
send notify msg to player 1111 
notify/ 
6666 1240 8000 0 fold 
7777 2200 8000 0 fold 
2222 1741 8000 0 fold 
4444 3298 8000 252 fold 
5555 2000 8000 0 fold 
8888 1140 8000 100 fold 
3333 1148 8000 852 raise 
1111 1979 8000 50 fold 
total pot: 1254 
/notify 
send notify msg to player 8888 
notify/ 
3333 1148 8000 852 raise 
1111 1979 8000 50 fold 
6666 1240 8000 0 fold 
7777 2200 8000 0 fold 
2222 1741 8000 0 fold 
4444 3298 8000 252 fold 
5555 2000 8000 0 fold 
8888 1140 8000 100 fold 
total pot: 1254 
/notify 
send notify msg to player 4444 
notify/ 
5555 2000 8000 0 fold 
8888 1140 8000 100 fold 
3333 1148 8000 852 raise 
1111 1979 8000 50 fold 
6666 1240 8000 0 fold 
7777 2200 8000 0 fold 
2222 1741 8000 0 fold 
4444 3298 8000 252 fold 
total pot: 1254 
/notify 

--- 1 players not fold, don't need show down---

---Allocate pot---
Only player at seat 1 not fold, win all the pot 1254
pot-win/ 
3333: 1254 
/pot-win 
it is player 1111's turn to be button

-----5 Hand-----

----- clean player data in socket -----
seat/ 
button: 1111 1979 8000 
small blind: 3333 2402 8000 
big blind: 8888 1140 8000 
5555 2000 8000 
4444 3298 8000 
2222 1741 8000 
7777 2200 8000 
6666 1240 8000 
/seat 
blind/ 
3333: 50 
8888: 100 
/blind 
player 3333:hold/ 
CLUBS 7 
DIAMONDS K 
/hold 
player 8888:hold/ 
HEARTS J 
DIAMONDS J 
/hold 
player 5555:hold/ 
CLUBS 3 
CLUBS J 
/hold 
player 4444:hold/ 
DIAMONDS 10 
SPADES 4 
/hold 
player 2222:hold/ 
HEARTS 9 
CLUBS Q 
/hold 
player 7777:hold/ 
SPADES 3 
SPADES 7 
/hold 
player 6666:hold/ 
SPADES A 
HEARTS K 
/hold 
player 1111:hold/ 
DIAMONDS 7 
HEARTS 8 
/hold 

---pre flop round bet---
valid player: 8, all in player: 0, fold player: 0
send inquire msg to player 5555 
inquire/ 
8888 1040 8000 100 blind 
3333 2352 8000 50 blind 
total pot: 150 
/inquire 
recv from player 5555: fold 

send inquire msg to player 4444 
inquire/ 
5555 2000 8000 0 fold 
8888 1040 8000 100 blind 
3333 2352 8000 50 blind 
total pot: 150 
/inquire 
recv from player 4444: call 

send inquire msg to player 2222 
inquire/ 
4444 3198 8000 100 call 
5555 2000 8000 0 fold 
8888 1040 8000 100 blind 
3333 2352 8000 50 blind 
total pot: 250 
/inquire 
recv from player 2222: raise 124 

send inquire msg to player 7777 
inquire/ 
2222 1517 8000 224 raise 
4444 3198 8000 100 call 
5555 2000 8000 0 fold 
8888 1040 8000 100 blind 
3333 2352 8000 50 blind 
total pot: 474 
/inquire 
recv from player 7777: fold 

send inquire msg to player 6666 
inquire/ 
7777 2200 8000 0 fold 
2222 1517 8000 224 raise 
4444 3198 8000 100 call 
5555 2000 8000 0 fold 
8888 1040 8000 100 blind 
3333 2352 8000 50 blind 
total pot: 474 
/inquire 
recv from player 6666: call 

send inquire msg to player 1111 
inquire/ 
6666 1016 8000 224 call 
7777 2200 8000 0 fold 
2222 1517 8000 224 raise 
4444 3198 8000 100 call 
5555 2000 8000 0 fold 
8888 1040 8000 100 blind 
3333 2352 8000 50 blind 
total pot: 698 
/inquire 
recv from player 1111: call 

send inquire msg to player 3333 
inquire/ 
1111 1755 8000 224 call 
6666 1016 8000 224 call 
7777 2200 8000 0 fold 
2222 1517 8000 224 raise 
4444 3198 8000 100 call 
5555 2000 8000 0 fold 
8888 1040 8000 100 blind 
3333 2352 8000 50 blind 
total pot: 922 
/inquire 
recv from player 3333: raise 300 

send inquire msg to player 8888 
inquire/ 
3333 1878 8000 524 raise 
1111 1755 8000 224 call 
6666 1016 8000 224 call 
7777 2200 8000 0 fold 
2222 1517 8000 224 raise 
4444 3198 8000 100 call 
5555 2000 8000 0 fold 
8888 1040 8000 100 blind 
total pot: 1396 
/inquire 
recv from player 8888: call 

send inquire msg to player 4444 
inquire/ 
5555 2000 8000 0 fold 
8888 616 8000 524 call 
3333 1878 8000 524 raise 
1111 1755 8000 224 call 
6666 1016 8000 224 call 
7777 2200 8000 0 fold 
2222 1517 8000 224 raise 
4444 3198 8000 100 call 
total pot: 1820 
/inquire 
recv from player 4444: fold 

send inquire msg to player 2222 
inquire/ 
4444 3198 8000 100 fold 
5555 2000 8000 0 fold 
8888 616 8000 524 call 
3333 1878 8000 524 raise 
1111 1755 8000 224 call 
6666 1016 8000 224 call 
7777 2200 8000 0 fold 
2222 1517 8000 224 raise 
total pot: 1820 
/inquire 
recv from player 2222: call 

send notify msg to player 7777 
notify/ 
2222 1217 8000 524 call 
4444 3198 8000 100 fold 
5555 2000 8000 0 fold 
8888 616 8000 524 call 
3333 1878 8000 524 raise 
1111 1755 8000 224 call 
6666 1016 8000 224 call 
7777 2200 8000 0 fold 
total pot: 2120 
/notify 
send inquire msg to player 6666 
inquire/ 
7777 2200 8000 0 fold 
2222 1217 8000 524 call 
4444 3198 8000 100 fold 
5555 2000 8000 0 fold 
8888 616 8000 524 call 
3333 1878 8000 524 raise 
1111 1755 8000 224 call 
6666 1016 8000 224 call 
total pot: 2120 
/inquire 
recv from player 6666: call 

send inquire msg to player 1111 
inquire/ 
6666 716 8000 524 call 
7777 2200 8000 0 fold 
2222 1217 8000 524 call 
4444 3198 8000 100 fold 
5555 2000 8000 0 fold 
8888 616 8000 524 call 
3333 1878 8000 524 raise 
1111 1755 8000 224 call 
total pot: 2420 
/inquire 
recv from player 1111: call 

flop/ 
DIAMONDS 2 
HEARTS 7 
SPADES 10 
/flop 

---flop round bet---
valid player: 8, all in player: 0, fold player: 3
send inquire msg to player 3333 
inquire/ 
1111 1455 8000 524 call 
6666 716 8000 524 call 
7777 2200 8000 0 fold 
2222 1217 8000 524 call 
4444 3198 8000 100 fold 
5555 2000 8000 0 fold 
8888 616 8000 524 call 
3333 1878 8000 524 raise 
total pot: 2720 
/inquire 
recv from player 3333: raise 600 

send inquire msg to player 8888 
inquire/ 
3333 1278 8000 1124 raise 
1111 1455 8000 524 call 
6666 716 8000 524 call 
7777 2200 8000 0 fold 
2222 1217 8000 524 call 
4444 3198 8000 100 fold 
5555 2000 8000 0 fold 
8888 616 8000 524 call 
total pot: 3320 
/inquire 
recv from player 8888: fold 

send notify msg to player 4444 
notify/ 
5555 2000 8000 0 fold 
8888 616 8000 524 fold 
3333 1278 8000 1124 raise 
1111 1455 8000 524 call 
6666 716 8000 524 call 
7777 2200 8000 0 fold 
2222 1217 8000 524 call 
4444 3198 8000 100 fold 
total pot: 3320 
/notify 
send inquire msg to player 2222 
inquire/ 
4444 3198 8000 100 fold 
5555 2000 8000 0 fold 
8888 616 8000 524 fold 
3333 1278 8000 1124 raise 
1111 1455 8000 524 call 
6666 716 8000 524 call 
7777 2200 8000 0 fold 
2222 1217 8000 524 call 
total pot: 3320 
/inquire 
recv from player 2222: fold 

send notify msg to player 7777 
notify/ 
2222 1217 8000 524 fold 
4444 3198 8000 100 fold 
5555 2000 8000 0 fold 
8888 616 8000 524 fold 
3333 1278 8000 1124 raise 
1111 1455 8000 524 call 
6666 716 8000 524 call 
7777 2200 8000 0 fold 
total pot: 3320 
/notify 
send inquire msg to player 6666 
inquire/ 
7777 2200 8000 0 fold 
2222 1217 8000 524 fold 
4444 3198 8000 100 fold 
5555 2000 8000 0 fold 
8888 616 8000 524 fold 
3333 1278 8000 1124 raise 
1111 1455 8000 524 call 
6666 716 8000 524 call 
total pot: 3320 
/inquire 
recv from player 6666: fold 

send inquire msg to player 1111 
inquire/ 
6666 716 8000 524 fold 
7777 2200 8000 0 fold 
2222 1217 8000 524 fold 
4444 3198 8000 100 fold 
5555 2000 8000 0 fold 
8888 616 8000 524 fold 
3333 1278 8000 1124 raise 
1111 1455 8000 524 call 
total pot: 3320 
/inquire 
recv from player 1111: call 

turn/ 
SPADES 5 
/turn 

---turn round bet---
valid player: 8, all in player: 0, fold player: 6
send inquire msg to player 3333 
inquire/ 
1111 855 8000 1124 call 
6666 716 8000 524 fold 
7777 2200 8000 0 fold 
2222 1217 8000 524 fold 
4444 3198 8000 100 fold 
5555 2000 8000 0 fold 
8888 616 8000 524 fold 
3333 1278 8000 1124 raise 
total pot: 3920 
/inquire 
recv from player 3333: raise 600 

send notify msg to player 8888 
notify/ 
3333 678 8000 1724 raise 
1111 855 8000 1124 call 
6666 716 8000 524 fold 
7777 2200 8000 0 fold 
2222 1217 8000 524 fold 
4444 3198 8000 100 fold 
5555 2000 8000 0 fold 
8888 616 8000 524 fold 
total pot: 4520 
/notify 
send notify msg to player 4444 
notify/ 
5555 2000 8000 0 fold 
8888 616 8000 524 fold 
3333 678 8000 1724 raise 
1111 855 8000 1124 call 
6666 716 8000 524 fold 
7777 2200 8000 0 fold 
2222 1217 8000 524 fold 
4444 3198 8000 100 fold 
total pot: 4520 
/notify 
send notify msg to player 2222 
notify/ 
4444 3198 8000 100 fold 
5555 2000 8000 0 fold 
8888 616 8000 524 fold 
3333 678 8000 1724 raise 
1111 855 8000 1124 call 
6666 716 8000 524 fold 
7777 2200 8000 0 fold 
2222 1217 8000 524 fold 
total pot: 4520 
/notify 
send notify msg to player 7777 
notify/ 
2222 1217 8000 524 fold 
4444 3198 8000 100 fold 
5555 2000 8000 0 fold 
8888 616 8000 524 fold 
3333 678 8000 1724 raise 
1111 855 8000 1124 call 
6666 716 8000 524 fold 
7777 2200 8000 0 fold 
total pot: 4520 
/notify 
send notify msg to player 6666 
notify/ 
7777 2200 8000 0 fold 
2222 1217 8000 524 fold 
4444 3198 8000 100 fold 
5555 2000 8000 0 fold 
8888 616 8000 524 fold 
3333 678 8000 1724 raise 
1111 855 8000 1124 call 
6666 716 8000 524 fold 
total pot: 4520 
/notify 
send inquire msg to player 1111 
inquire/ 
6666 716 8000 524 fold 
7777 2200 8000 0 fold 
2222 1217 8000 524 fold 
4444 3198 8000 100 fold 
5555 2000 8000 0 fold 
8888 616 8000 524 fold 
3333 678 8000 1724 raise 
1111 855 8000 1124 call 
total pot: 4520 
/inquire 
recv from player 1111: fold 


---river round bet---
valid player: 8, all in player: 0, fold player: 7

----- notify msg last round -----
send notify msg to player 8888 
notify/ 
3333 678 8000 1724 raise 
1111 855 8000 1124 fold 
6666 716 8000 524 fold 
7777 2200 8000 0 fold 
2222 1217 8000 524 fold 
4444 3198 8000 100 fold 
5555 2000 8000 0 fold 
8888 616 8000 524 fold 
total pot: 4520 
/notify 
send notify msg to player 4444 
notify/ 
5555 2000 8000 0 fold 
8888 616 8000 524 fold 
3333 678 8000 1724 raise 
1111 855 8000 1124 fold 
6666 716 8000 524 fold 
7777 2200 8000 0 fold 
2222 1217 8000 524 fold 
4444 3198 8000 100 fold 
total pot: 4520 
/notify 
send notify msg to player 2222 
notify/ 
4444 3198 8000 100 fold 
5555 2000 8000 0 fold 
8888 616 8000 524 fold 
3333 678 8000 1724 raise 
1111 855 8000 1124 fold 
6666 716 8000 524 fold 
7777 2200 8000 0 fold 
2222 1217 8000 524 fold 
total pot: 4520 
/notify 
send notify msg to player 7777 
notify/ 
2222 1217 8000 524 fold 
4444 3198 8000 100 fold 
5555 2000 8000 0 fold 
8888 616 8000 524 fold 
3333 678 8000 1724 raise 
1111 855 8000 1124 fold 
6666 716 8000 524 fold 
7777 2200 8000 0 fold 
total pot: 4520 
/notify 
send notify msg to player 6666 
notify/ 
7777 2200 8000 0 fold 
2222 1217 8000 524 fold 
4444 3198 8000 100 fold 
5555 2000 8000 0 fold 
8888 616 8000 524 fold 
3333 678 8000 1724 raise 
1111 855 8000 1124 fold 
