

===VERSION 1.31===
---GAME START @ 2015-6-11-23-42-58---

wait registration for 30 seconds
reg: 1111 baymax 
reg: 4444 new_len2of3!! 
reg: 2222 ShuQi need_notify  
reg: 8888 DSNJU 
reg: 6666 DSNJU 
reg: 7777 CQchappie need_notify 
reg: 5555 ShuQi need_notify  
reg: 3333 player1 need_notify 
close registration

-----1 Hand-----

----- clean player data in socket -----
seat/ 
button: 5555 2000 2000 
small blind: 3333 2000 2000 
big blind: 7777 2000 2000 
2222 2000 2000 
4444 2000 2000 
1111 2000 2000 
8888 2000 2000 
6666 2000 2000 
/seat 
blind/ 
3333: 20 
7777: 40 
/blind 
player 3333:hold/ 
SPADES A 
SPADES 4 
/hold 
player 7777:hold/ 
DIAMONDS 10 
CLUBS Q 
/hold 
player 2222:hold/ 
SPADES 5 
CLUBS 9 
/hold 
player 4444:hold/ 
HEARTS 8 
CLUBS 4 
/hold 
player 1111:hold/ 
SPADES 8 
SPADES 2 
/hold 
player 8888:hold/ 
HEARTS J 
DIAMONDS J 
/hold 
player 6666:hold/ 
SPADES 10 
DIAMONDS 4 
/hold 
player 5555:hold/ 
SPADES J 
DIAMONDS 3 
/hold 

---pre flop round bet---
valid player: 8, all in player: 0, fold player: 0

send inquire msg to player 2222(seat:2) 
inquire/ 
7777 1960 2000 40 blind 
3333 1980 2000 20 blind 
total pot: 60 
/inquire 
recv from player 2222: fold 


send inquire msg to player 4444(seat:3) 
inquire/ 
2222 2000 2000 0 fold 
7777 1960 2000 40 blind 
3333 1980 2000 20 blind 
total pot: 60 
/inquire 
recv from player 4444: fold 


send inquire msg to player 1111(seat:4) 
inquire/ 
4444 2000 2000 0 fold 
2222 2000 2000 0 fold 
7777 1960 2000 40 blind 
3333 1980 2000 20 blind 
total pot: 60 
/inquire 
recv from player 1111: fold 


send inquire msg to player 8888(seat:5) 
inquire/ 
1111 2000 2000 0 fold 
4444 2000 2000 0 fold 
2222 2000 2000 0 fold 
7777 1960 2000 40 blind 
3333 1980 2000 20 blind 
total pot: 60 
/inquire 
recv from player 8888: call


send inquire msg to player 6666(seat:6) 
inquire/ 
8888 1960 2000 40 call 
1111 2000 2000 0 fold 
4444 2000 2000 0 fold 
2222 2000 2000 0 fold 
7777 1960 2000 40 blind 
3333 1980 2000 20 blind 
total pot: 100 
/inquire 
recv from player 6666: fold


send inquire msg to player 5555(seat:7) 
inquire/ 
6666 2000 2000 0 fold 
8888 1960 2000 40 call 
1111 2000 2000 0 fold 
4444 2000 2000 0 fold 
2222 2000 2000 0 fold 
7777 1960 2000 40 blind 
3333 1980 2000 20 blind 
total pot: 100 
/inquire 
recv from player 5555: fold 


send inquire msg to player 3333(seat:0) 
inquire/ 
5555 2000 2000 0 fold 
6666 2000 2000 0 fold 
8888 1960 2000 40 call 
1111 2000 2000 0 fold 
4444 2000 2000 0 fold 
2222 2000 2000 0 fold 
7777 1960 2000 40 blind 
3333 1980 2000 20 blind 
total pot: 100 
/inquire 
recv from player 3333: raise 321

send inquire msg to player 7777(seat:1) 
inquire/ 
3333 1639 2000 361 raise 
5555 2000 2000 0 fold 
6666 2000 2000 0 fold 
8888 1960 2000 40 call 
1111 2000 2000 0 fold 
4444 2000 2000 0 fold 
2222 2000 2000 0 fold 
7777 1960 2000 40 blind 
total pot: 441 
/inquire 
recv from player 7777: fold 


send notify msg to player 2222(seat:2) 
notify/ 
7777 1960 2000 40 fold 
3333 1639 2000 361 raise 
5555 2000 2000 0 fold 
6666 2000 2000 0 fold 
8888 1960 2000 40 call 
1111 2000 2000 0 fold 
4444 2000 2000 0 fold 
2222 2000 2000 0 fold 
total pot: 441 
/notify 

player 4444(seat:3) doesn't need notify-msg

player 1111(seat:4) doesn't need notify-msg

send inquire msg to player 8888(seat:5) 
inquire/ 
1111 2000 2000 0 fold 
4444 2000 2000 0 fold 
2222 2000 2000 0 fold 
7777 1960 2000 40 fold 
3333 1639 2000 361 raise 
5555 2000 2000 0 fold 
6666 2000 2000 0 fold 
8888 1960 2000 40 call 
total pot: 441 
/inquire 
recv from player 8888: fold

valid player: 8, all in player: 0, fold player: 7

----- send notify msg from 6 to 5(exclude) -----

player 6666(seat:6) doesn't need notify-msg

send notify msg to player 5555(seat:7) 
notify/ 
6666 2000 2000 0 fold 
8888 1960 2000 40 fold 
1111 2000 2000 0 fold 
4444 2000 2000 0 fold 
2222 2000 2000 0 fold 
7777 1960 2000 40 fold 
3333 1639 2000 361 raise 
5555 2000 2000 0 fold 
total pot: 441 
/notify 

send notify msg to player 3333(seat:0) 
notify/ 
5555 2000 2000 0 fold 
6666 2000 2000 0 fold 
8888 1960 2000 40 fold 
1111 2000 2000 0 fold 
4444 2000 2000 0 fold 
2222 2000 2000 0 fold 
7777 1960 2000 40 fold 
3333 1639 2000 361 raise 
total pot: 441 
/notify 

send notify msg to player 7777(seat:1) 
notify/ 
3333 1639 2000 361 raise 
5555 2000 2000 0 fold 
6666 2000 2000 0 fold 
8888 1960 2000 40 fold 
1111 2000 2000 0 fold 
4444 2000 2000 0 fold 
2222 2000 2000 0 fold 
7777 1960 2000 40 fold 
total pot: 441 
/notify 

send notify msg to player 2222(seat:2) 
notify/ 
7777 1960 2000 40 fold 
3333 1639 2000 361 raise 
5555 2000 2000 0 fold 
6666 2000 2000 0 fold 
8888 1960 2000 40 fold 
1111 2000 2000 0 fold 
4444 2000 2000 0 fold 
2222 2000 2000 0 fold 
total pot: 441 
/notify 

player 4444(seat:3) doesn't need notify-msg

player 1111(seat:4) doesn't need notify-msg

---flop round bet---
valid player: 8, all in player: 0, fold player: 7

---turn round bet---
valid player: 8, all in player: 0, fold player: 7

---river round bet---
valid player: 8, all in player: 0, fold player: 7

--- 1 players not fold, don't need show down---

---Allocate pot---
Only player at seat 0 not fold, win all the pot 441
pot-win/ 
3333: 441 
/pot-win 
it is player 3333's turn to be button

-----2 Hand-----

----- clean player data in socket -----
seat/ 
button: 3333 2080 2000 
small blind: 7777 1960 2000 
big blind: 2222 2000 2000 
4444 2000 2000 
1111 2000 2000 
8888 1960 2000 
6666 2000 2000 
5555 2000 2000 
/seat 
blind/ 
7777: 20 
2222: 40 
/blind 
player 7777:hold/ 
CLUBS 5 
SPADES 2 
/hold 
player 2222:hold/ 
HEARTS J 
SPADES Q 
/hold 
player 4444:hold/ 
SPADES 4 
CLUBS 4 
/hold 
player 1111:hold/ 
CLUBS 9 
HEARTS 10 
/hold 
player 8888:hold/ 
HEARTS 5 
DIAMONDS A 
/hold 
player 6666:hold/ 
HEARTS A 
DIAMONDS 9 
/hold 
player 5555:hold/ 
HEARTS 4 
CLUBS J 
/hold 
player 3333:hold/ 
DIAMONDS 3 
CLUBS 7 
/hold 

---pre flop round bet---
valid player: 8, all in player: 0, fold player: 0

send inquire msg to player 4444(seat:2) 
inquire/ 
2222 1960 2000 40 blind 
7777 1940 2000 20 blind 
total pot: 60 
/inquire 
recv from player 4444: fold 


send inquire msg to player 1111(seat:3) 
inquire/ 
4444 2000 2000 0 fold 
2222 1960 2000 40 blind 
7777 1940 2000 20 blind 
total pot: 60 
/inquire 
recv from player 1111: call 


send inquire msg to player 8888(seat:4) 
inquire/ 
1111 1960 2000 40 call 
4444 2000 2000 0 fold 
2222 1960 2000 40 blind 
7777 1940 2000 20 blind 
total pot: 100 
/inquire 
recv from player 8888: fold


send inquire msg to player 6666(seat:5) 
inquire/ 
8888 1960 2000 0 fold 
1111 1960 2000 40 call 
4444 2000 2000 0 fold 
2222 1960 2000 40 blind 
7777 1940 2000 20 blind 
total pot: 100 
/inquire 
recv from player 6666: fold


send inquire msg to player 5555(seat:6) 
inquire/ 
6666 2000 2000 0 fold 
8888 1960 2000 0 fold 
1111 1960 2000 40 call 
4444 2000 2000 0 fold 
2222 1960 2000 40 blind 
7777 1940 2000 20 blind 
total pot: 100 
/inquire 
recv from player 5555: fold 


send inquire msg to player 3333(seat:7) 
inquire/ 
5555 2000 2000 0 fold 
6666 2000 2000 0 fold 
8888 1960 2000 0 fold 
1111 1960 2000 40 call 
4444 2000 2000 0 fold 
2222 1960 2000 40 blind 
7777 1940 2000 20 blind 
total pot: 100 
/inquire 
recv from player 3333: fold

send inquire msg to player 7777(seat:0) 
inquire/ 
3333 2080 2000 0 fold 
5555 2000 2000 0 fold 
6666 2000 2000 0 fold 
8888 1960 2000 0 fold 
1111 1960 2000 40 call 
4444 2000 2000 0 fold 
2222 1960 2000 40 blind 
7777 1940 2000 20 blind 
total pot: 100 
/inquire 
recv from player 7777: raise 88 


send inquire msg to player 2222(seat:1) 
inquire/ 
7777 1832 2000 128 raise 
3333 2080 2000 0 fold 
5555 2000 2000 0 fold 
6666 2000 2000 0 fold 
8888 1960 2000 0 fold 
1111 1960 2000 40 call 
4444 2000 2000 0 fold 
2222 1960 2000 40 blind 
total pot: 208 
/inquire 
recv from player 2222: call 


player 4444(seat:2) doesn't need notify-msg

send inquire msg to player 1111(seat:3) 
inquire/ 
4444 2000 2000 0 fold 
2222 1872 2000 128 call 
7777 1832 2000 128 raise 
3333 2080 2000 0 fold 
5555 2000 2000 0 fold 
6666 2000 2000 0 fold 
8888 1960 2000 0 fold 
1111 1960 2000 40 call 
total pot: 296 
/inquire 
recv from player 1111: call 

valid player: 8, all in player: 0, fold player: 5

----- send notify msg from 4 to 0(exclude) -----

player 8888(seat:4) doesn't need notify-msg

player 6666(seat:5) doesn't need notify-msg

send notify msg to player 5555(seat:6) 
notify/ 
6666 2000 2000 0 fold 
8888 1960 2000 0 fold 
1111 1872 2000 128 call 
4444 2000 2000 0 fold 
2222 1872 2000 128 call 
7777 1832 2000 128 raise 
3333 2080 2000 0 fold 
5555 2000 2000 0 fold 
total pot: 384 
/notify 

send notify msg to player 3333(seat:7) 
notify/ 
5555 2000 2000 0 fold 
6666 2000 2000 0 fold 
8888 1960 2000 0 fold 
1111 1872 2000 128 call 
4444 2000 2000 0 fold 
2222 1872 2000 128 call 
7777 1832 2000 128 raise 
3333 2080 2000 0 fold 
total pot: 384 
/notify 
flop/ 
CLUBS 8 
CLUBS Q 
HEARTS 2 
/flop 

---flop round bet---
valid player: 8, all in player: 0, fold player: 5

send inquire msg to player 7777(seat:0) 
inquire/ 
3333 2080 2000 0 fold 
5555 2000 2000 0 fold 
6666 2000 2000 0 fold 
8888 1960 2000 0 fold 
1111 1872 2000 128 call 
4444 2000 2000 0 fold 
2222 1872 2000 128 call 
7777 1832 2000 128 raise 
total pot: 384 
/inquire 
recv from player 7777: raise 88 


send inquire msg to player 2222(seat:1) 
inquire/ 
7777 1744 2000 216 raise 
3333 2080 2000 0 fold 
5555 2000 2000 0 fold 
6666 2000 2000 0 fold 
8888 1960 2000 0 fold 
1111 1872 2000 128 call 
4444 2000 2000 0 fold 
2222 1872 2000 128 call 
total pot: 472 
/inquire 
recv from player 2222: call 


player 4444(seat:2) doesn't need notify-msg

send inquire msg to player 1111(seat:3) 
inquire/ 
4444 2000 2000 0 fold 
2222 1784 2000 216 call 
7777 1744 2000 216 raise 
3333 2080 2000 0 fold 
5555 2000 2000 0 fold 
6666 2000 2000 0 fold 
8888 1960 2000 0 fold 
1111 1872 2000 128 call 
total pot: 560 
/inquire 
recv from player 1111: call 

valid player: 8, all in player: 0, fold player: 5

----- send notify msg from 4 to 0(exclude) -----

player 8888(seat:4) doesn't need notify-msg

player 6666(seat:5) doesn't need notify-msg

send notify msg to player 5555(seat:6) 
notify/ 
6666 2000 2000 0 fold 
8888 1960 2000 0 fold 
1111 1784 2000 216 call 
4444 2000 2000 0 fold 
2222 1784 2000 216 call 
7777 1744 2000 216 raise 
3333 2080 2000 0 fold 
5555 2000 2000 0 fold 
total pot: 648 
/notify 

send notify msg to player 3333(seat:7) 
notify/ 
5555 2000 2000 0 fold 
6666 2000 2000 0 fold 
8888 1960 2000 0 fold 
1111 1784 2000 216 call 
4444 2000 2000 0 fold 
2222 1784 2000 216 call 
7777 1744 2000 216 raise 
3333 2080 2000 0 fold 
total pot: 648 
/notify 
turn/ 
DIAMONDS Q 
/turn 

---turn round bet---
valid player: 8, all in player: 0, fold player: 5

send inquire msg to player 7777(seat:0) 
inquire/ 
3333 2080 2000 0 fold 
5555 2000 2000 0 fold 
6666 2000 2000 0 fold 
8888 1960 2000 0 fold 
1111 1784 2000 216 call 
4444 2000 2000 0 fold 
2222 1784 2000 216 call 
7777 1744 2000 216 raise 
total pot: 648 
/inquire 
recv from player 7777: raise 88 


send inquire msg to player 2222(seat:1) 
inquire/ 
7777 1656 2000 304 raise 
3333 2080 2000 0 fold 
5555 2000 2000 0 fold 
6666 2000 2000 0 fold 
8888 1960 2000 0 fold 
1111 1784 2000 216 call 
4444 2000 2000 0 fold 
2222 1784 2000 216 call 
total pot: 736 
/inquire 
recv from player 2222: call 


player 4444(seat:2) doesn't need notify-msg

send inquire msg to player 1111(seat:3) 
inquire/ 
4444 2000 2000 0 fold 
2222 1696 2000 304 call 
7777 1656 2000 304 raise 
3333 2080 2000 0 fold 
5555 2000 2000 0 fold 
6666 2000 2000 0 fold 
8888 1960 2000 0 fold 
1111 1784 2000 216 call 
total pot: 824 
/inquire 
recv from player 1111: fold 

valid player: 8, all in player: 0, fold player: 6

----- send notify msg from 4 to 0(exclude) -----

player 8888(seat:4) doesn't need notify-msg

player 6666(seat:5) doesn't need notify-msg

send notify msg to player 5555(seat:6) 
notify/ 
6666 2000 2000 0 fold 
8888 1960 2000 0 fold 
1111 1784 2000 216 fold 
4444 2000 2000 0 fold 
2222 1696 2000 304 call 
7777 1656 2000 304 raise 
3333 2080 2000 0 fold 
5555 2000 2000 0 fold 
total pot: 824 
/notify 

send notify msg to player 3333(seat:7) 
notify/ 
5555 2000 2000 0 fold 
6666 2000 2000 0 fold 
8888 1960 2000 0 fold 
1111 1784 2000 216 fold 
4444 2000 2000 0 fold 
2222 1696 2000 304 call 
7777 1656 2000 304 raise 
3333 2080 2000 0 fold 
total pot: 824 
/notify 
river/ 
HEARTS 7 
/river 

---river round bet---
valid player: 8, all in player: 0, fold player: 6

send inquire msg to player 7777(seat:0) 
inquire/ 
3333 2080 2000 0 fold 
5555 2000 2000 0 fold 
6666 2000 2000 0 fold 
8888 1960 2000 0 fold 
1111 1784 2000 216 fold 
4444 2000 2000 0 fold 
2222 1696 2000 304 call 
7777 1656 2000 304 raise 
total pot: 824 
/inquire 
recv from player 7777: raise 88 


send inquire msg to player 2222(seat:1) 
inquire/ 
7777 1568 2000 392 raise 
3333 2080 2000 0 fold 
5555 2000 2000 0 fold 
6666 2000 2000 0 fold 
8888 1960 2000 0 fold 
1111 1784 2000 216 fold 
4444 2000 2000 0 fold 
2222 1696 2000 304 call 
total pot: 912 
/inquire 
recv from player 2222: raise 0


player 4444(seat:2) doesn't need notify-msg

player 1111(seat:3) doesn't need notify-msg

player 8888(seat:4) doesn't need notify-msg

player 6666(seat:5) doesn't need notify-msg

send notify msg to player 5555(seat:6) 
notify/ 
6666 2000 2000 0 fold 
8888 1960 2000 0 fold 
1111 1784 2000 216 fold 
4444 2000 2000 0 fold 
2222 1520 2000 480 raise 
7777 1568 2000 392 raise 
3333 2080 2000 0 fold 
5555 2000 2000 0 fold 
total pot: 1088 
/notify 

send notify msg to player 3333(seat:7) 
notify/ 
5555 2000 2000 0 fold 
6666 2000 2000 0 fold 
8888 1960 2000 0 fold 
1111 1784 2000 216 fold 
4444 2000 2000 0 fold 
2222 1520 2000 480 raise 
7777 1568 2000 392 raise 
3333 2080 2000 0 fold 
total pot: 1088 
/notify 

send inquire msg to player 7777(seat:0) 
inquire/ 
3333 2080 2000 0 fold 
5555 2000 2000 0 fold 
6666 2000 2000 0 fold 
8888 1960 2000 0 fold 
1111 1784 2000 216 fold 
4444 2000 2000 0 fold 
2222 1520 2000 480 raise 
7777 1568 2000 392 raise 
total pot: 1088 
/inquire 
recv from player 7777: call 

valid player: 8, all in player: 0, fold player: 6

----- send notify msg from 1 to 0(exclude) -----

send notify msg to player 2222(seat:1) 
notify/ 
7777 1480 2000 480 call 
3333 2080 2000 0 fold 
5555 2000 2000 0 fold 
6666 2000 2000 0 fold 
8888 1960 2000 0 fold 
1111 1784 2000 216 fold 
4444 2000 2000 0 fold 
2222 1520 2000 480 raise 
total pot: 1176 
/notify 

player 4444(seat:2) doesn't need notify-msg

player 1111(seat:3) doesn't need notify-msg

player 8888(seat:4) doesn't need notify-msg

player 6666(seat:5) doesn't need notify-msg

send notify msg to player 5555(seat:6) 
notify/ 
6666 2000 2000 0 fold 
8888 1960 2000 0 fold 
1111 1784 2000 216 fold 
4444 2000 2000 0 fold 
2222 1520 2000 480 raise 
7777 1480 2000 480 call 
3333 2080 2000 0 fold 
5555 2000 2000 0 fold 
total pot: 1176 
/notify 

send notify msg to player 3333(seat:7) 
notify/ 
5555 2000 2000 0 fold 
6666 2000 2000 0 fold 
8888 1960 2000 0 fold 
1111 1784 2000 216 fold 
4444 2000 2000 0 fold 
2222 1520 2000 480 raise 
7777 1480 2000 480 call 
3333 2080 2000 0 fold 
total pot: 1176 
/notify 

---show down---
showdown/ 
common/ 
CLUBS 8 
CLUBS Q 
HEARTS 2 
DIAMONDS Q 
HEARTS 7 
/common 
2: 7777 CLUBS 5 SPADES 2 TWO_PAIR 
1: 2222 HEARTS J SPADES Q THREE_OF_A_KIND 
/showdown 

---Allocate pot---
pot-win/ 
2222: 1176 
/pot-win 
it is player 7777's turn to be button

-----3 Hand-----

----- clean player data in socket -----
find residue data from player 2222, data size 6
seat/ 
button: 7777 1480 2000 
small blind: 2222 2696 2000 
big blind: 4444 2000 2000 
1111 1784 2000 
8888 1960 2000 
6666 2000 2000 
5555 2000 2000 
3333 2080 2000 
/seat 
blind/ 
2222: 20 
4444: 40 
/blind 
player 2222:hold/ 
CLUBS 10 
SPADES 3 
/hold 
player 4444:hold/ 
CLUBS 6 
HEARTS 4 
/hold 
player 1111:hold/ 
SPADES 4 
SPADES 8 
/hold 
player 8888:hold/ 
DIAMONDS 2 
CLUBS K 
/hold 
player 6666:hold/ 
SPADES J 
SPADES 6 
/hold 
player 5555:hold/ 
HEARTS A 
DIAMONDS 8 
/hold 
player 3333:hold/ 
HEARTS 10 
CLUBS 2 
/hold 
player 7777:hold/ 
CLUBS Q 
CLUBS 9 
/hold 

---pre flop round bet---
valid player: 8, all in player: 0, fold player: 0

send inquire msg to player 1111(seat:2) 
inquire/ 
4444 1960 2000 40 blind 
2222 2676 2000 20 blind 
total pot: 60 
/inquire 
recv from player 1111: fold 


send inquire msg to player 8888(seat:3) 
inquire/ 
1111 1784 2000 0 fold 
4444 1960 2000 40 blind 
2222 2676 2000 20 blind 
total pot: 60 
/inquire 
recv from player 8888: fold


send inquire msg to player 6666(seat:4) 
inquire/ 
8888 1960 2000 0 fold 
1111 1784 2000 0 fold 
4444 1960 2000 40 blind 
2222 2676 2000 20 blind 
total pot: 60 
/inquire 
recv from player 6666: fold


send inquire msg to player 5555(seat:5) 
inquire/ 
6666 2000 2000 0 fold 
8888 1960 2000 0 fold 
1111 1784 2000 0 fold 
4444 1960 2000 40 blind 
2222 2676 2000 20 blind 
total pot: 60 
/inquire 
recv from player 5555: fold 


send inquire msg to player 3333(seat:6) 
inquire/ 
5555 2000 2000 0 fold 
6666 2000 2000 0 fold 
8888 1960 2000 0 fold 
1111 1784 2000 0 fold 
4444 1960 2000 40 blind 
2222 2676 2000 20 blind 
total pot: 60 
/inquire 
recv from player 3333: fold

send inquire msg to player 7777(seat:7) 
inquire/ 
3333 2080 2000 0 fold 
5555 2000 2000 0 fold 
6666 2000 2000 0 fold 
8888 1960 2000 0 fold 
1111 1784 2000 0 fold 
4444 1960 2000 40 blind 
2222 2676 2000 20 blind 
total pot: 60 
/inquire 
recv from player 7777: raise 88 


send inquire msg to player 2222(seat:0) 
inquire/ 
7777 1352 2000 128 raise 
3333 2080 2000 0 fold 
5555 2000 2000 0 fold 
6666 2000 2000 0 fold 
8888 1960 2000 0 fold 
1111 1784 2000 0 fold 
4444 1960 2000 40 blind 
2222 2676 2000 20 blind 
total pot: 188 
/inquire 
recv from player 2222: fold 


send inquire msg to player 4444(seat:1) 
inquire/ 
2222 2676 2000 20 fold 
7777 1352 2000 128 raise 
3333 2080 2000 0 fold 
5555 2000 2000 0 fold 
6666 2000 2000 0 fold 
8888 1960 2000 0 fold 
1111 1784 2000 0 fold 
4444 1960 2000 40 blind 
total pot: 188 
/inquire 
recv from player 4444: fold 

valid player: 8, all in player: 0, fold player: 7

----- send notify msg from 2 to 1(exclude) -----

player 1111(seat:2) doesn't need notify-msg

player 8888(seat:3) doesn't need notify-msg

player 6666(seat:4) doesn't need notify-msg

send notify msg to player 5555(seat:5) 
notify/ 
6666 2000 2000 0 fold 
8888 1960 2000 0 fold 
1111 1784 2000 0 fold 
4444 1960 2000 40 fold 
2222 2676 2000 20 fold 
7777 1352 2000 128 raise 
3333 2080 2000 0 fold 
5555 2000 2000 0 fold 
total pot: 188 
/notify 

send notify msg to player 3333(seat:6) 
notify/ 
5555 2000 2000 0 fold 
6666 2000 2000 0 fold 
8888 1960 2000 0 fold 
1111 1784 2000 0 fold 
4444 1960 2000 40 fold 
2222 2676 2000 20 fold 
7777 1352 2000 128 raise 
3333 2080 2000 0 fold 
total pot: 188 
/notify 

send notify msg to player 7777(seat:7) 
notify/ 
3333 2080 2000 0 fold 
5555 2000 2000 0 fold 
6666 2000 2000 0 fold 
8888 1960 2000 0 fold 
1111 1784 2000 0 fold 
4444 1960 2000 40 fold 
2222 2676 2000 20 fold 
7777 1352 2000 128 raise 
total pot: 188 
/notify 

send notify msg to player 2222(seat:0) 
notify/ 
7777 1352 2000 128 raise 
3333 2080 2000 0 fold 
5555 2000 2000 0 fold 
6666 2000 2000 0 fold 
8888 1960 2000 0 fold 
1111 1784 2000 0 fold 
4444 1960 2000 40 fold 
2222 2676 2000 20 fold 
total pot: 188 
/notify 

---flop round bet---
valid player: 8, all in player: 0, fold player: 7

---turn round bet---
valid player: 8, all in player: 0, fold player: 7

---river round bet---
valid player: 8, all in player: 0, fold player: 7

--- 1 players not fold, don't need show down---

---Allocate pot---
Only player at seat 7 not fold, win all the pot 188
pot-win/ 
7777: 188 
/pot-win 
it is player 2222's turn to be button

-----4 Hand-----

----- clean player data in socket -----
seat/ 
button: 2222 2676 2000 
small blind: 4444 1960 2000 
big blind: 1111 1784 2000 
8888 1960 2000 
6666 2000 2000 
5555 2000 2000 
3333 2080 2000 
7777 1540 2000 
/seat 
blind/ 
4444: 20 
1111: 40 
/blind 
player 4444:hold/ 
SPADES A 
SPADES J 
/hold 
player 1111:hold/ 
SPADES 6 
DIAMONDS 5 
/hold 
player 8888:hold/ 
CLUBS 3 
CLUBS A 
/hold 
player 6666:hold/ 
HEARTS 9 
SPADES 5 
/hold 
player 5555:hold/ 
HEARTS 10 
CLUBS J 
/hold 
player 3333:hold/ 
HEARTS 3 
SPADES 10 
/hold 
player 7777:hold/ 
HEARTS 5 
DIAMONDS J 
/hold 
player 2222:hold/ 
SPADES 3 
SPADES 9 
/hold 

---pre flop round bet---
valid player: 8, all in player: 0, fold player: 0

send inquire msg to player 8888(seat:2) 
inquire/ 
1111 1744 2000 40 blind 
4444 1940 2000 20 blind 
total pot: 60 
/inquire 
recv from player 8888: fold


send inquire msg to player 6666(seat:3) 
inquire/ 
8888 1960 2000 0 fold 
1111 1744 2000 40 blind 
4444 1940 2000 20 blind 
total pot: 60 
/inquire 
recv from player 6666: fold


send inquire msg to player 5555(seat:4) 
inquire/ 
6666 2000 2000 0 fold 
8888 1960 2000 0 fold 
1111 1744 2000 40 blind 
4444 1940 2000 20 blind 
total pot: 60 
/inquire 
recv from player 5555: call 


send inquire msg to player 3333(seat:5) 
inquire/ 
5555 1960 2000 40 call 
6666 2000 2000 0 fold 
8888 1960 2000 0 fold 
1111 1744 2000 40 blind 
4444 1940 2000 20 blind 
total pot: 100 
/inquire 
recv from player 3333: fold

send inquire msg to player 7777(seat:6) 
inquire/ 
3333 2080 2000 0 fold 
5555 1960 2000 40 call 
6666 2000 2000 0 fold 
8888 1960 2000 0 fold 
1111 1744 2000 40 blind 
4444 1940 2000 20 blind 
total pot: 100 
/inquire 
recv from player 7777: fold 


send inquire msg to player 2222(seat:7) 
inquire/ 
7777 1540 2000 0 fold 
3333 2080 2000 0 fold 
5555 1960 2000 40 call 
6666 2000 2000 0 fold 
8888 1960 2000 0 fold 
1111 1744 2000 40 blind 
4444 1940 2000 20 blind 
total pot: 100 
/inquire 
recv from player 2222: fold 


send inquire msg to player 4444(seat:0) 
inquire/ 
2222 2676 2000 0 fold 
7777 1540 2000 0 fold 
3333 2080 2000 0 fold 
5555 1960 2000 40 call 
6666 2000 2000 0 fold 
8888 1960 2000 0 fold 
1111 1744 2000 40 blind 
4444 1940 2000 20 blind 
total pot: 100 
/inquire 
recv from player 4444: check 


send inquire msg to player 1111(seat:1) 
inquire/ 
4444 1920 2000 40 call 
2222 2676 2000 0 fold 
7777 1540 2000 0 fold 
3333 2080 2000 0 fold 
5555 1960 2000 40 call 
6666 2000 2000 0 fold 
8888 1960 2000 0 fold 
1111 1744 2000 40 blind 
total pot: 120 
/inquire 
recv from player 1111: call 

valid player: 8, all in player: 0, fold player: 5

----- send notify msg from 2 to 0(exclude) -----

player 8888(seat:2) doesn't need notify-msg

player 6666(seat:3) doesn't need notify-msg

send notify msg to player 5555(seat:4) 
notify/ 
6666 2000 2000 0 fold 
8888 1960 2000 0 fold 
1111 1744 2000 40 check 
4444 1920 2000 40 call 
2222 2676 2000 0 fold 
7777 1540 2000 0 fold 
3333 2080 2000 0 fold 
5555 1960 2000 40 call 
total pot: 120 
/notify 

send notify msg to player 3333(seat:5) 
notify/ 
5555 1960 2000 40 call 
6666 2000 2000 0 fold 
8888 1960 2000 0 fold 
1111 1744 2000 40 check 
4444 1920 2000 40 call 
2222 2676 2000 0 fold 
7777 1540 2000 0 fold 
3333 2080 2000 0 fold 
total pot: 120 
/notify 

send notify msg to player 7777(seat:6) 
notify/ 
3333 2080 2000 0 fold 
5555 1960 2000 40 call 
6666 2000 2000 0 fold 
8888 1960 2000 0 fold 
1111 1744 2000 40 check 
4444 1920 2000 40 call 
2222 2676 2000 0 fold 
7777 1540 2000 0 fold 
total pot: 120 
/notify 

send notify msg to player 2222(seat:7) 
notify/ 
7777 1540 2000 0 fold 
3333 2080 2000 0 fold 
5555 1960 2000 40 call 
6666 2000 2000 0 fold 
8888 1960 2000 0 fold 
1111 1744 2000 40 check 
4444 1920 2000 40 call 
2222 2676 2000 0 fold 
total pot: 120 
/notify 
flop/ 
HEARTS 4 
DIAMONDS 2 
SPADES K 
/flop 

---flop round bet---
valid player: 8, all in player: 0, fold player: 5

send inquire msg to player 4444(seat:0) 
inquire/ 
2222 2676 2000 0 fold 
7777 1540 2000 0 fold 
3333 2080 2000 0 fold 
5555 1960 2000 40 call 
6666 2000 2000 0 fold 
8888 1960 2000 0 fold 
1111 1744 2000 40 check 
4444 1920 2000 40 call 
total pot: 120 
/inquire 
recv from player 4444: check 


send inquire msg to player 1111(seat:1) 
inquire/ 
4444 1920 2000 40 check 
2222 2676 2000 0 fold 
7777 1540 2000 0 fold 
3333 2080 2000 0 fold 
5555 1960 2000 40 call 
6666 2000 2000 0 fold 
8888 1960 2000 0 fold 
1111 1744 2000 40 check 
total pot: 120 
/inquire 
recv from player 1111: call 


player 8888(seat:2) doesn't need notify-msg

player 6666(seat:3) doesn't need notify-msg
find residue data from player 5555, data size 6

send inquire msg to player 5555(seat:4) 
inquire/ 
6666 2000 2000 0 fold 
8888 1960 2000 0 fold 
1111 1744 2000 40 check 
4444 1920 2000 40 check 
2222 2676 2000 0 fold 
7777 1540 2000 0 fold 
3333 2080 2000 0 fold 
5555 1960 2000 40 call 
total pot: 120 
/inquire 
recv from player 5555: check 

valid player: 8, all in player: 0, fold player: 5

----- send notify msg from 5 to 0(exclude) -----

send notify msg to player 3333(seat:5) 
notify/ 
5555 1960 2000 40 check 
6666 2000 2000 0 fold 
8888 1960 2000 0 fold 
1111 1744 2000 40 check 
4444 1920 2000 40 check 
2222 2676 2000 0 fold 
7777 1540 2000 0 fold 
3333 2080 2000 0 fold 
total pot: 120 
/notify 

send notify msg to player 7777(seat:6) 
notify/ 
3333 2080 2000 0 fold 
5555 1960 2000 40 check 
6666 2000 2000 0 fold 
8888 1960 2000 0 fold 
1111 1744 2000 40 check 
4444 1920 2000 40 check 
2222 2676 2000 0 fold 
7777 1540 2000 0 fold 
total pot: 120 
/notify 

send notify msg to player 2222(seat:7) 
notify/ 
7777 1540 2000 0 fold 
3333 2080 2000 0 fold 
5555 1960 2000 40 check 
6666 2000 2000 0 fold 
8888 1960 2000 0 fold 
1111 1744 2000 40 check 
4444 1920 2000 40 check 
2222 2676 2000 0 fold 
total pot: 120 
/notify 
turn/ 
SPADES 8 
/turn 

---turn round bet---
valid player: 8, all in player: 0, fold player: 5

send inquire msg to player 4444(seat:0) 
inquire/ 
2222 2676 2000 0 fold 
7777 1540 2000 0 fold 
3333 2080 2000 0 fold 
5555 1960 2000 40 check 
6666 2000 2000 0 fold 
8888 1960 2000 0 fold 
1111 1744 2000 40 check 
4444 1920 2000 40 check 
total pot: 120 
/inquire 
recv from player 4444: check 


send inquire msg to player 1111(seat:1) 
inquire/ 
4444 1920 2000 40 check 
2222 2676 2000 0 fold 
7777 1540 2000 0 fold 
3333 2080 2000 0 fold 
5555 1960 2000 40 check 
6666 2000 2000 0 fold 
8888 1960 2000 0 fold 
1111 1744 2000 40 check 
total pot: 120 
/inquire 
recv from player 1111: call 


player 8888(seat:2) doesn't need notify-msg

player 6666(seat:3) doesn't need notify-msg

send inquire msg to player 5555(seat:4) 
inquire/ 
6666 2000 2000 0 fold 
8888 1960 2000 0 fold 
1111 1744 2000 40 check 
4444 1920 2000 40 check 
2222 2676 2000 0 fold 
7777 1540 2000 0 fold 
3333 2080 2000 0 fold 
5555 1960 2000 40 check 
total pot: 120 
/inquire 
recv from player 5555: check 

valid player: 8, all in player: 0, fold player: 5

----- send notify msg from 5 to 0(exclude) -----

send notify msg to player 3333(seat:5) 
notify/ 
5555 1960 2000 40 check 
6666 2000 2000 0 fold 
8888 1960 2000 0 fold 
1111 1744 2000 40 check 
4444 1920 2000 40 check 
2222 2676 2000 0 fold 
7777 1540 2000 0 fold 
3333 2080 2000 0 fold 
total pot: 120 
/notify 

send notify msg to player 7777(seat:6) 
notify/ 
3333 2080 2000 0 fold 
5555 1960 2000 40 check 
6666 2000 2000 0 fold 
8888 1960 2000 0 fold 
1111 1744 2000 40 check 
4444 1920 2000 40 check 
2222 2676 2000 0 fold 
7777 1540 2000 0 fold 
total pot: 120 
/notify 

send notify msg to player 2222(seat:7) 
notify/ 
7777 1540 2000 0 fold 
3333 2080 2000 0 fold 
5555 1960 2000 40 check 
6666 2000 2000 0 fold 
8888 1960 2000 0 fold 
1111 1744 2000 40 check 
4444 1920 2000 40 check 
2222 2676 2000 0 fold 
total pot: 120 
/notify 
river/ 
DIAMONDS A 
/river 

---river round bet---
valid player: 8, all in player: 0, fold player: 5

send inquire msg to player 4444(seat:0) 
inquire/ 
2222 2676 2000 0 fold 
7777 1540 2000 0 fold 
3333 2080 2000 0 fold 
5555 1960 2000 40 check 
6666 2000 2000 0 fold 
8888 1960 2000 0 fold 
1111 1744 2000 40 check 
4444 1920 2000 40 check 
total pot: 120 
/inquire 
recv from player 4444: raise 10


send inquire msg to player 1111(seat:1) 
inquire/ 
4444 1880 2000 80 raise 
2222 2676 2000 0 fold 
7777 1540 2000 0 fold 
3333 2080 2000 0 fold 
5555 1960 2000 40 check 
6666 2000 2000 0 fold 
8888 1960 2000 0 fold 
1111 1744 2000 40 check 
total pot: 160 
/inquire 
recv from player 1111: fold 


player 8888(seat:2) doesn't need notify-msg

player 6666(seat:3) doesn't need notify-msg

send inquire msg to player 5555(seat:4) 
inquire/ 
6666 2000 2000 0 fold 
8888 1960 2000 0 fold 
1111 1744 2000 40 fold 
4444 1880 2000 80 raise 
2222 2676 2000 0 fold 
7777 1540 2000 0 fold 
3333 2080 2000 0 fold 
5555 1960 2000 40 check 
total pot: 160 
/inquire 
recv from player 5555: fold 

valid player: 8, all in player: 0, fold player: 7

----- send notify msg from 5 to 4(exclude) -----

send notify msg to player 3333(seat:5) 
notify/ 
5555 1960 2000 40 fold 
6666 2000 2000 0 fold 
8888 1960 2000 0 fold 
1111 1744 2000 40 fold 
4444 1880 2000 80 raise 
2222 2676 2000 0 fold 
7777 1540 2000 0 fold 
3333 2080 2000 0 fold 
total pot: 160 
/notify 

send notify msg to player 7777(seat:6) 
notify/ 
3333 2080 2000 0 fold 
5555 1960 2000 40 fold 
6666 2000 2000 0 fold 
8888 1960 2000 0 fold 
1111 1744 2000 40 fold 
4444 1880 2000 80 raise 
2222 2676 2000 0 fold 
7777 1540 2000 0 fold 
total pot: 160 
/notify 

send notify msg to player 2222(seat:7) 
notify/ 
7777 1540 2000 0 fold 
3333 2080 2000 0 fold 
5555 1960 2000 40 fold 
6666 2000 2000 0 fold 
8888 1960 2000 0 fold 
1111 1744 2000 40 fold 
4444 1880 2000 80 raise 
2222 2676 2000 0 fold 
total pot: 160 
/notify 

player 4444(seat:0) doesn't need notify-msg

player 1111(seat:1) doesn't need notify-msg

player 8888(seat:2) doesn't need notify-msg

player 6666(seat:3) doesn't need notify-msg

--- 1 players not fold, don't need show down---

---Allocate pot---
Only player at seat 0 not fold, win all the pot 160
pot-win/ 
4444: 160 
/pot-win 
it is player 4444's turn to be button

-----5 Hand-----

----- clean player data in socket -----
seat/ 
button: 4444 2040 2000 
small blind: 1111 1744 2000 
big blind: 8888 1960 2000 
6666 2000 2000 
5555 1960 2000 
3333 2080 2000 
7777 1540 2000 
2222 2676 2000 
/seat 
blind/ 
1111: 20 
8888: 40 
/blind 
player 1111:hold/ 
CLUBS 6 
CLUBS 2 
/hold 
player 8888:hold/ 
DIAMONDS A 
DIAMONDS K 
/hold 
player 6666:hold/ 
HEARTS J 
SPADES 4 
/hold 
player 5555:hold/ 
CLUBS Q 
HEARTS 2 
/hold 
player 3333:hold/ 
DIAMONDS 6 
SPADES J 
/hold 
player 7777:hold/ 
HEARTS 8 
HEARTS 5 
/hold 
player 2222:hold/ 
SPADES 3 
CLUBS K 
/hold 
player 4444:hold/ 
DIAMONDS Q 
CLUBS 7 
/hold 

---pre flop round bet---
valid player: 8, all in player: 0, fold player: 0

send inquire msg to player 6666(seat:2) 
inquire/ 
8888 1920 2000 40 blind 
1111 1724 2000 20 blind 
total pot: 60 
/inquire 
recv from player 6666: fold


send inquire msg to player 5555(seat:3) 
inquire/ 
6666 2000 2000 0 fold 
8888 1920 2000 40 blind 
1111 1724 2000 20 blind 
total pot: 60 
/inquire 
recv from player 5555: fold 


send inquire msg to player 3333(seat:4) 
inquire/ 
5555 1960 2000 0 fold 
6666 2000 2000 0 fold 
8888 1920 2000 40 blind 
1111 1724 2000 20 blind 
total pot: 60 
/inquire 
recv from player 3333: fold

send inquire msg to player 7777(seat:5) 
inquire/ 
3333 2080 2000 0 fold 
5555 1960 2000 0 fold 
6666 2000 2000 0 fold 
8888 1920 2000 40 blind 
1111 1724 2000 20 blind 
total pot: 60 
/inquire 
recv from player 7777: fold 


send inquire msg to player 2222(seat:6) 
inquire/ 
7777 1540 2000 0 fold 
3333 2080 2000 0 fold 
5555 1960 2000 0 fold 
6666 2000 2000 0 fold 
8888 1920 2000 40 blind 
1111 1724 2000 20 blind 
total pot: 60 
/inquire 
recv from player 2222: fold 


send inquire msg to player 4444(seat:7) 
inquire/ 
2222 2676 2000 0 fold 
7777 1540 2000 0 fold 
3333 2080 2000 0 fold 
5555 1960 2000 0 fold 
6666 2000 2000 0 fold 
8888 1920 2000 40 blind 
1111 1724 2000 20 blind 
total pot: 60 
/inquire 
recv from player 4444: fold 


send inquire msg to player 1111(seat:0) 
inquire/ 
4444 2040 2000 0 fold 
2222 2676 2000 0 fold 
7777 1540 2000 0 fold 
3333 2080 2000 0 fold 
5555 1960 2000 0 fold 
6666 2000 2000 0 fold 
8888 1920 2000 40 blind 
1111 1724 2000 20 blind 
total pot: 60 
/inquire 
recv from player 1111: fold 


send inquire msg to player 8888(seat:1) 
inquire/ 
1111 1724 2000 20 fold 
4444 2040 2000 0 fold 
2222 2676 2000 0 fold 
7777 1540 2000 0 fold 
3333 2080 2000 0 fold 
5555 1960 2000 0 fold 
6666 2000 2000 0 fold 
8888 1920 2000 40 blind 
total pot: 60 
/inquire 
recv from player 8888: raise 110

valid player: 8, all in player: 0, fold player: 7

----- send notify msg from 2 to 1(exclude) -----

player 6666(seat:2) doesn't need notify-msg

send notify msg to player 5555(seat:3) 
notify/ 
6666 2000 2000 0 fold 
8888 1810 2000 150 raise 
1111 1724 2000 20 fold 
4444 2040 2000 0 fold 
2222 2676 2000 0 fold 
7777 1540 2000 0 fold 
3333 2080 2000 0 fold 
5555 1960 2000 0 fold 
total pot: 170 
/notify 

send notify msg to player 3333(seat:4) 
notify/ 
5555 1960 2000 0 fold 
6666 2000 2000 0 fold 
8888 1810 2000 150 raise 
1111 1724 2000 20 fold 
4444 2040 2000 0 fold 
2222 2676 2000 0 fold 
7777 1540 2000 0 fold 
3333 2080 2000 0 fold 
total pot: 170 
/notify 

send notify msg to player 7777(seat:5) 
notify/ 
3333 2080 2000 0 fold 
5555 1960 2000 0 fold 
6666 2000 2000 0 fold 
8888 1810 2000 150 raise 
1111 1724 2000 20 fold 
4444 2040 2000 0 fold 
2222 2676 2000 0 fold 
7777 1540 2000 0 fold 
total pot: 170 
/notify 

send notify msg to player 2222(seat:6) 
notify/ 
7777 1540 2000 0 fold 
3333 2080 2000 0 fold 
5555 1960 2000 0 fold 
6666 2000 2000 0 fold 
8888 1810 2000 150 raise 
1111 1724 2000 20 fold 
4444 2040 2000 0 fold 
2222 2676 2000 0 fold 
total pot: 170 
/notify 

player 4444(seat:7) doesn't need notify-msg

player 1111(seat:0) doesn't need notify-msg

---flop round bet---
valid player: 8, all in player: 0, fold player: 7

---turn round bet---
valid player: 8, all in player: 0, fold player: 7

---river round bet---
valid player: 8, all in player: 0, fold player: 7

--- 1 players not fold, don't need show down---

---Allocate pot---
Only player at seat 1 not fold, win all the pot 170
pot-win/ 
8888: 170 
/pot-win 
it is player 1111's turn to be button

-----6 Hand-----

----- clean player data in socket -----
seat/ 
button: 1111 1724 2000 
small blind: 8888 1980 2000 
big blind: 6666 2000 2000 
5555 1960 2000 
3333 2080 2000 
7777 1540 2000 
2222 2676 2000 
4444 2040 2000 
/seat 
blind/ 
8888: 20 
6666: 40 
/blind 
player 8888:hold/ 
HEARTS 10 
DIAMONDS 9 
/hold 
player 6666:hold/ 
HEARTS 7 
CLUBS 8 
/hold 
player 5555:hold/ 
CLUBS 10 
HEARTS 3 
/hold 
player 3333:hold/ 
HEARTS 9 
DIAMONDS A 
/hold 
player 7777:hold/ 
CLUBS 2 
DIAMONDS 2 
/hold 
player 2222:hold/ 
CLUBS 6 
DIAMONDS J 
/hold 
player 4444:hold/ 
HEARTS 4 
HEARTS J 
/hold 
player 1111:hold/ 
SPADES 2 
SPADES 4 
/hold 

---pre flop round bet---
valid player: 8, all in player: 0, fold player: 0

send inquire msg to player 5555(seat:2) 
inquire/ 
6666 1960 2000 40 blind 
8888 1960 2000 20 blind 
total pot: 60 
/inquire 
recv from player 5555: fold 


send inquire msg to player 3333(seat:3) 
inquire/ 
5555 1960 2000 0 fold 
6666 1960 2000 40 blind 
8888 1960 2000 20 blind 
total pot: 60 
/inquire 
recv from player 3333: fold

send inquire msg to player 7777(seat:4) 
inquire/ 
3333 2080 2000 0 fold 
5555 1960 2000 0 fold 
6666 1960 2000 40 blind 
8888 1960 2000 20 blind 
total pot: 60 
/inquire 
recv from player 7777: fold 


send inquire msg to player 2222(seat:5) 
inquire/ 
7777 1540 2000 0 fold 
3333 2080 2000 0 fold 
5555 1960 2000 0 fold 
6666 1960 2000 40 blind 
8888 1960 2000 20 blind 
total pot: 60 
/inquire 
recv from player 2222: fold 


send inquire msg to player 4444(seat:6) 
inquire/ 
2222 2676 2000 0 fold 
7777 1540 2000 0 fold 
3333 2080 2000 0 fold 
5555 1960 2000 0 fold 
6666 1960 2000 40 blind 
8888 1960 2000 20 blind 
total pot: 60 
/inquire 
recv from player 4444: fold 


send inquire msg to player 1111(seat:7) 
inquire/ 
4444 2040 2000 0 fold 
2222 2676 2000 0 fold 
7777 1540 2000 0 fold 
3333 2080 2000 0 fold 
5555 1960 2000 0 fold 
6666 1960 2000 40 blind 
8888 1960 2000 20 blind 
total pot: 60 
/inquire 
recv from player 1111: fold 


send inquire msg to player 8888(seat:0) 
inquire/ 
1111 1724 2000 0 fold 
4444 2040 2000 0 fold 
2222 2676 2000 0 fold 
7777 1540 2000 0 fold 
3333 2080 2000 0 fold 
5555 1960 2000 0 fold 
6666 1960 2000 40 blind 
8888 1960 2000 20 blind 
total pot: 60 
/inquire 
recv from player 8888: fold


send inquire msg to player 6666(seat:1) 
inquire/ 
8888 1960 2000 20 fold 
1111 1724 2000 0 fold 
4444 2040 2000 0 fold 
2222 2676 2000 0 fold 
7777 1540 2000 0 fold 
3333 2080 2000 0 fold 
5555 1960 2000 0 fold 
6666 1960 2000 40 blind 
total pot: 60 
/inquire 
recv from player 6666: check

valid player: 8, all in player: 0, fold player: 7

----- send notify msg from 2 to 1(exclude) -----

send notify msg to player 5555(seat:2) 
notify/ 
6666 1960 2000 40 check 
8888 1960 2000 20 fold 
1111 1724 2000 0 fold 
4444 2040 2000 0 fold 
2222 2676 2000 0 fold 
7777 1540 2000 0 fold 
3333 2080 2000 0 fold 
5555 1960 2000 0 fold 
total pot: 60 
/notify 

send notify msg to player 3333(seat:3) 
notify/ 
5555 1960 2000 0 fold 
6666 1960 2000 40 check 
8888 1960 2000 20 fold 
1111 1724 2000 0 fold 
4444 2040 2000 0 fold 
2222 2676 2000 0 fold 
7777 1540 2000 0 fold 
3333 2080 2000 0 fold 
total pot: 60 
/notify 

send notify msg to player 7777(seat:4) 
notify/ 
3333 2080 2000 0 fold 
5555 1960 2000 0 fold 
6666 1960 2000 40 check 
8888 1960 2000 20 fold 
1111 1724 2000 0 fold 
4444 2040 2000 0 fold 
2222 2676 2000 0 fold 
7777 1540 2000 0 fold 
total pot: 60 
/notify 

send notify msg to player 2222(seat:5) 
notify/ 
7777 1540 2000 0 fold 
3333 2080 2000 0 fold 
5555 1960 2000 0 fold 
6666 1960 2000 40 check 
8888 1960 2000 20 fold 
1111 1724 2000 0 fold 
4444 2040 2000 0 fold 
2222 2676 2000 0 fold 
total pot: 60 
/notify 

player 4444(seat:6) doesn't need notify-msg

player 1111(seat:7) doesn't need notify-msg

player 8888(seat:0) doesn't need notify-msg

---flop round bet---
valid player: 8, all in player: 0, fold player: 7

---turn round bet---
valid player: 8, all in player: 0, fold player: 7

---river round bet---
valid player: 8, all in player: 0, fold player: 7

--- 1 players not fold, don't need show down---

---Allocate pot---
Only player at seat 1 not fold, win all the pot 60
pot-win/ 
6666: 60 
/pot-win 
it is player 8888's turn to be button

-----7 Hand-----

----- clean player data in socket -----
seat/ 
button: 8888 1960 2000 
small blind: 6666 2020 2000 
big blind: 5555 1960 2000 
3333 2080 2000 
7777 1540 2000 
2222 2676 2000 
4444 2040 2000 
1111 1724 2000 
/seat 
blind/ 
6666: 20 
5555: 40 
/blind 
player 6666:hold/ 
HEARTS 10 
CLUBS K 
/hold 
player 5555:hold/ 
DIAMONDS 5 
DIAMONDS 9 
/hold 
player 3333:hold/ 
DIAMONDS K 
HEARTS Q 
/hold 
player 7777:hold/ 
HEARTS A 
DIAMONDS 10 
/hold 
player 2222:hold/ 
HEARTS J 
DIAMONDS Q 
/hold 
player 4444:hold/ 
DIAMONDS J 
SPADES 10 
/hold 
player 1111:hold/ 
SPADES 4 
CLUBS 3 
/hold 
player 8888:hold/ 
HEARTS 3 
CLUBS 4 
/hold 

---pre flop round bet---
valid player: 8, all in player: 0, fold player: 0

send inquire msg to player 3333(seat:2) 
inquire/ 
5555 1920 2000 40 blind 
6666 2000 2000 20 blind 
total pot: 60 
/inquire 
recv from player 3333: raise 361

send inquire msg to player 7777(seat:3) 
inquire/ 
3333 1679 2000 401 raise 
5555 1920 2000 40 blind 
6666 2000 2000 20 blind 
total pot: 461 
/inquire 
recv from player 7777: fold 


send inquire msg to player 2222(seat:4) 
inquire/ 
7777 1540 2000 0 fold 
3333 1679 2000 401 raise 
5555 1920 2000 40 blind 
6666 2000 2000 20 blind 
total pot: 461 
/inquire 
recv from player 2222: fold 


send inquire msg to player 4444(seat:5) 
