

---GAME START @ 2015-5-14-10-58-40---
reg: 5555 raisecallbot 
reg: 4444 simplebot 
reg: 8888 callbot 
reg: 2222 randombot 
reg: 7777 cleverbot 
reg: 6666 simplebot 
reg: 1111 randombot 
reg: 3333 callbot 

-----1 Hand-----

----- clean player data in socket -----
seat/ 
button: 7777 2000 8000 
small blind: 4444 2000 8000 
big blind: 3333 2000 8000 
1111 2000 8000 
6666 2000 8000 
2222 2000 8000 
8888 2000 8000 
5555 2000 8000 
/seat 
blind/ 
4444: 50 
3333: 100 
/blind 
player 4444:hold/ 
HEARTS 2 
CLUBS 7 
/hold 
player 3333:hold/ 
HEARTS 3 
SPADES 5 
/hold 
player 1111:hold/ 
SPADES 8 
CLUBS J 
/hold 
player 6666:hold/ 
HEARTS 8 
HEARTS 7 
/hold 
player 2222:hold/ 
DIAMONDS 4 
DIAMONDS K 
/hold 
player 8888:hold/ 
HEARTS Q 
DIAMONDS 10 
/hold 
player 5555:hold/ 
CLUBS 2 
HEARTS 10 
/hold 
player 7777:hold/ 
CLUBS 3 
DIAMONDS 9 
/hold 

---pre flop round bet---
valid player: 8, all in player: 0, fold player: 0
send inquire msg to player 1111 
inquire/ 
3333 1900 8000 100 blind 
4444 1950 8000 50 blind 
total pot: 150 
/inquire 
recv from player 1111: fold
send inquire msg to player 6666 
inquire/ 
1111 2000 8000 0 fold 
3333 1900 8000 100 blind 
4444 1950 8000 50 blind 
total pot: 150 
/inquire 
recv from player 6666: raise 163
send inquire msg to player 2222 
inquire/ 
6666 1737 8000 263 raise 
1111 2000 8000 0 fold 
3333 1900 8000 100 blind 
4444 1950 8000 50 blind 
total pot: 413 
/inquire 
recv from player 2222: fold
send inquire msg to player 8888 
inquire/ 
2222 2000 8000 0 fold 
6666 1737 8000 263 raise 
1111 2000 8000 0 fold 
3333 1900 8000 100 blind 
4444 1950 8000 50 blind 
total pot: 413 
/inquire 
recv from player 8888: check
send inquire msg to player 5555 
inquire/ 
8888 1737 8000 263 call 
2222 2000 8000 0 fold 
6666 1737 8000 263 raise 
1111 2000 8000 0 fold 
3333 1900 8000 100 blind 
4444 1950 8000 50 blind 
total pot: 676 
/inquire 
recv from player 5555: raise 0
send inquire msg to player 7777 
inquire/ 
5555 1574 8000 426 raise 
8888 1737 8000 263 call 
2222 2000 8000 0 fold 
6666 1737 8000 263 raise 
1111 2000 8000 0 fold 
3333 1900 8000 100 blind 
4444 1950 8000 50 blind 
total pot: 1102 
/inquire 
recv from player 7777: fold
send inquire msg to player 4444 
inquire/ 
7777 2000 8000 0 fold 
5555 1574 8000 426 raise 
8888 1737 8000 263 call 
2222 2000 8000 0 fold 
6666 1737 8000 263 raise 
1111 2000 8000 0 fold 
3333 1900 8000 100 blind 
4444 1950 8000 50 blind 
total pot: 1102 
/inquire 
recv from player 4444: fold
send inquire msg to player 3333 
inquire/ 
4444 1950 8000 50 fold 
7777 2000 8000 0 fold 
5555 1574 8000 426 raise 
8888 1737 8000 263 call 
2222 2000 8000 0 fold 
6666 1737 8000 263 raise 
1111 2000 8000 0 fold 
3333 1900 8000 100 blind 
total pot: 1102 
/inquire 
recv from player 3333: check
send inquire msg to player 1111 
inquire/ 
3333 1574 8000 426 call 
4444 1950 8000 50 fold 
7777 2000 8000 0 fold 
5555 1574 8000 426 raise 
8888 1737 8000 263 call 
2222 2000 8000 0 fold 
6666 1737 8000 263 raise 
1111 2000 8000 0 fold 
total pot: 1428 
/inquire 
send inquire msg to player 6666 
inquire/ 
1111 2000 8000 0 fold 
3333 1574 8000 426 call 
4444 1950 8000 50 fold 
7777 2000 8000 0 fold 
5555 1574 8000 426 raise 
8888 1737 8000 263 call 
2222 2000 8000 0 fold 
6666 1737 8000 263 raise 
total pot: 1428 
/inquire 
recv from player 6666: check
send inquire msg to player 2222 
inquire/ 
6666 1574 8000 426 call 
1111 2000 8000 0 fold 
3333 1574 8000 426 call 
4444 1950 8000 50 fold 
7777 2000 8000 0 fold 
5555 1574 8000 426 raise 
8888 1737 8000 263 call 
2222 2000 8000 0 fold 
total pot: 1591 
/inquire 
send inquire msg to player 8888 
inquire/ 
2222 2000 8000 0 fold 
6666 1574 8000 426 call 
1111 2000 8000 0 fold 
3333 1574 8000 426 call 
4444 1950 8000 50 fold 
7777 2000 8000 0 fold 
5555 1574 8000 426 raise 
8888 1737 8000 263 call 
total pot: 1591 
/inquire 
recv from player 8888: check
flop/ 
CLUBS 4 
DIAMONDS 6 
SPADES 10 
/flop 

---flop round bet---
valid player: 8, all in player: 0, fold player: 4
send inquire msg to player 4444 
inquire/ 
7777 2000 8000 0 fold 
5555 1574 8000 426 raise 
8888 1574 8000 426 call 
2222 2000 8000 0 fold 
6666 1574 8000 426 call 
1111 2000 8000 0 fold 
3333 1574 8000 426 call 
4444 1950 8000 50 fold 
total pot: 1754 
/inquire 
send inquire msg to player 3333 
inquire/ 
4444 1950 8000 50 fold 
7777 2000 8000 0 fold 
5555 1574 8000 426 raise 
8888 1574 8000 426 call 
2222 2000 8000 0 fold 
6666 1574 8000 426 call 
1111 2000 8000 0 fold 
3333 1574 8000 426 call 
total pot: 1754 
/inquire 
recv from player 3333: check
send inquire msg to player 1111 
inquire/ 
3333 1574 8000 426 check 
4444 1950 8000 50 fold 
7777 2000 8000 0 fold 
5555 1574 8000 426 raise 
8888 1574 8000 426 call 
2222 2000 8000 0 fold 
6666 1574 8000 426 call 
1111 2000 8000 0 fold 
total pot: 1754 
/inquire 
send inquire msg to player 6666 
inquire/ 
1111 2000 8000 0 fold 
3333 1574 8000 426 check 
4444 1950 8000 50 fold 
7777 2000 8000 0 fold 
5555 1574 8000 426 raise 
8888 1574 8000 426 call 
2222 2000 8000 0 fold 
6666 1574 8000 426 call 
total pot: 1754 
/inquire 
recv from player 6666: check
send inquire msg to player 2222 
inquire/ 
6666 1574 8000 426 check 
1111 2000 8000 0 fold 
3333 1574 8000 426 check 
4444 1950 8000 50 fold 
7777 2000 8000 0 fold 
5555 1574 8000 426 raise 
8888 1574 8000 426 call 
2222 2000 8000 0 fold 
total pot: 1754 
/inquire 
send inquire msg to player 8888 
inquire/ 
2222 2000 8000 0 fold 
6666 1574 8000 426 check 
1111 2000 8000 0 fold 
3333 1574 8000 426 check 
4444 1950 8000 50 fold 
7777 2000 8000 0 fold 
5555 1574 8000 426 raise 
8888 1574 8000 426 call 
total pot: 1754 
/inquire 
recv from player 8888: check
send inquire msg to player 5555 
inquire/ 
8888 1574 8000 426 check 
2222 2000 8000 0 fold 
6666 1574 8000 426 check 
1111 2000 8000 0 fold 
3333 1574 8000 426 check 
4444 1950 8000 50 fold 
7777 2000 8000 0 fold 
5555 1574 8000 426 raise 
total pot: 1754 
/inquire 
recv from player 5555: raise 0
send inquire msg to player 7777 
inquire/ 
5555 1474 8000 526 raise 
8888 1574 8000 426 check 
2222 2000 8000 0 fold 
6666 1574 8000 426 check 
1111 2000 8000 0 fold 
3333 1574 8000 426 check 
4444 1950 8000 50 fold 
7777 2000 8000 0 fold 
total pot: 1854 
/inquire 
send inquire msg to player 4444 
inquire/ 
7777 2000 8000 0 fold 
5555 1474 8000 526 raise 
8888 1574 8000 426 check 
2222 2000 8000 0 fold 
6666 1574 8000 426 check 
1111 2000 8000 0 fold 
3333 1574 8000 426 check 
4444 1950 8000 50 fold 
total pot: 1854 
/inquire 
send inquire msg to player 3333 
inquire/ 
4444 1950 8000 50 fold 
7777 2000 8000 0 fold 
5555 1474 8000 526 raise 
8888 1574 8000 426 check 
2222 2000 8000 0 fold 
6666 1574 8000 426 check 
1111 2000 8000 0 fold 
3333 1574 8000 426 check 
total pot: 1854 
/inquire 
recv from player 3333: check
send inquire msg to player 1111 
inquire/ 
3333 1474 8000 526 call 
4444 1950 8000 50 fold 
7777 2000 8000 0 fold 
5555 1474 8000 526 raise 
8888 1574 8000 426 check 
2222 2000 8000 0 fold 
6666 1574 8000 426 check 
1111 2000 8000 0 fold 
total pot: 1954 
/inquire 
send inquire msg to player 6666 
inquire/ 
1111 2000 8000 0 fold 
3333 1474 8000 526 call 
4444 1950 8000 50 fold 
7777 2000 8000 0 fold 
5555 1474 8000 526 raise 
8888 1574 8000 426 check 
2222 2000 8000 0 fold 
6666 1574 8000 426 check 
total pot: 1954 
/inquire 
recv from player 6666: check
send inquire msg to player 2222 
inquire/ 
6666 1474 8000 526 call 
1111 2000 8000 0 fold 
3333 1474 8000 526 call 
4444 1950 8000 50 fold 
7777 2000 8000 0 fold 
5555 1474 8000 526 raise 
8888 1574 8000 426 check 
2222 2000 8000 0 fold 
total pot: 2054 
/inquire 
send inquire msg to player 8888 
inquire/ 
2222 2000 8000 0 fold 
6666 1474 8000 526 call 
1111 2000 8000 0 fold 
3333 1474 8000 526 call 
4444 1950 8000 50 fold 
7777 2000 8000 0 fold 
5555 1474 8000 526 raise 
8888 1574 8000 426 check 
total pot: 2054 
/inquire 
recv from player 8888: check
turn/ 
CLUBS 10 
/turn 

---turn round bet---
valid player: 8, all in player: 0, fold player: 4
send inquire msg to player 4444 
inquire/ 
7777 2000 8000 0 fold 
5555 1474 8000 526 raise 
8888 1474 8000 526 call 
2222 2000 8000 0 fold 
6666 1474 8000 526 call 
1111 2000 8000 0 fold 
3333 1474 8000 526 call 
4444 1950 8000 50 fold 
total pot: 2154 
/inquire 
send inquire msg to player 3333 
inquire/ 
4444 1950 8000 50 fold 
7777 2000 8000 0 fold 
5555 1474 8000 526 raise 
8888 1474 8000 526 call 
2222 2000 8000 0 fold 
6666 1474 8000 526 call 
1111 2000 8000 0 fold 
3333 1474 8000 526 call 
total pot: 2154 
/inquire 
recv from player 3333: check
send inquire msg to player 1111 
inquire/ 
3333 1474 8000 526 check 
4444 1950 8000 50 fold 
7777 2000 8000 0 fold 
5555 1474 8000 526 raise 
8888 1474 8000 526 call 
2222 2000 8000 0 fold 
6666 1474 8000 526 call 
1111 2000 8000 0 fold 
total pot: 2154 
/inquire 
send inquire msg to player 6666 
inquire/ 
1111 2000 8000 0 fold 
3333 1474 8000 526 check 
4444 1950 8000 50 fold 
7777 2000 8000 0 fold 
5555 1474 8000 526 raise 
8888 1474 8000 526 call 
2222 2000 8000 0 fold 
6666 1474 8000 526 call 
total pot: 2154 
/inquire 
recv from player 6666: check
send inquire msg to player 2222 
inquire/ 
6666 1474 8000 526 check 
1111 2000 8000 0 fold 
3333 1474 8000 526 check 
4444 1950 8000 50 fold 
7777 2000 8000 0 fold 
5555 1474 8000 526 raise 
8888 1474 8000 526 call 
2222 2000 8000 0 fold 
total pot: 2154 
/inquire 
send inquire msg to player 8888 
inquire/ 
2222 2000 8000 0 fold 
6666 1474 8000 526 check 
1111 2000 8000 0 fold 
3333 1474 8000 526 check 
4444 1950 8000 50 fold 
7777 2000 8000 0 fold 
5555 1474 8000 526 raise 
8888 1474 8000 526 call 
total pot: 2154 
/inquire 
recv from player 8888: check
send inquire msg to player 5555 
inquire/ 
8888 1474 8000 526 check 
2222 2000 8000 0 fold 
6666 1474 8000 526 check 
1111 2000 8000 0 fold 
3333 1474 8000 526 check 
4444 1950 8000 50 fold 
7777 2000 8000 0 fold 
5555 1474 8000 526 raise 
total pot: 2154 
/inquire 
recv from player 5555: check
river/ 
SPADES 9 
/river 

---river round bet---
valid player: 8, all in player: 0, fold player: 4
send inquire msg to player 4444 
inquire/ 
7777 2000 8000 0 fold 
5555 1474 8000 526 check 
8888 1474 8000 526 check 
2222 2000 8000 0 fold 
6666 1474 8000 526 check 
1111 2000 8000 0 fold 
3333 1474 8000 526 check 
4444 1950 8000 50 fold 
total pot: 2154 
/inquire 
send inquire msg to player 3333 
inquire/ 
4444 1950 8000 50 fold 
7777 2000 8000 0 fold 
5555 1474 8000 526 check 
8888 1474 8000 526 check 
2222 2000 8000 0 fold 
6666 1474 8000 526 check 
1111 2000 8000 0 fold 
3333 1474 8000 526 check 
total pot: 2154 
/inquire 
recv from player 3333: check
send inquire msg to player 1111 
inquire/ 
3333 1474 8000 526 check 
4444 1950 8000 50 fold 
7777 2000 8000 0 fold 
5555 1474 8000 526 check 
8888 1474 8000 526 check 
2222 2000 8000 0 fold 
6666 1474 8000 526 check 
1111 2000 8000 0 fold 
total pot: 2154 
/inquire 
send inquire msg to player 6666 
inquire/ 
1111 2000 8000 0 fold 
3333 1474 8000 526 check 
4444 1950 8000 50 fold 
7777 2000 8000 0 fold 
5555 1474 8000 526 check 
8888 1474 8000 526 check 
2222 2000 8000 0 fold 
6666 1474 8000 526 check 
total pot: 2154 
/inquire 
recv from player 6666: raise 292
send inquire msg to player 2222 
inquire/ 
6666 1182 8000 818 raise 
1111 2000 8000 0 fold 
3333 1474 8000 526 check 
4444 1950 8000 50 fold 
7777 2000 8000 0 fold 
5555 1474 8000 526 check 
8888 1474 8000 526 check 
2222 2000 8000 0 fold 
total pot: 2446 
/inquire 
send inquire msg to player 8888 
inquire/ 
2222 2000 8000 0 fold 
6666 1182 8000 818 raise 
1111 2000 8000 0 fold 
3333 1474 8000 526 check 
4444 1950 8000 50 fold 
7777 2000 8000 0 fold 
5555 1474 8000 526 check 
8888 1474 8000 526 check 
total pot: 2446 
/inquire 
recv from player 8888: check
send inquire msg to player 5555 
inquire/ 
8888 1182 8000 818 call 
2222 2000 8000 0 fold 
6666 1182 8000 818 raise 
1111 2000 8000 0 fold 
3333 1474 8000 526 check 
4444 1950 8000 50 fold 
7777 2000 8000 0 fold 
5555 1474 8000 526 check 
total pot: 2738 
/inquire 
recv from player 5555: check
send inquire msg to player 7777 
inquire/ 
5555 1182 8000 818 call 
8888 1182 8000 818 call 
2222 2000 8000 0 fold 
6666 1182 8000 818 raise 
1111 2000 8000 0 fold 
3333 1474 8000 526 check 
4444 1950 8000 50 fold 
7777 2000 8000 0 fold 
total pot: 3030 
/inquire 
send inquire msg to player 4444 
inquire/ 
7777 2000 8000 0 fold 
5555 1182 8000 818 call 
8888 1182 8000 818 call 
2222 2000 8000 0 fold 
6666 1182 8000 818 raise 
1111 2000 8000 0 fold 
3333 1474 8000 526 check 
4444 1950 8000 50 fold 
total pot: 3030 
/inquire 
send inquire msg to player 3333 
inquire/ 
4444 1950 8000 50 fold 
7777 2000 8000 0 fold 
5555 1182 8000 818 call 
8888 1182 8000 818 call 
2222 2000 8000 0 fold 
6666 1182 8000 818 raise 
1111 2000 8000 0 fold 
3333 1474 8000 526 check 
total pot: 3030 
/inquire 
recv from player 3333: check

---show down---
showdown/ 
common/ 
CLUBS 4 
DIAMONDS 6 
SPADES 10 
CLUBS 10 
SPADES 9 
/common 
4: 3333 HEARTS 3 SPADES 5 ONE_PAIR 
1: 6666 HEARTS 8 HEARTS 7 STRAIGHT 
2: 8888 HEARTS Q DIAMONDS 10 THREE_OF_A_KIND 
3: 5555 CLUBS 2 HEARTS 10 THREE_OF_A_KIND 
/showdown 

---Allocate pot---
pot-win/ 
6666: 3322 
/pot-win 
it is player 4444's turn to be button

-----2 Hand-----

----- clean player data in socket -----
seat/ 
button: 4444 1950 8000 
small blind: 3333 1182 8000 
big blind: 1111 2000 8000 
6666 4504 8000 
2222 2000 8000 
8888 1182 8000 
5555 1182 8000 
7777 2000 8000 
/seat 
blind/ 
3333: 50 
1111: 100 
/blind 
player 3333:hold/ 
SPADES 5 
SPADES J 
/hold 
player 1111:hold/ 
HEARTS A 
CLUBS 10 
/hold 
player 6666:hold/ 
DIAMONDS 3 
CLUBS 6 
/hold 
player 2222:hold/ 
HEARTS K 
CLUBS 7 
/hold 
player 8888:hold/ 
DIAMONDS 6 
HEARTS 8 
/hold 
player 5555:hold/ 
SPADES 4 
HEARTS 10 
/hold 
player 7777:hold/ 
HEARTS 9 
DIAMONDS J 
/hold 
player 4444:hold/ 
SPADES A 
DIAMONDS K 
/hold 

---pre flop round bet---
valid player: 8, all in player: 0, fold player: 0
send inquire msg to player 6666 
inquire/ 
1111 1900 8000 100 blind 
3333 1132 8000 50 blind 
total pot: 150 
/inquire 
recv from player 6666: raise 137
send inquire msg to player 2222 
inquire/ 
6666 4267 8000 237 raise 
1111 1900 8000 100 blind 
3333 1132 8000 50 blind 
total pot: 387 
/inquire 
recv from player 2222: check
send inquire msg to player 8888 
inquire/ 
2222 1763 8000 237 call 
6666 4267 8000 237 raise 
1111 1900 8000 100 blind 
3333 1132 8000 50 blind 
total pot: 624 
/inquire 
recv from player 8888: check
send inquire msg to player 5555 
inquire/ 
8888 945 8000 237 call 
2222 1763 8000 237 call 
6666 4267 8000 237 raise 
1111 1900 8000 100 blind 
3333 1132 8000 50 blind 
total pot: 861 
/inquire 
recv from player 5555: check
send inquire msg to player 7777 
inquire/ 
5555 945 8000 237 call 
8888 945 8000 237 call 
2222 1763 8000 237 call 
6666 4267 8000 237 raise 
1111 1900 8000 100 blind 
3333 1132 8000 50 blind 
total pot: 1098 
/inquire 
recv from player 7777: check
send inquire msg to player 4444 
inquire/ 
7777 1763 8000 237 call 
5555 945 8000 237 call 
8888 945 8000 237 call 
2222 1763 8000 237 call 
6666 4267 8000 237 raise 
1111 1900 8000 100 blind 
3333 1132 8000 50 blind 
total pot: 1335 
/inquire 
recv from player 4444: raise 258
send inquire msg to player 3333 
inquire/ 
4444 1455 8000 495 raise 
7777 1763 8000 237 call 
5555 945 8000 237 call 
8888 945 8000 237 call 
2222 1763 8000 237 call 
6666 4267 8000 237 raise 
1111 1900 8000 100 blind 
3333 1132 8000 50 blind 
total pot: 1830 
/inquire 
recv from player 3333: check
send inquire msg to player 1111 
inquire/ 
3333 687 8000 495 call 
4444 1455 8000 495 raise 
7777 1763 8000 237 call 
5555 945 8000 237 call 
8888 945 8000 237 call 
2222 1763 8000 237 call 
6666 4267 8000 237 raise 
1111 1900 8000 100 blind 
total pot: 2275 
/inquire 
recv from player 1111: fold
send inquire msg to player 6666 
inquire/ 
1111 1900 8000 100 fold 
3333 687 8000 495 call 
4444 1455 8000 495 raise 
7777 1763 8000 237 call 
5555 945 8000 237 call 
8888 945 8000 237 call 
2222 1763 8000 237 call 
6666 4267 8000 237 raise 
total pot: 2275 
/inquire 
recv from player 6666: check
send inquire msg to player 2222 
inquire/ 
6666 4009 8000 495 call 
1111 1900 8000 100 fold 
3333 687 8000 495 call 
4444 1455 8000 495 raise 
7777 1763 8000 237 call 
5555 945 8000 237 call 
8888 945 8000 237 call 
2222 1763 8000 237 call 
total pot: 2533 
/inquire 
recv from player 2222: fold
send inquire msg to player 8888 
inquire/ 
2222 1763 8000 237 fold 
6666 4009 8000 495 call 
1111 1900 8000 100 fold 
3333 687 8000 495 call 
4444 1455 8000 495 raise 
7777 1763 8000 237 call 
5555 945 8000 237 call 
8888 945 8000 237 call 
total pot: 2533 
/inquire 
recv from player 8888: check
send inquire msg to player 5555 
inquire/ 
8888 687 8000 495 call 
2222 1763 8000 237 fold 
6666 4009 8000 495 call 
1111 1900 8000 100 fold 
3333 687 8000 495 call 
4444 1455 8000 495 raise 
7777 1763 8000 237 call 
5555 945 8000 237 call 
total pot: 2791 
/inquire 
recv from player 5555: raise 0
send inquire msg to player 7777 
inquire/ 
5555 429 8000 753 raise 
8888 687 8000 495 call 
2222 1763 8000 237 fold 
6666 4009 8000 495 call 
1111 1900 8000 100 fold 
3333 687 8000 495 call 
4444 1455 8000 495 raise 
7777 1763 8000 237 call 
total pot: 3307 
/inquire 
recv from player 7777: fold
send inquire msg to player 4444 
inquire/ 
7777 1763 8000 237 fold 
5555 429 8000 753 raise 
8888 687 8000 495 call 
2222 1763 8000 237 fold 
6666 4009 8000 495 call 
1111 1900 8000 100 fold 
3333 687 8000 495 call 
4444 1455 8000 495 raise 
total pot: 3307 
/inquire 
recv from player 4444: check
send inquire msg to player 3333 
inquire/ 
4444 1197 8000 753 call 
7777 1763 8000 237 fold 
5555 429 8000 753 raise 
8888 687 8000 495 call 
2222 1763 8000 237 fold 
6666 4009 8000 495 call 
1111 1900 8000 100 fold 
3333 687 8000 495 call 
total pot: 3565 
/inquire 
recv from player 3333: check
send inquire msg to player 1111 
inquire/ 
3333 429 8000 753 call 
4444 1197 8000 753 call 
7777 1763 8000 237 fold 
5555 429 8000 753 raise 
8888 687 8000 495 call 
2222 1763 8000 237 fold 
6666 4009 8000 495 call 
1111 1900 8000 100 fold 
total pot: 3823 
/inquire 
send inquire msg to player 6666 
inquire/ 
1111 1900 8000 100 fold 
3333 429 8000 753 call 
4444 1197 8000 753 call 
7777 1763 8000 237 fold 
5555 429 8000 753 raise 
8888 687 8000 495 call 
2222 1763 8000 237 fold 
6666 4009 8000 495 call 
total pot: 3823 
/inquire 
recv from player 6666: check
send inquire msg to player 2222 
inquire/ 
6666 3751 8000 753 call 
1111 1900 8000 100 fold 
3333 429 8000 753 call 
4444 1197 8000 753 call 
7777 1763 8000 237 fold 
5555 429 8000 753 raise 
8888 687 8000 495 call 
2222 1763 8000 237 fold 
total pot: 4081 
/inquire 
send inquire msg to player 8888 
inquire/ 
2222 1763 8000 237 fold 
6666 3751 8000 753 call 
1111 1900 8000 100 fold 
3333 429 8000 753 call 
4444 1197 8000 753 call 
7777 1763 8000 237 fold 
5555 429 8000 753 raise 
8888 687 8000 495 call 
total pot: 4081 
/inquire 
recv from player 8888: check
flop/ 
CLUBS 9 
DIAMONDS A 
SPADES 2 
/flop 

---flop round bet---
valid player: 8, all in player: 0, fold player: 3
send inquire msg to player 3333 
inquire/ 
4444 1197 8000 753 call 
7777 1763 8000 237 fold 
5555 429 8000 753 raise 
8888 429 8000 753 call 
2222 1763 8000 237 fold 
6666 3751 8000 753 call 
1111 1900 8000 100 fold 
3333 429 8000 753 call 
total pot: 4339 
/inquire 
recv from player 3333: check
send inquire msg to player 1111 
inquire/ 
3333 429 8000 753 check 
4444 1197 8000 753 call 
7777 1763 8000 237 fold 
5555 429 8000 753 raise 
8888 429 8000 753 call 
2222 1763 8000 237 fold 
6666 3751 8000 753 call 
1111 1900 8000 100 fold 
total pot: 4339 
/inquire 
send inquire msg to player 6666 
inquire/ 
1111 1900 8000 100 fold 
3333 429 8000 753 check 
4444 1197 8000 753 call 
7777 1763 8000 237 fold 
5555 429 8000 753 raise 
8888 429 8000 753 call 
2222 1763 8000 237 fold 
6666 3751 8000 753 call 
total pot: 4339 
/inquire 
recv from player 6666: check
send inquire msg to player 2222 
inquire/ 
6666 3751 8000 753 check 
1111 1900 8000 100 fold 
3333 429 8000 753 check 
4444 1197 8000 753 call 
7777 1763 8000 237 fold 
5555 429 8000 753 raise 
8888 429 8000 753 call 
2222 1763 8000 237 fold 
total pot: 4339 
/inquire 
send inquire msg to player 8888 
inquire/ 
2222 1763 8000 237 fold 
6666 3751 8000 753 check 
1111 1900 8000 100 fold 
3333 429 8000 753 check 
4444 1197 8000 753 call 
7777 1763 8000 237 fold 
5555 429 8000 753 raise 
8888 429 8000 753 call 
total pot: 4339 
/inquire 
recv from player 8888: check
send inquire msg to player 5555 
inquire/ 
8888 429 8000 753 check 
2222 1763 8000 237 fold 
6666 3751 8000 753 check 
1111 1900 8000 100 fold 
3333 429 8000 753 check 
4444 1197 8000 753 call 
7777 1763 8000 237 fold 
5555 429 8000 753 raise 
total pot: 4339 
/inquire 
recv from player 5555: check
send inquire msg to player 7777 
inquire/ 
5555 429 8000 753 check 
8888 429 8000 753 check 
2222 1763 8000 237 fold 
6666 3751 8000 753 check 
1111 1900 8000 100 fold 
3333 429 8000 753 check 
4444 1197 8000 753 call 
7777 1763 8000 237 fold 
total pot: 4339 
/inquire 
send inquire msg to player 4444 
inquire/ 
7777 1763 8000 237 fold 
5555 429 8000 753 check 
8888 429 8000 753 check 
2222 1763 8000 237 fold 
6666 3751 8000 753 check 
1111 1900 8000 100 fold 
3333 429 8000 753 check 
4444 1197 8000 753 call 
total pot: 4339 
/inquire 
recv from player 4444: check
turn/ 
HEARTS 2 
/turn 

---turn round bet---
valid player: 8, all in player: 0, fold player: 3
send inquire msg to player 3333 
inquire/ 
4444 1197 8000 753 check 
7777 1763 8000 237 fold 
5555 429 8000 753 check 
8888 429 8000 753 check 
2222 1763 8000 237 fold 
6666 3751 8000 753 check 
1111 1900 8000 100 fold 
3333 429 8000 753 check 
total pot: 4339 
/inquire 
recv from player 3333: check
send inquire msg to player 1111 
inquire/ 
3333 429 8000 753 check 
4444 1197 8000 753 check 
7777 1763 8000 237 fold 
5555 429 8000 753 check 
8888 429 8000 753 check 
2222 1763 8000 237 fold 
6666 3751 8000 753 check 
1111 1900 8000 100 fold 
total pot: 4339 
/inquire 
send inquire msg to player 6666 
inquire/ 
1111 1900 8000 100 fold 
3333 429 8000 753 check 
4444 1197 8000 753 check 
7777 1763 8000 237 fold 
5555 429 8000 753 check 
8888 429 8000 753 check 
2222 1763 8000 237 fold 
6666 3751 8000 753 check 
total pot: 4339 
/inquire 
recv from player 6666: check
send inquire msg to player 2222 
inquire/ 
6666 3751 8000 753 check 
1111 1900 8000 100 fold 
3333 429 8000 753 check 
4444 1197 8000 753 check 
7777 1763 8000 237 fold 
5555 429 8000 753 check 
8888 429 8000 753 check 
2222 1763 8000 237 fold 
total pot: 4339 
/inquire 
send inquire msg to player 8888 
inquire/ 
2222 1763 8000 237 fold 
6666 3751 8000 753 check 
1111 1900 8000 100 fold 
3333 429 8000 753 check 
4444 1197 8000 753 check 
7777 1763 8000 237 fold 
5555 429 8000 753 check 
8888 429 8000 753 check 
total pot: 4339 
/inquire 
recv from player 8888: check
send inquire msg to player 5555 
inquire/ 
8888 429 8000 753 check 
2222 1763 8000 237 fold 
6666 3751 8000 753 check 
1111 1900 8000 100 fold 
3333 429 8000 753 check 
4444 1197 8000 753 check 
7777 1763 8000 237 fold 
5555 429 8000 753 check 
total pot: 4339 
/inquire 
recv from player 5555: check
send inquire msg to player 7777 
inquire/ 
5555 429 8000 753 check 
8888 429 8000 753 check 
2222 1763 8000 237 fold 
6666 3751 8000 753 check 
1111 1900 8000 100 fold 
3333 429 8000 753 check 
4444 1197 8000 753 check 
7777 1763 8000 237 fold 
total pot: 4339 
/inquire 
send inquire msg to player 4444 
inquire/ 
7777 1763 8000 237 fold 
5555 429 8000 753 check 
8888 429 8000 753 check 
2222 1763 8000 237 fold 
6666 3751 8000 753 check 
1111 1900 8000 100 fold 
3333 429 8000 753 check 
4444 1197 8000 753 check 
total pot: 4339 
/inquire 
recv from player 4444: check
river/ 
DIAMONDS 9 
/river 

---river round bet---
valid player: 8, all in player: 0, fold player: 3
send inquire msg to player 3333 
inquire/ 
4444 1197 8000 753 check 
7777 1763 8000 237 fold 
5555 429 8000 753 check 
8888 429 8000 753 check 
2222 1763 8000 237 fold 
6666 3751 8000 753 check 
1111 1900 8000 100 fold 
3333 429 8000 753 check 
total pot: 4339 
/inquire 
recv from player 3333: check
send inquire msg to player 1111 
inquire/ 
3333 429 8000 753 check 
4444 1197 8000 753 check 
7777 1763 8000 237 fold 
5555 429 8000 753 check 
8888 429 8000 753 check 
2222 1763 8000 237 fold 
6666 3751 8000 753 check 
1111 1900 8000 100 fold 
total pot: 4339 
/inquire 
send inquire msg to player 6666 
inquire/ 
1111 1900 8000 100 fold 
3333 429 8000 753 check 
4444 1197 8000 753 check 
7777 1763 8000 237 fold 
5555 429 8000 753 check 
8888 429 8000 753 check 
2222 1763 8000 237 fold 
6666 3751 8000 753 check 
total pot: 4339 
/inquire 
recv from player 6666: check
send inquire msg to player 2222 
inquire/ 
6666 3751 8000 753 check 
1111 1900 8000 100 fold 
3333 429 8000 753 check 
4444 1197 8000 753 check 
7777 1763 8000 237 fold 
5555 429 8000 753 check 
8888 429 8000 753 check 
2222 1763 8000 237 fold 
total pot: 4339 
/inquire 
send inquire msg to player 8888 
inquire/ 
2222 1763 8000 237 fold 
6666 3751 8000 753 check 
1111 1900 8000 100 fold 
3333 429 8000 753 check 
4444 1197 8000 753 check 
7777 1763 8000 237 fold 
5555 429 8000 753 check 
8888 429 8000 753 check 
total pot: 4339 
/inquire 
recv from player 8888: check
send inquire msg to player 5555 
inquire/ 
8888 429 8000 753 check 
2222 1763 8000 237 fold 
6666 3751 8000 753 check 
1111 1900 8000 100 fold 
3333 429 8000 753 check 
4444 1197 8000 753 check 
7777 1763 8000 237 fold 
5555 429 8000 753 check 
total pot: 4339 
/inquire 
recv from player 5555: check
send inquire msg to player 7777 
inquire/ 
5555 429 8000 753 check 
8888 429 8000 753 check 
2222 1763 8000 237 fold 
6666 3751 8000 753 check 
1111 1900 8000 100 fold 
3333 429 8000 753 check 
4444 1197 8000 753 check 
7777 1763 8000 237 fold 
total pot: 4339 
/inquire 
send inquire msg to player 4444 
inquire/ 
7777 1763 8000 237 fold 
5555 429 8000 753 check 
8888 429 8000 753 check 
2222 1763 8000 237 fold 
6666 3751 8000 753 check 
1111 1900 8000 100 fold 
3333 429 8000 753 check 
4444 1197 8000 753 check 
total pot: 4339 
/inquire 
recv from player 4444: check

---show down---
showdown/ 
common/ 
CLUBS 9 
DIAMONDS A 
SPADES 2 
HEARTS 2 
DIAMONDS 9 
/common 
2: 3333 SPADES 5 SPADES J TWO_PAIR 
2: 6666 DIAMONDS 3 CLUBS 6 TWO_PAIR 
2: 8888 DIAMONDS 6 HEARTS 8 TWO_PAIR 
2: 5555 SPADES 4 HEARTS 10 TWO_PAIR 
1: 4444 SPADES A DIAMONDS K TWO_PAIR 
/showdown 

---Allocate pot---
pot-win/ 
4444: 4339 
/pot-win 
it is player 3333's turn to be button

-----3 Hand-----

----- clean player data in socket -----
seat/ 
button: 3333 429 8000 
small blind: 1111 1900 8000 
big blind: 6666 3751 8000 
2222 1763 8000 
8888 429 8000 
5555 429 8000 
7777 1763 8000 
4444 5536 8000 
/seat 
blind/ 
1111: 50 
6666: 100 
/blind 
player 1111:hold/ 
CLUBS 3 
SPADES K 
/hold 
player 6666:hold/ 
HEARTS 3 
SPADES 9 
/hold 
player 2222:hold/ 
CLUBS 4 
CLUBS 7 
/hold 
player 8888:hold/ 
DIAMONDS A 
DIAMONDS 7 
/hold 
player 5555:hold/ 
SPADES 10 
SPADES 5 
/hold 
player 7777:hold/ 
DIAMONDS Q 
DIAMONDS 10 
/hold 
player 4444:hold/ 
DIAMONDS 4 
HEARTS 2 
/hold 
player 3333:hold/ 
CLUBS 6 
SPADES 6 
/hold 

---pre flop round bet---
valid player: 8, all in player: 0, fold player: 0
send inquire msg to player 2222 
inquire/ 
6666 3651 8000 100 blind 
1111 1850 8000 50 blind 
total pot: 150 
/inquire 
recv from player 2222: fold
send inquire msg to player 8888 
inquire/ 
2222 1763 8000 0 fold 
6666 3651 8000 100 blind 
1111 1850 8000 50 blind 
total pot: 150 
/inquire 
recv from player 8888: check
send inquire msg to player 5555 
inquire/ 
8888 329 8000 100 call 
2222 1763 8000 0 fold 
6666 3651 8000 100 blind 
1111 1850 8000 50 blind 
total pot: 250 
/inquire 
recv from player 5555: raise 0
send inquire msg to player 7777 
inquire/ 
5555 229 8000 200 raise 
8888 329 8000 100 call 
2222 1763 8000 0 fold 
6666 3651 8000 100 blind 
1111 1850 8000 50 blind 
total pot: 450 
/inquire 
recv from player 7777: check
send inquire msg to player 4444 
inquire/ 
7777 1563 8000 200 call 
5555 229 8000 200 raise 
8888 329 8000 100 call 
2222 1763 8000 0 fold 
6666 3651 8000 100 blind 
1111 1850 8000 50 blind 
total pot: 650 
/inquire 
recv from player 4444: check
send inquire msg to player 3333 
inquire/ 
4444 5336 8000 200 call 
7777 1563 8000 200 call 
5555 229 8000 200 raise 
8888 329 8000 100 call 
2222 1763 8000 0 fold 
6666 3651 8000 100 blind 
1111 1850 8000 50 blind 
total pot: 850 
/inquire 
recv from player 3333: check
send inquire msg to player 1111 
inquire/ 
3333 229 8000 200 call 
4444 5336 8000 200 call 
7777 1563 8000 200 call 
5555 229 8000 200 raise 
8888 329 8000 100 call 
2222 1763 8000 0 fold 
6666 3651 8000 100 blind 
1111 1850 8000 50 blind 
total pot: 1050 
/inquire 
recv from player 1111: check
send inquire msg to player 6666 
inquire/ 
1111 1700 8000 200 call 
3333 229 8000 200 call 
4444 5336 8000 200 call 
7777 1563 8000 200 call 
5555 229 8000 200 raise 
8888 329 8000 100 call 
2222 1763 8000 0 fold 
6666 3651 8000 100 blind 
total pot: 1200 
/inquire 
recv from player 6666: check
send inquire msg to player 2222 
inquire/ 
6666 3551 8000 200 call 
1111 1700 8000 200 call 
3333 229 8000 200 call 
4444 5336 8000 200 call 
7777 1563 8000 200 call 
5555 229 8000 200 raise 
8888 329 8000 100 call 
2222 1763 8000 0 fold 
total pot: 1300 
/inquire 
send inquire msg to player 8888 
inquire/ 
2222 1763 8000 0 fold 
6666 3551 8000 200 call 
1111 1700 8000 200 call 
3333 229 8000 200 call 
4444 5336 8000 200 call 
7777 1563 8000 200 call 
5555 229 8000 200 raise 
8888 329 8000 100 call 
total pot: 1300 
/inquire 
recv from player 8888: check
flop/ 
HEARTS 5 
SPADES A 
DIAMONDS 5 
/flop 

---flop round bet---
valid player: 8, all in player: 0, fold player: 1
send inquire msg to player 1111 
inquire/ 
3333 229 8000 200 call 
4444 5336 8000 200 call 
7777 1563 8000 200 call 
5555 229 8000 200 raise 
8888 229 8000 200 call 
2222 1763 8000 0 fold 
6666 3551 8000 200 call 
1111 1700 8000 200 call 
total pot: 1400 
/inquire 
recv from player 1111: fold
send inquire msg to player 6666 
inquire/ 
1111 1700 8000 200 fold 
3333 229 8000 200 call 
4444 5336 8000 200 call 
7777 1563 8000 200 call 
5555 229 8000 200 raise 
8888 229 8000 200 call 
2222 1763 8000 0 fold 
6666 3551 8000 200 call 
total pot: 1400 
/inquire 
recv from player 6666: check
send inquire msg to player 2222 
inquire/ 
6666 3551 8000 200 check 
1111 1700 8000 200 fold 
3333 229 8000 200 call 
4444 5336 8000 200 call 
7777 1563 8000 200 call 
5555 229 8000 200 raise 
8888 229 8000 200 call 
2222 1763 8000 0 fold 
total pot: 1400 
/inquire 
send inquire msg to player 8888 
inquire/ 
2222 1763 8000 0 fold 
6666 3551 8000 200 check 
1111 1700 8000 200 fold 
3333 229 8000 200 call 
4444 5336 8000 200 call 
7777 1563 8000 200 call 
5555 229 8000 200 raise 
8888 229 8000 200 call 
total pot: 1400 
/inquire 
recv from player 8888: check
send inquire msg to player 5555 
inquire/ 
8888 229 8000 200 check 
2222 1763 8000 0 fold 
6666 3551 8000 200 check 
1111 1700 8000 200 fold 
3333 229 8000 200 call 
4444 5336 8000 200 call 
7777 1563 8000 200 call 
5555 229 8000 200 raise 
total pot: 1400 
/inquire 
recv from player 5555: check
send inquire msg to player 7777 
inquire/ 
5555 229 8000 200 check 
8888 229 8000 200 check 
2222 1763 8000 0 fold 
6666 3551 8000 200 check 
1111 1700 8000 200 fold 
3333 229 8000 200 call 
4444 5336 8000 200 call 
7777 1563 8000 200 call 
total pot: 1400 
/inquire 
recv from player 7777: check
send inquire msg to player 4444 
inquire/ 
7777 1563 8000 200 check 
5555 229 8000 200 check 
8888 229 8000 200 check 
2222 1763 8000 0 fold 
6666 3551 8000 200 check 
1111 1700 8000 200 fold 
3333 229 8000 200 call 
4444 5336 8000 200 call 
total pot: 1400 
/inquire 
recv from player 4444: check
send inquire msg to player 3333 
inquire/ 
4444 5336 8000 200 check 
7777 1563 8000 200 check 
5555 229 8000 200 check 
8888 229 8000 200 check 
2222 1763 8000 0 fold 
6666 3551 8000 200 check 
1111 1700 8000 200 fold 
3333 229 8000 200 call 
total pot: 1400 
/inquire 
recv from player 3333: check
turn/ 
SPADES J 
/turn 

---turn round bet---
valid player: 8, all in player: 0, fold player: 2
send inquire msg to player 1111 
inquire/ 
3333 229 8000 200 check 
4444 5336 8000 200 check 
7777 1563 8000 200 check 
5555 229 8000 200 check 
8888 229 8000 200 check 
2222 1763 8000 0 fold 
6666 3551 8000 200 check 
1111 1700 8000 200 fold 
total pot: 1400 
/inquire 
send inquire msg to player 6666 
inquire/ 
1111 1700 8000 200 fold 
3333 229 8000 200 check 
4444 5336 8000 200 check 
7777 1563 8000 200 check 
5555 229 8000 200 check 
8888 229 8000 200 check 
2222 1763 8000 0 fold 
6666 3551 8000 200 check 
total pot: 1400 
/inquire 
recv from player 6666: check
send inquire msg to player 2222 
inquire/ 
6666 3551 8000 200 check 
1111 1700 8000 200 fold 
3333 229 8000 200 check 
4444 5336 8000 200 check 
7777 1563 8000 200 check 
5555 229 8000 200 check 
8888 229 8000 200 check 
2222 1763 8000 0 fold 
total pot: 1400 
/inquire 
send inquire msg to player 8888 
inquire/ 
2222 1763 8000 0 fold 
6666 3551 8000 200 check 
1111 1700 8000 200 fold 
3333 229 8000 200 check 
4444 5336 8000 200 check 
7777 1563 8000 200 check 
5555 229 8000 200 check 
8888 229 8000 200 check 
total pot: 1400 
/inquire 
recv from player 8888: check
send inquire msg to player 5555 
inquire/ 
8888 229 8000 200 check 
2222 1763 8000 0 fold 
6666 3551 8000 200 check 
1111 1700 8000 200 fold 
3333 229 8000 200 check 
4444 5336 8000 200 check 
7777 1563 8000 200 check 
5555 229 8000 200 check 
total pot: 1400 
/inquire 
recv from player 5555: check
send inquire msg to player 7777 
inquire/ 
5555 229 8000 200 check 
8888 229 8000 200 check 
2222 1763 8000 0 fold 
6666 3551 8000 200 check 
1111 1700 8000 200 fold 
3333 229 8000 200 check 
4444 5336 8000 200 check 
7777 1563 8000 200 check 
total pot: 1400 
/inquire 
recv from player 7777: check
send inquire msg to player 4444 
inquire/ 
7777 1563 8000 200 check 
5555 229 8000 200 check 
8888 229 8000 200 check 
2222 1763 8000 0 fold 
6666 3551 8000 200 check 
1111 1700 8000 200 fold 
3333 229 8000 200 check 
4444 5336 8000 200 check 
total pot: 1400 
/inquire 
recv from player 4444: check
send inquire msg to player 3333 
inquire/ 
4444 5336 8000 200 check 
7777 1563 8000 200 check 
5555 229 8000 200 check 
8888 229 8000 200 check 
2222 1763 8000 0 fold 
6666 3551 8000 200 check 
1111 1700 8000 200 fold 
3333 229 8000 200 check 
total pot: 1400 
/inquire 
recv from player 3333: check
river/ 
DIAMONDS 6 
/river 

---river round bet---
valid player: 8, all in player: 0, fold player: 2
send inquire msg to player 1111 
inquire/ 
3333 229 8000 200 check 
4444 5336 8000 200 check 
7777 1563 8000 200 check 
5555 229 8000 200 check 
8888 229 8000 200 check 
2222 1763 8000 0 fold 
6666 3551 8000 200 check 
1111 1700 8000 200 fold 
total pot: 1400 
/inquire 
send inquire msg to player 6666 
inquire/ 
1111 1700 8000 200 fold 
3333 229 8000 200 check 
4444 5336 8000 200 check 
7777 1563 8000 200 check 
5555 229 8000 200 check 
8888 229 8000 200 check 
2222 1763 8000 0 fold 
6666 3551 8000 200 check 
total pot: 1400 
/inquire 
recv from player 6666: check
send inquire msg to player 2222 
inquire/ 
6666 3551 8000 200 check 
1111 1700 8000 200 fold 
3333 229 8000 200 check 
4444 5336 8000 200 check 
7777 1563 8000 200 check 
5555 229 8000 200 check 
8888 229 8000 200 check 
2222 1763 8000 0 fold 
total pot: 1400 
/inquire 
send inquire msg to player 8888 
inquire/ 
2222 1763 8000 0 fold 
6666 3551 8000 200 check 
1111 1700 8000 200 fold 
3333 229 8000 200 check 
4444 5336 8000 200 check 
7777 1563 8000 200 check 
5555 229 8000 200 check 
8888 229 8000 200 check 
total pot: 1400 
/inquire 
recv from player 8888: check
send inquire msg to player 5555 
inquire/ 
8888 229 8000 200 check 
2222 1763 8000 0 fold 
6666 3551 8000 200 check 
1111 1700 8000 200 fold 
3333 229 8000 200 check 
4444 5336 8000 200 check 
7777 1563 8000 200 check 
5555 229 8000 200 check 
total pot: 1400 
/inquire 
recv from player 5555: check
send inquire msg to player 7777 
inquire/ 
5555 229 8000 200 check 
8888 229 8000 200 check 
2222 1763 8000 0 fold 
6666 3551 8000 200 check 
1111 1700 8000 200 fold 
3333 229 8000 200 check 
4444 5336 8000 200 check 
7777 1563 8000 200 check 
total pot: 1400 
/inquire 
recv from player 7777: check
send inquire msg to player 4444 
inquire/ 
7777 1563 8000 200 check 
5555 229 8000 200 check 
8888 229 8000 200 check 
2222 1763 8000 0 fold 
6666 3551 8000 200 check 
1111 1700 8000 200 fold 
3333 229 8000 200 check 
4444 5336 8000 200 check 
total pot: 1400 
/inquire 
recv from player 4444: check
send inquire msg to player 3333 
inquire/ 
4444 5336 8000 200 check 
7777 1563 8000 200 check 
5555 229 8000 200 check 
8888 229 8000 200 check 
2222 1763 8000 0 fold 
6666 3551 8000 200 check 
1111 1700 8000 200 fold 
3333 229 8000 200 check 
total pot: 1400 
/inquire 
recv from player 3333: check

---show down---
showdown/ 
common/ 
HEARTS 5 
SPADES A 
DIAMONDS 5 
SPADES J 
DIAMONDS 6 
/common 
5: 6666 HEARTS 3 SPADES 9 ONE_PAIR 
3: 8888 DIAMONDS A DIAMONDS 7 TWO_PAIR 
2: 5555 SPADES 10 SPADES 5 THREE_OF_A_KIND 
4: 7777 DIAMONDS Q DIAMONDS 10 ONE_PAIR 
6: 4444 DIAMONDS 4 HEARTS 2 ONE_PAIR 
1: 3333 CLUBS 6 SPADES 6 FULL_HOUSE 
/showdown 

---Allocate pot---
pot-win/ 
3333: 1400 
/pot-win 
it is player 1111's turn to be button

-----4 Hand-----

----- clean player data in socket -----
seat/ 
button: 1111 1700 8000 
small blind: 6666 3551 8000 
big blind: 2222 1763 8000 
8888 229 8000 
5555 229 8000 
7777 1563 8000 
4444 5336 8000 
3333 1629 8000 
/seat 
blind/ 
6666: 50 
2222: 100 
/blind 
player 6666:hold/ 
SPADES 6 
HEARTS 4 
/hold 
player 2222:hold/ 
DIAMONDS 3 
SPADES 2 
/hold 
player 8888:hold/ 
CLUBS 5 
SPADES 7 
/hold 
player 5555:hold/ 
CLUBS K 
DIAMONDS 7 
/hold 
player 7777:hold/ 
SPADES K 
HEARTS 7 
/hold 
player 4444:hold/ 
CLUBS A 
DIAMONDS Q 
/hold 
player 3333:hold/ 
DIAMONDS A 
HEARTS 10 
/hold 
player 1111:hold/ 
CLUBS Q 
DIAMONDS 6 
/hold 

---pre flop round bet---
valid player: 8, all in player: 0, fold player: 0
send inquire msg to player 8888 
inquire/ 
2222 1663 8000 100 blind 
6666 3501 8000 50 blind 
total pot: 150 
/inquire 
recv from player 8888: check
send inquire msg to player 5555 
inquire/ 
8888 129 8000 100 call 
2222 1663 8000 100 blind 
6666 3501 8000 50 blind 
total pot: 250 
/inquire 
recv from player 5555: check
send inquire msg to player 7777 
inquire/ 
5555 129 8000 100 call 
8888 129 8000 100 call 
2222 1663 8000 100 blind 
6666 3501 8000 50 blind 
total pot: 350 
/inquire 
recv from player 7777: check
send inquire msg to player 4444 
inquire/ 
7777 1463 8000 100 call 
5555 129 8000 100 call 
8888 129 8000 100 call 
2222 1663 8000 100 blind 
6666 3501 8000 50 blind 
total pot: 450 
/inquire 
recv from player 4444: raise 617
send inquire msg to player 3333 
inquire/ 
4444 4619 8000 717 raise 
7777 1463 8000 100 call 
5555 129 8000 100 call 
8888 129 8000 100 call 
2222 1663 8000 100 blind 
6666 3501 8000 50 blind 
total pot: 1167 
/inquire 
recv from player 3333: check
send inquire msg to player 1111 
inquire/ 
3333 912 8000 717 call 
4444 4619 8000 717 raise 
7777 1463 8000 100 call 
5555 129 8000 100 call 
8888 129 8000 100 call 
2222 1663 8000 100 blind 
6666 3501 8000 50 blind 
total pot: 1884 
/inquire 
recv from player 1111: check
send inquire msg to player 6666 
inquire/ 
1111 983 8000 717 call 
3333 912 8000 717 call 
4444 4619 8000 717 raise 
7777 1463 8000 100 call 
5555 129 8000 100 call 
8888 129 8000 100 call 
2222 1663 8000 100 blind 
6666 3501 8000 50 blind 
total pot: 2601 
/inquire 
recv from player 6666: fold
send inquire msg to player 2222 
inquire/ 
6666 3501 8000 50 fold 
