

===VERSION 1.31===
---GAME START @ 2015-6-19-1-10-0---

wait registration for 30 seconds
reg: 2222 yifeichongtian 
reg: 3333 JunLinTianXia 
reg: 1111 HJ  need_notify  
reg: 8888 thisAmateur need_notify 
reg: 5555 DSNJU 
reg: 7777 CQchappie need_notify 
reg: 4444 DSNJU 
reg: 6666 DSNJU 
close registration

-----1 Hand-----

----- clean player data in socket -----
seat/ 
button: 8888 2000 2000 
small blind: 3333 2000 2000 
big blind: 5555 2000 2000 
1111 2000 2000 
2222 2000 2000 
7777 2000 2000 
4444 2000 2000 
6666 2000 2000 
/seat 
blind/ 
3333: 20 
5555: 40 
/blind 
player 3333:hold/ 
DIAMONDS 7 
DIAMONDS 8 
/hold 
player 5555:hold/ 
SPADES 2 
HEARTS A 
/hold 
player 1111:hold/ 
DIAMONDS K 
HEARTS 4 
/hold 
player 2222:hold/ 
HEARTS J 
DIAMONDS 3 
/hold 
player 7777:hold/ 
DIAMONDS 10 
CLUBS 7 
/hold 
player 4444:hold/ 
DIAMONDS J 
CLUBS 9 
/hold 
player 6666:hold/ 
HEARTS 5 
SPADES Q 
/hold 
player 8888:hold/ 
CLUBS 6 
CLUBS 4 
/hold 

---pre flop round bet---
valid player: 8, all in player: 0, fold player: 0

send inquire msg to player 1111(seat:2) 
inquire/ 
5555 1960 2000 40 blind 
3333 1980 2000 20 blind 
total pot: 60 
/inquire 
recv from player 1111: fold 

send inquire msg to player 2222(seat:3) 
inquire/ 
1111 2000 2000 0 fold 
5555 1960 2000 40 blind 
3333 1980 2000 20 blind 
total pot: 60 
/inquire 
recv from player 2222: fold 


send inquire msg to player 7777(seat:4) 
inquire/ 
2222 2000 2000 0 fold 
1111 2000 2000 0 fold 
5555 1960 2000 40 blind 
3333 1980 2000 20 blind 
total pot: 60 
/inquire 
recv from player 7777: fold 


send inquire msg to player 4444(seat:5) 
inquire/ 
7777 2000 2000 0 fold 
2222 2000 2000 0 fold 
1111 2000 2000 0 fold 
5555 1960 2000 40 blind 
3333 1980 2000 20 blind 
total pot: 60 
/inquire 
recv from player 4444: fold


send inquire msg to player 6666(seat:6) 
inquire/ 
4444 2000 2000 0 fold 
7777 2000 2000 0 fold 
2222 2000 2000 0 fold 
1111 2000 2000 0 fold 
5555 1960 2000 40 blind 
3333 1980 2000 20 blind 
total pot: 60 
/inquire 
recv from player 6666: fold


send inquire msg to player 8888(seat:7) 
inquire/ 
6666 2000 2000 0 fold 
4444 2000 2000 0 fold 
7777 2000 2000 0 fold 
2222 2000 2000 0 fold 
1111 2000 2000 0 fold 
5555 1960 2000 40 blind 
3333 1980 2000 20 blind 
total pot: 60 
/inquire 
recv from player 8888: raise 401 


send inquire msg to player 3333(seat:0) 
inquire/ 
8888 1559 2000 441 raise 
6666 2000 2000 0 fold 
4444 2000 2000 0 fold 
7777 2000 2000 0 fold 
2222 2000 2000 0 fold 
1111 2000 2000 0 fold 
5555 1960 2000 40 blind 
3333 1980 2000 20 blind 
total pot: 501 
/inquire 
recv from player 3333: fold 


send inquire msg to player 5555(seat:1) 
inquire/ 
3333 1980 2000 20 fold 
8888 1559 2000 441 raise 
6666 2000 2000 0 fold 
4444 2000 2000 0 fold 
7777 2000 2000 0 fold 
2222 2000 2000 0 fold 
1111 2000 2000 0 fold 
5555 1960 2000 40 blind 
total pot: 501 
/inquire 
recv from player 5555: fold

valid player: 8, all in player: 0, fold player: 7

----- send notify msg from 2 to 1(exclude) -----

send notify msg to player 1111(seat:2) 
notify/ 
5555 1960 2000 40 fold 
3333 1980 2000 20 fold 
8888 1559 2000 441 raise 
6666 2000 2000 0 fold 
4444 2000 2000 0 fold 
7777 2000 2000 0 fold 
2222 2000 2000 0 fold 
1111 2000 2000 0 fold 
total pot: 501 
/notify 

player 2222(seat:3) doesn't need notify-msg

send notify msg to player 7777(seat:4) 
notify/ 
2222 2000 2000 0 fold 
1111 2000 2000 0 fold 
5555 1960 2000 40 fold 
3333 1980 2000 20 fold 
8888 1559 2000 441 raise 
6666 2000 2000 0 fold 
4444 2000 2000 0 fold 
7777 2000 2000 0 fold 
total pot: 501 
/notify 

player 4444(seat:5) doesn't need notify-msg

player 6666(seat:6) doesn't need notify-msg

send notify msg to player 8888(seat:7) 
notify/ 
6666 2000 2000 0 fold 
4444 2000 2000 0 fold 
7777 2000 2000 0 fold 
2222 2000 2000 0 fold 
1111 2000 2000 0 fold 
5555 1960 2000 40 fold 
3333 1980 2000 20 fold 
8888 1559 2000 441 raise 
total pot: 501 
/notify 

player 3333(seat:0) doesn't need notify-msg

---flop round bet---
valid player: 8, all in player: 0, fold player: 7

---turn round bet---
valid player: 8, all in player: 0, fold player: 7

---river round bet---
valid player: 8, all in player: 0, fold player: 7

--- 1 players not fold, don't need show down---

---Allocate pot---
Only player at seat 7 not fold, win all the pot 501
pot-win/ 
8888: 501 
/pot-win 
it is player 3333's turn to be button

-----2 Hand-----

----- clean player data in socket -----
seat/ 
button: 3333 1980 2000 
small blind: 5555 1960 2000 
big blind: 1111 2000 2000 
2222 2000 2000 
7777 2000 2000 
4444 2000 2000 
6666 2000 2000 
8888 2060 2000 
/seat 
blind/ 
5555: 20 
1111: 40 
/blind 
player 5555:hold/ 
HEARTS 7 
SPADES 7 
/hold 
player 1111:hold/ 
CLUBS 2 
HEARTS J 
/hold 
player 2222:hold/ 
DIAMONDS 2 
CLUBS 8 
/hold 
player 7777:hold/ 
DIAMONDS 3 
CLUBS 4 
/hold 
player 4444:hold/ 
CLUBS J 
DIAMONDS 8 
/hold 
player 6666:hold/ 
SPADES 10 
SPADES 6 
/hold 
player 8888:hold/ 
SPADES 4 
SPADES 9 
/hold 
player 3333:hold/ 
CLUBS Q 
DIAMONDS 10 
/hold 

---pre flop round bet---
valid player: 8, all in player: 0, fold player: 0

send inquire msg to player 2222(seat:2) 
inquire/ 
1111 1960 2000 40 blind 
5555 1940 2000 20 blind 
total pot: 60 
/inquire 
recv from player 2222: fold 


send inquire msg to player 7777(seat:3) 
inquire/ 
2222 2000 2000 0 fold 
1111 1960 2000 40 blind 
5555 1940 2000 20 blind 
total pot: 60 
/inquire 
recv from player 7777: fold 


send inquire msg to player 4444(seat:4) 
inquire/ 
7777 2000 2000 0 fold 
2222 2000 2000 0 fold 
1111 1960 2000 40 blind 
5555 1940 2000 20 blind 
total pot: 60 
/inquire 
recv from player 4444: fold


send inquire msg to player 6666(seat:5) 
inquire/ 
4444 2000 2000 0 fold 
7777 2000 2000 0 fold 
2222 2000 2000 0 fold 
1111 1960 2000 40 blind 
5555 1940 2000 20 blind 
total pot: 60 
/inquire 
recv from player 6666: fold


send inquire msg to player 8888(seat:6) 
inquire/ 
6666 2000 2000 0 fold 
4444 2000 2000 0 fold 
7777 2000 2000 0 fold 
2222 2000 2000 0 fold 
1111 1960 2000 40 blind 
5555 1940 2000 20 blind 
total pot: 60 
/inquire 
recv from player 8888: fold 


send inquire msg to player 3333(seat:7) 
inquire/ 
8888 2060 2000 0 fold 
6666 2000 2000 0 fold 
4444 2000 2000 0 fold 
7777 2000 2000 0 fold 
2222 2000 2000 0 fold 
1111 1960 2000 40 blind 
5555 1940 2000 20 blind 
total pot: 60 
/inquire 
recv from player 3333: raise 83 


send inquire msg to player 5555(seat:0) 
inquire/ 
3333 1857 2000 123 raise 
8888 2060 2000 0 fold 
6666 2000 2000 0 fold 
4444 2000 2000 0 fold 
7777 2000 2000 0 fold 
2222 2000 2000 0 fold 
1111 1960 2000 40 blind 
5555 1940 2000 20 blind 
total pot: 183 
/inquire 
recv from player 5555: fold


send inquire msg to player 1111(seat:1) 
inquire/ 
5555 1940 2000 20 fold 
3333 1857 2000 123 raise 
8888 2060 2000 0 fold 
6666 2000 2000 0 fold 
4444 2000 2000 0 fold 
7777 2000 2000 0 fold 
2222 2000 2000 0 fold 
1111 1960 2000 40 blind 
total pot: 183 
/inquire 
recv from player 1111: fold 
valid player: 8, all in player: 0, fold player: 7

----- send notify msg from 2 to 1(exclude) -----

player 2222(seat:2) doesn't need notify-msg

send notify msg to player 7777(seat:3) 
notify/ 
2222 2000 2000 0 fold 
1111 1960 2000 40 fold 
5555 1940 2000 20 fold 
3333 1857 2000 123 raise 
8888 2060 2000 0 fold 
6666 2000 2000 0 fold 
4444 2000 2000 0 fold 
7777 2000 2000 0 fold 
total pot: 183 
/notify 

player 4444(seat:4) doesn't need notify-msg

player 6666(seat:5) doesn't need notify-msg

send notify msg to player 8888(seat:6) 
notify/ 
6666 2000 2000 0 fold 
4444 2000 2000 0 fold 
7777 2000 2000 0 fold 
2222 2000 2000 0 fold 
1111 1960 2000 40 fold 
5555 1940 2000 20 fold 
3333 1857 2000 123 raise 
8888 2060 2000 0 fold 
total pot: 183 
/notify 

player 3333(seat:7) doesn't need notify-msg

player 5555(seat:0) doesn't need notify-msg

---flop round bet---
valid player: 8, all in player: 0, fold player: 7

---turn round bet---
valid player: 8, all in player: 0, fold player: 7

---river round bet---
valid player: 8, all in player: 0, fold player: 7

--- 1 players not fold, don't need show down---

---Allocate pot---
Only player at seat 7 not fold, win all the pot 183
pot-win/ 
3333: 183 
/pot-win 
it is player 5555's turn to be button

-----3 Hand-----

----- clean player data in socket -----
seat/ 
button: 5555 1940 2000 
small blind: 1111 1960 2000 
big blind: 2222 2000 2000 
7777 2000 2000 
4444 2000 2000 
6666 2000 2000 
8888 2060 2000 
3333 2040 2000 
/seat 
blind/ 
1111: 20 
2222: 40 
/blind 
player 1111:hold/ 
HEARTS K 
DIAMONDS 8 
/hold 
player 2222:hold/ 
HEARTS 3 
HEARTS A 
/hold 
player 7777:hold/ 
CLUBS Q 
HEARTS 2 
/hold 
player 4444:hold/ 
SPADES K 
CLUBS K 
/hold 
player 6666:hold/ 
HEARTS 9 
DIAMONDS 2 
/hold 
player 8888:hold/ 
DIAMONDS 7 
CLUBS 7 
/hold 
player 3333:hold/ 
SPADES 9 
DIAMONDS K 
/hold 
player 5555:hold/ 
HEARTS 10 
HEARTS 8 
/hold 

---pre flop round bet---
valid player: 8, all in player: 0, fold player: 0

send inquire msg to player 7777(seat:2) 
inquire/ 
2222 1960 2000 40 blind 
1111 1940 2000 20 blind 
total pot: 60 
/inquire 
recv from player 7777: fold 


send inquire msg to player 4444(seat:3) 
inquire/ 
7777 2000 2000 0 fold 
2222 1960 2000 40 blind 
1111 1940 2000 20 blind 
total pot: 60 
/inquire 
recv from player 4444: raise 110


send inquire msg to player 6666(seat:4) 
inquire/ 
4444 1850 2000 150 raise 
7777 2000 2000 0 fold 
2222 1960 2000 40 blind 
1111 1940 2000 20 blind 
total pot: 210 
/inquire 
recv from player 6666: fold


send inquire msg to player 8888(seat:5) 
inquire/ 
6666 2000 2000 0 fold 
4444 1850 2000 150 raise 
7777 2000 2000 0 fold 
2222 1960 2000 40 blind 
1111 1940 2000 20 blind 
total pot: 210 
/inquire 
recv from player 8888: raise 41 


send inquire msg to player 3333(seat:6) 
inquire/ 
8888 1800 2000 260 raise 
6666 2000 2000 0 fold 
4444 1850 2000 150 raise 
7777 2000 2000 0 fold 
2222 1960 2000 40 blind 
1111 1940 2000 20 blind 
total pot: 470 
/inquire 
recv from player 3333: fold 


send inquire msg to player 5555(seat:7) 
inquire/ 
3333 2040 2000 0 fold 
8888 1800 2000 260 raise 
6666 2000 2000 0 fold 
4444 1850 2000 150 raise 
7777 2000 2000 0 fold 
2222 1960 2000 40 blind 
1111 1940 2000 20 blind 
total pot: 470 
/inquire 
recv from player 5555: fold


send inquire msg to player 1111(seat:0) 
inquire/ 
5555 1940 2000 0 fold 
3333 2040 2000 0 fold 
8888 1800 2000 260 raise 
6666 2000 2000 0 fold 
4444 1850 2000 150 raise 
7777 2000 2000 0 fold 
2222 1960 2000 40 blind 
1111 1940 2000 20 blind 
total pot: 470 
/inquire 
recv from player 1111: fold 

send inquire msg to player 2222(seat:1) 
inquire/ 
1111 1940 2000 20 fold 
5555 1940 2000 0 fold 
3333 2040 2000 0 fold 
8888 1800 2000 260 raise 
6666 2000 2000 0 fold 
4444 1850 2000 150 raise 
7777 2000 2000 0 fold 
2222 1960 2000 40 blind 
total pot: 470 
/inquire 
recv from player 2222: fold 


send notify msg to player 7777(seat:2) 
notify/ 
2222 1960 2000 40 fold 
1111 1940 2000 20 fold 
5555 1940 2000 0 fold 
3333 2040 2000 0 fold 
8888 1800 2000 260 raise 
6666 2000 2000 0 fold 
4444 1850 2000 150 raise 
7777 2000 2000 0 fold 
total pot: 470 
/notify 

send inquire msg to player 4444(seat:3) 
inquire/ 
7777 2000 2000 0 fold 
2222 1960 2000 40 fold 
1111 1940 2000 20 fold 
5555 1940 2000 0 fold 
3333 2040 2000 0 fold 
8888 1800 2000 260 raise 
6666 2000 2000 0 fold 
4444 1850 2000 150 raise 
total pot: 470 
/inquire 
recv from player 4444: raise 315


player 6666(seat:4) doesn't need notify-msg

send inquire msg to player 8888(seat:5) 
inquire/ 
6666 2000 2000 0 fold 
4444 1425 2000 575 raise 
7777 2000 2000 0 fold 
2222 1960 2000 40 fold 
1111 1940 2000 20 fold 
5555 1940 2000 0 fold 
3333 2040 2000 0 fold 
8888 1800 2000 260 raise 
total pot: 895 
/inquire 
recv from player 8888: call 

valid player: 8, all in player: 0, fold player: 6

----- send notify msg from 6 to 0(exclude) -----

player 3333(seat:6) doesn't need notify-msg

player 5555(seat:7) doesn't need notify-msg
flop/ 
CLUBS A 
DIAMONDS A 
CLUBS 9 
/flop 

---flop round bet---
valid player: 8, all in player: 0, fold player: 6

send notify msg to player 1111(seat:0) 
notify/ 
5555 1940 2000 0 fold 
3333 2040 2000 0 fold 
8888 1485 2000 575 call 
6666 2000 2000 0 fold 
4444 1425 2000 575 raise 
7777 2000 2000 0 fold 
2222 1960 2000 40 fold 
1111 1940 2000 20 fold 
total pot: 1210 
/notify 

player 2222(seat:1) doesn't need notify-msg

send notify msg to player 7777(seat:2) 
notify/ 
2222 1960 2000 40 fold 
1111 1940 2000 20 fold 
5555 1940 2000 0 fold 
3333 2040 2000 0 fold 
8888 1485 2000 575 call 
6666 2000 2000 0 fold 
4444 1425 2000 575 raise 
7777 2000 2000 0 fold 
total pot: 1210 
/notify 

send inquire msg to player 4444(seat:3) 
inquire/ 
7777 2000 2000 0 fold 
2222 1960 2000 40 fold 
1111 1940 2000 20 fold 
5555 1940 2000 0 fold 
3333 2040 2000 0 fold 
8888 1485 2000 575 call 
6666 2000 2000 0 fold 
4444 1425 2000 575 raise 
total pot: 1210 
/inquire 
recv from player 4444: check


player 6666(seat:4) doesn't need notify-msg

send inquire msg to player 8888(seat:5) 
inquire/ 
6666 2000 2000 0 fold 
4444 1425 2000 575 check 
7777 2000 2000 0 fold 
2222 1960 2000 40 fold 
1111 1940 2000 20 fold 
5555 1940 2000 0 fold 
3333 2040 2000 0 fold 
8888 1485 2000 575 call 
total pot: 1210 
/inquire 
recv from player 8888: raise 401 


player 3333(seat:6) doesn't need notify-msg

player 5555(seat:7) doesn't need notify-msg

send notify msg to player 1111(seat:0) 
notify/ 
5555 1940 2000 0 fold 
3333 2040 2000 0 fold 
8888 1084 2000 976 raise 
6666 2000 2000 0 fold 
4444 1425 2000 575 check 
7777 2000 2000 0 fold 
2222 1960 2000 40 fold 
1111 1940 2000 20 fold 
total pot: 1611 
/notify 

player 2222(seat:1) doesn't need notify-msg

send notify msg to player 7777(seat:2) 
notify/ 
2222 1960 2000 40 fold 
1111 1940 2000 20 fold 
5555 1940 2000 0 fold 
3333 2040 2000 0 fold 
8888 1084 2000 976 raise 
6666 2000 2000 0 fold 
4444 1425 2000 575 check 
7777 2000 2000 0 fold 
total pot: 1611 
/notify 

send inquire msg to player 4444(seat:3) 
inquire/ 
7777 2000 2000 0 fold 
2222 1960 2000 40 fold 
1111 1940 2000 20 fold 
5555 1940 2000 0 fold 
3333 2040 2000 0 fold 
8888 1084 2000 976 raise 
6666 2000 2000 0 fold 
4444 1425 2000 575 check 
total pot: 1611 
/inquire 
recv from player 4444: fold

valid player: 8, all in player: 0, fold player: 7

----- send notify msg from 4 to 3(exclude) -----

player 6666(seat:4) doesn't need notify-msg

send notify msg to player 8888(seat:5) 
notify/ 
6666 2000 2000 0 fold 
4444 1425 2000 575 fold 
7777 2000 2000 0 fold 
2222 1960 2000 40 fold 
1111 1940 2000 20 fold 
5555 1940 2000 0 fold 
3333 2040 2000 0 fold 
8888 1084 2000 976 raise 
total pot: 1611 
/notify 

player 3333(seat:6) doesn't need notify-msg

player 5555(seat:7) doesn't need notify-msg

send notify msg to player 1111(seat:0) 
notify/ 
5555 1940 2000 0 fold 
3333 2040 2000 0 fold 
8888 1084 2000 976 raise 
6666 2000 2000 0 fold 
4444 1425 2000 575 fold 
7777 2000 2000 0 fold 
2222 1960 2000 40 fold 
1111 1940 2000 20 fold 
total pot: 1611 
/notify 

player 2222(seat:1) doesn't need notify-msg

send notify msg to player 7777(seat:2) 
notify/ 
2222 1960 2000 40 fold 
1111 1940 2000 20 fold 
5555 1940 2000 0 fold 
3333 2040 2000 0 fold 
8888 1084 2000 976 raise 
6666 2000 2000 0 fold 
4444 1425 2000 575 fold 
7777 2000 2000 0 fold 
total pot: 1611 
/notify 

---turn round bet---
valid player: 8, all in player: 0, fold player: 7

---river round bet---
valid player: 8, all in player: 0, fold player: 7

--- 1 players not fold, don't need show down---

---Allocate pot---
Only player at seat 5 not fold, win all the pot 1611
pot-win/ 
8888: 1611 
/pot-win 
it is player 1111's turn to be button

-----4 Hand-----

----- clean player data in socket -----
seat/ 
button: 1111 1940 2000 
small blind: 2222 1960 2000 
big blind: 7777 2000 2000 
4444 1425 2000 
6666 2000 2000 
8888 2695 2000 
3333 2040 2000 
5555 1940 2000 
/seat 
blind/ 
2222: 20 
7777: 40 
/blind 
player 2222:hold/ 
SPADES J 
DIAMONDS 5 
/hold 
player 7777:hold/ 
HEARTS 6 
CLUBS 9 
/hold 
player 4444:hold/ 
HEARTS 10 
CLUBS 2 
/hold 
player 6666:hold/ 
CLUBS 10 
DIAMONDS 9 
/hold 
player 8888:hold/ 
SPADES 2 
CLUBS 5 
/hold 
player 3333:hold/ 
CLUBS J 
SPADES K 
/hold 
player 5555:hold/ 
SPADES 3 
SPADES 7 
/hold 
player 1111:hold/ 
DIAMONDS 7 
HEARTS K 
/hold 

---pre flop round bet---
valid player: 8, all in player: 0, fold player: 0

send inquire msg to player 4444(seat:2) 
inquire/ 
7777 1960 2000 40 blind 
2222 1940 2000 20 blind 
total pot: 60 
/inquire 
recv from player 4444: fold


send inquire msg to player 6666(seat:3) 
inquire/ 
4444 1425 2000 0 fold 
7777 1960 2000 40 blind 
2222 1940 2000 20 blind 
total pot: 60 
/inquire 
recv from player 6666: fold


send inquire msg to player 8888(seat:4) 
inquire/ 
6666 2000 2000 0 fold 
4444 1425 2000 0 fold 
7777 1960 2000 40 blind 
2222 1940 2000 20 blind 
total pot: 60 
/inquire 
recv from player 8888: fold 


send inquire msg to player 3333(seat:5) 
inquire/ 
8888 2695 2000 0 fold 
6666 2000 2000 0 fold 
4444 1425 2000 0 fold 
7777 1960 2000 40 blind 
2222 1940 2000 20 blind 
total pot: 60 
/inquire 
recv from player 3333: raise 43 


send inquire msg to player 5555(seat:6) 
inquire/ 
3333 1957 2000 83 raise 
8888 2695 2000 0 fold 
6666 2000 2000 0 fold 
4444 1425 2000 0 fold 
7777 1960 2000 40 blind 
2222 1940 2000 20 blind 
total pot: 143 
/inquire 
recv from player 5555: fold


send inquire msg to player 1111(seat:7) 
inquire/ 
5555 1940 2000 0 fold 
3333 1957 2000 83 raise 
8888 2695 2000 0 fold 
6666 2000 2000 0 fold 
4444 1425 2000 0 fold 
7777 1960 2000 40 blind 
2222 1940 2000 20 blind 
total pot: 143 
/inquire 
recv from player 1111: fold 

send inquire msg to player 2222(seat:0) 
inquire/ 
1111 1940 2000 0 fold 
5555 1940 2000 0 fold 
3333 1957 2000 83 raise 
8888 2695 2000 0 fold 
6666 2000 2000 0 fold 
4444 1425 2000 0 fold 
7777 1960 2000 40 blind 
2222 1940 2000 20 blind 
total pot: 143 
/inquire 
recv from player 2222: fold 


send inquire msg to player 7777(seat:1) 
inquire/ 
2222 1940 2000 20 fold 
1111 1940 2000 0 fold 
5555 1940 2000 0 fold 
3333 1957 2000 83 raise 
8888 2695 2000 0 fold 
6666 2000 2000 0 fold 
4444 1425 2000 0 fold 
7777 1960 2000 40 blind 
total pot: 143 
/inquire 
recv from player 7777: raise 400 


player 4444(seat:2) doesn't need notify-msg

player 6666(seat:3) doesn't need notify-msg

send notify msg to player 8888(seat:4) 
notify/ 
6666 2000 2000 0 fold 
4444 1425 2000 0 fold 
7777 1517 2000 483 raise 
2222 1940 2000 20 fold 
1111 1940 2000 0 fold 
5555 1940 2000 0 fold 
3333 1957 2000 83 raise 
8888 2695 2000 0 fold 
total pot: 586 
/notify 

send inquire msg to player 3333(seat:5) 
inquire/ 
8888 2695 2000 0 fold 
6666 2000 2000 0 fold 
4444 1425 2000 0 fold 
7777 1517 2000 483 raise 
2222 1940 2000 20 fold 
1111 1940 2000 0 fold 
5555 1940 2000 0 fold 
3333 1957 2000 83 raise 
total pot: 586 
/inquire 
recv from player 3333: fold 

valid player: 8, all in player: 0, fold player: 7

----- send notify msg from 6 to 5(exclude) -----

player 5555(seat:6) doesn't need notify-msg

send notify msg to player 1111(seat:7) 
notify/ 
5555 1940 2000 0 fold 
3333 1957 2000 83 fold 
8888 2695 2000 0 fold 
6666 2000 2000 0 fold 
4444 1425 2000 0 fold 
7777 1517 2000 483 raise 
2222 1940 2000 20 fold 
1111 1940 2000 0 fold 
total pot: 586 
/notify 

player 2222(seat:0) doesn't need notify-msg

send notify msg to player 7777(seat:1) 
notify/ 
2222 1940 2000 20 fold 
1111 1940 2000 0 fold 
5555 1940 2000 0 fold 
3333 1957 2000 83 fold 
8888 2695 2000 0 fold 
6666 2000 2000 0 fold 
4444 1425 2000 0 fold 
7777 1517 2000 483 raise 
total pot: 586 
/notify 

player 4444(seat:2) doesn't need notify-msg

player 6666(seat:3) doesn't need notify-msg

send notify msg to player 8888(seat:4) 
notify/ 
6666 2000 2000 0 fold 
4444 1425 2000 0 fold 
7777 1517 2000 483 raise 
2222 1940 2000 20 fold 
1111 1940 2000 0 fold 
5555 1940 2000 0 fold 
3333 1957 2000 83 fold 
8888 2695 2000 0 fold 
total pot: 586 
/notify 

---flop round bet---
valid player: 8, all in player: 0, fold player: 7

---turn round bet---
valid player: 8, all in player: 0, fold player: 7

---river round bet---
valid player: 8, all in player: 0, fold player: 7

--- 1 players not fold, don't need show down---

---Allocate pot---
Only player at seat 1 not fold, win all the pot 586
pot-win/ 
7777: 586 
/pot-win 
it is player 2222's turn to be button

-----5 Hand-----

----- clean player data in socket -----
seat/ 
button: 2222 1940 2000 
small blind: 7777 2103 2000 
big blind: 4444 1425 2000 
6666 2000 2000 
8888 2695 2000 
3333 1957 2000 
5555 1940 2000 
1111 1940 2000 
/seat 
blind/ 
7777: 20 
4444: 40 
/blind 
player 7777:hold/ 
DIAMONDS 3 
HEARTS 8 
/hold 
player 4444:hold/ 
CLUBS K 
SPADES 7 
/hold 
player 6666:hold/ 
DIAMONDS 5 
HEARTS 10 
/hold 
player 8888:hold/ 
SPADES 2 
CLUBS 5 
/hold 
player 3333:hold/ 
HEARTS 3 
CLUBS 4 
/hold 
player 5555:hold/ 
SPADES 8 
CLUBS 8 
/hold 
player 1111:hold/ 
HEARTS 2 
SPADES 10 
/hold 
player 2222:hold/ 
SPADES A 
HEARTS 9 
/hold 

---pre flop round bet---
valid player: 8, all in player: 0, fold player: 0

send inquire msg to player 6666(seat:2) 
inquire/ 
4444 1385 2000 40 blind 
7777 2083 2000 20 blind 
total pot: 60 
/inquire 
recv from player 6666: fold


send inquire msg to player 8888(seat:3) 
inquire/ 
6666 2000 2000 0 fold 
4444 1385 2000 40 blind 
7777 2083 2000 20 blind 
total pot: 60 
/inquire 
recv from player 8888: fold 


send inquire msg to player 3333(seat:4) 
inquire/ 
8888 2695 2000 0 fold 
6666 2000 2000 0 fold 
4444 1385 2000 40 blind 
7777 2083 2000 20 blind 
total pot: 60 
/inquire 
recv from player 3333: fold 


send inquire msg to player 5555(seat:5) 
inquire/ 
3333 1957 2000 0 fold 
8888 2695 2000 0 fold 
6666 2000 2000 0 fold 
4444 1385 2000 40 blind 
7777 2083 2000 20 blind 
total pot: 60 
/inquire 
recv from player 5555: call


send inquire msg to player 1111(seat:6) 
inquire/ 
5555 1900 2000 40 call 
3333 1957 2000 0 fold 
8888 2695 2000 0 fold 
6666 2000 2000 0 fold 
4444 1385 2000 40 blind 
7777 2083 2000 20 blind 
total pot: 100 
/inquire 
recv from player 1111: fold 

send inquire msg to player 2222(seat:7) 
inquire/ 
1111 1940 2000 0 fold 
5555 1900 2000 40 call 
3333 1957 2000 0 fold 
8888 2695 2000 0 fold 
6666 2000 2000 0 fold 
4444 1385 2000 40 blind 
7777 2083 2000 20 blind 
total pot: 100 
/inquire 
recv from player 2222: fold 


send inquire msg to player 7777(seat:0) 
inquire/ 
2222 1940 2000 0 fold 
1111 1940 2000 0 fold 
5555 1900 2000 40 call 
3333 1957 2000 0 fold 
8888 2695 2000 0 fold 
6666 2000 2000 0 fold 
4444 1385 2000 40 blind 
7777 2083 2000 20 blind 
total pot: 100 
/inquire 
recv from player 7777: raise 400 


send inquire msg to player 4444(seat:1) 
inquire/ 
7777 1663 2000 440 raise 
2222 1940 2000 0 fold 
1111 1940 2000 0 fold 
5555 1900 2000 40 call 
3333 1957 2000 0 fold 
8888 2695 2000 0 fold 
6666 2000 2000 0 fold 
4444 1385 2000 40 blind 
total pot: 520 
/inquire 
recv from player 4444: fold


player 6666(seat:2) doesn't need notify-msg

send notify msg to player 8888(seat:3) 
notify/ 
6666 2000 2000 0 fold 
4444 1385 2000 40 fold 
7777 1663 2000 440 raise 
2222 1940 2000 0 fold 
1111 1940 2000 0 fold 
5555 1900 2000 40 call 
3333 1957 2000 0 fold 
8888 2695 2000 0 fold 
total pot: 520 
/notify 

player 3333(seat:4) doesn't need notify-msg

send inquire msg to player 5555(seat:5) 
inquire/ 
3333 1957 2000 0 fold 
8888 2695 2000 0 fold 
6666 2000 2000 0 fold 
4444 1385 2000 40 fold 
7777 1663 2000 440 raise 
2222 1940 2000 0 fold 
1111 1940 2000 0 fold 
5555 1900 2000 40 call 
total pot: 520 
/inquire 
recv from player 5555: fold

valid player: 8, all in player: 0, fold player: 7

----- send notify msg from 6 to 5(exclude) -----

send notify msg to player 1111(seat:6) 
notify/ 
5555 1900 2000 40 fold 
3333 1957 2000 0 fold 
8888 2695 2000 0 fold 
6666 2000 2000 0 fold 
4444 1385 2000 40 fold 
7777 1663 2000 440 raise 
2222 1940 2000 0 fold 
1111 1940 2000 0 fold 
total pot: 520 
/notify 

player 2222(seat:7) doesn't need notify-msg

send notify msg to player 7777(seat:0) 
notify/ 
2222 1940 2000 0 fold 
1111 1940 2000 0 fold 
5555 1900 2000 40 fold 
3333 1957 2000 0 fold 
8888 2695 2000 0 fold 
6666 2000 2000 0 fold 
4444 1385 2000 40 fold 
7777 1663 2000 440 raise 
total pot: 520 
/notify 

player 4444(seat:1) doesn't need notify-msg

player 6666(seat:2) doesn't need notify-msg

send notify msg to player 8888(seat:3) 
notify/ 
6666 2000 2000 0 fold 
4444 1385 2000 40 fold 
7777 1663 2000 440 raise 
2222 1940 2000 0 fold 
1111 1940 2000 0 fold 
5555 1900 2000 40 fold 
3333 1957 2000 0 fold 
8888 2695 2000 0 fold 
total pot: 520 
/notify 

player 3333(seat:4) doesn't need notify-msg

---flop round bet---
valid player: 8, all in player: 0, fold player: 7

---turn round bet---
valid player: 8, all in player: 0, fold player: 7

---river round bet---
valid player: 8, all in player: 0, fold player: 7

--- 1 players not fold, don't need show down---

---Allocate pot---
Only player at seat 0 not fold, win all the pot 520
pot-win/ 
7777: 520 
/pot-win 
it is player 7777's turn to be button

-----6 Hand-----

----- clean player data in socket -----
seat/ 
button: 7777 2183 2000 
small blind: 4444 1385 2000 
big blind: 6666 2000 2000 
8888 2695 2000 
3333 1957 2000 
5555 1900 2000 
1111 1940 2000 
2222 1940 2000 
/seat 
blind/ 
4444: 20 
6666: 40 
/blind 
player 4444:hold/ 
HEARTS A 
SPADES 9 
/hold 
player 6666:hold/ 
CLUBS K 
HEARTS 3 
/hold 
player 8888:hold/ 
SPADES J 
SPADES Q 
/hold 
player 3333:hold/ 
CLUBS J 
SPADES 3 
/hold 
player 5555:hold/ 
CLUBS 4 
SPADES 10 
/hold 
player 1111:hold/ 
DIAMONDS 4 
SPADES 4 
/hold 
player 2222:hold/ 
HEARTS 10 
SPADES 7 
/hold 
player 7777:hold/ 
DIAMONDS K 
SPADES 5 
/hold 

---pre flop round bet---
valid player: 8, all in player: 0, fold player: 0

send inquire msg to player 8888(seat:2) 
inquire/ 
6666 1960 2000 40 blind 
4444 1365 2000 20 blind 
total pot: 60 
/inquire 
recv from player 8888: raise 41 


send inquire msg to player 3333(seat:3) 
inquire/ 
8888 2614 2000 81 raise 
6666 1960 2000 40 blind 
4444 1365 2000 20 blind 
total pot: 141 
/inquire 
recv from player 3333: fold 


send inquire msg to player 5555(seat:4) 
inquire/ 
3333 1957 2000 0 fold 
8888 2614 2000 81 raise 
6666 1960 2000 40 blind 
4444 1365 2000 20 blind 
total pot: 141 
/inquire 
recv from player 5555: fold


send inquire msg to player 1111(seat:5) 
inquire/ 
5555 1900 2000 0 fold 
3333 1957 2000 0 fold 
8888 2614 2000 81 raise 
6666 1960 2000 40 blind 
4444 1365 2000 20 blind 
total pot: 141 
/inquire 
recv from player 1111: fold 

send inquire msg to player 2222(seat:6) 
inquire/ 
1111 1940 2000 0 fold 
5555 1900 2000 0 fold 
3333 1957 2000 0 fold 
8888 2614 2000 81 raise 
6666 1960 2000 40 blind 
4444 1365 2000 20 blind 
total pot: 141 
/inquire 
recv from player 2222: fold 


send inquire msg to player 7777(seat:7) 
inquire/ 
2222 1940 2000 0 fold 
1111 1940 2000 0 fold 
5555 1900 2000 0 fold 
3333 1957 2000 0 fold 
8888 2614 2000 81 raise 
6666 1960 2000 40 blind 
4444 1365 2000 20 blind 
total pot: 141 
/inquire 
recv from player 7777: fold 


send inquire msg to player 4444(seat:0) 
inquire/ 
7777 2183 2000 0 fold 
2222 1940 2000 0 fold 
1111 1940 2000 0 fold 
5555 1900 2000 0 fold 
3333 1957 2000 0 fold 
8888 2614 2000 81 raise 
6666 1960 2000 40 blind 
4444 1365 2000 20 blind 
total pot: 141 
/inquire 
recv from player 4444: fold


send inquire msg to player 6666(seat:1) 
inquire/ 
4444 1365 2000 20 fold 
7777 2183 2000 0 fold 
2222 1940 2000 0 fold 
1111 1940 2000 0 fold 
5555 1900 2000 0 fold 
3333 1957 2000 0 fold 
8888 2614 2000 81 raise 
6666 1960 2000 40 blind 
total pot: 141 
/inquire 
recv from player 6666: fold

valid player: 8, all in player: 0, fold player: 7

----- send notify msg from 2 to 1(exclude) -----

send notify msg to player 8888(seat:2) 
notify/ 
6666 1960 2000 40 fold 
4444 1365 2000 20 fold 
7777 2183 2000 0 fold 
2222 1940 2000 0 fold 
1111 1940 2000 0 fold 
5555 1900 2000 0 fold 
3333 1957 2000 0 fold 
8888 2614 2000 81 raise 
total pot: 141 
/notify 

player 3333(seat:3) doesn't need notify-msg

player 5555(seat:4) doesn't need notify-msg

send notify msg to player 1111(seat:5) 
notify/ 
5555 1900 2000 0 fold 
3333 1957 2000 0 fold 
8888 2614 2000 81 raise 
6666 1960 2000 40 fold 
4444 1365 2000 20 fold 
7777 2183 2000 0 fold 
2222 1940 2000 0 fold 
1111 1940 2000 0 fold 
total pot: 141 
/notify 

player 2222(seat:6) doesn't need notify-msg

send notify msg to player 7777(seat:7) 
notify/ 
2222 1940 2000 0 fold 
1111 1940 2000 0 fold 
5555 1900 2000 0 fold 
3333 1957 2000 0 fold 
8888 2614 2000 81 raise 
6666 1960 2000 40 fold 
4444 1365 2000 20 fold 
7777 2183 2000 0 fold 
total pot: 141 
/notify 

player 4444(seat:0) doesn't need notify-msg

---flop round bet---
valid player: 8, all in player: 0, fold player: 7

---turn round bet---
valid player: 8, all in player: 0, fold player: 7

---river round bet---
valid player: 8, all in player: 0, fold player: 7

--- 1 players not fold, don't need show down---

---Allocate pot---
Only player at seat 2 not fold, win all the pot 141
pot-win/ 
8888: 141 
/pot-win 
it is player 4444's turn to be button

-----7 Hand-----

----- clean player data in socket -----
seat/ 
button: 4444 1365 2000 
small blind: 6666 1960 2000 
big blind: 8888 2755 2000 
3333 1957 2000 
5555 1900 2000 
1111 1940 2000 
2222 1940 2000 
7777 2183 2000 
/seat 
blind/ 
6666: 20 
8888: 40 
/blind 
player 6666:hold/ 
SPADES J 
HEARTS 5 
/hold 
player 8888:hold/ 
SPADES 5 
HEARTS K 
/hold 
player 3333:hold/ 
HEARTS Q 
SPADES 8 
/hold 
player 5555:hold/ 
HEARTS 8 
SPADES 2 
/hold 
player 1111:hold/ 
DIAMONDS Q 
DIAMONDS A 
/hold 
player 2222:hold/ 
HEARTS 2 
SPADES 4 
/hold 
player 7777:hold/ 
CLUBS 3 
DIAMONDS J 
/hold 
player 4444:hold/ 
HEARTS 10 
CLUBS 6 
/hold 

---pre flop round bet---
valid player: 8, all in player: 0, fold player: 0

send inquire msg to player 3333(seat:2) 
inquire/ 
8888 2715 2000 40 blind 
6666 1940 2000 20 blind 
total pot: 60 
/inquire 
recv from player 3333: fold 


send inquire msg to player 5555(seat:3) 
inquire/ 
3333 1957 2000 0 fold 
8888 2715 2000 40 blind 
6666 1940 2000 20 blind 
total pot: 60 
/inquire 
recv from player 5555: fold


send inquire msg to player 1111(seat:4) 
inquire/ 
5555 1900 2000 0 fold 
3333 1957 2000 0 fold 
8888 2715 2000 40 blind 
6666 1940 2000 20 blind 
total pot: 60 
/inquire 
recv from player 1111: raise 85


send inquire msg to player 2222(seat:5) 
inquire/ 
1111 1815 2000 125 raise 
5555 1900 2000 0 fold 
3333 1957 2000 0 fold 
8888 2715 2000 40 blind 
6666 1940 2000 20 blind 
total pot: 185 
/inquire 
recv from player 2222: fold 


send inquire msg to player 7777(seat:6) 
inquire/ 
2222 1940 2000 0 fold 
1111 1815 2000 125 raise 
5555 1900 2000 0 fold 
3333 1957 2000 0 fold 
8888 2715 2000 40 blind 
6666 1940 2000 20 blind 
total pot: 185 
/inquire 
recv from player 7777: fold 


send inquire msg to player 4444(seat:7) 
inquire/ 
7777 2183 2000 0 fold 
2222 1940 2000 0 fold 
1111 1815 2000 125 raise 
5555 1900 2000 0 fold 
3333 1957 2000 0 fold 
8888 2715 2000 40 blind 
6666 1940 2000 20 blind 
total pot: 185 
/inquire 
recv from player 4444: fold


send inquire msg to player 6666(seat:0) 
inquire/ 
4444 1365 2000 0 fold 
7777 2183 2000 0 fold 
2222 1940 2000 0 fold 
1111 1815 2000 125 raise 
5555 1900 2000 0 fold 
3333 1957 2000 0 fold 
8888 2715 2000 40 blind 
6666 1940 2000 20 blind 
total pot: 185 
/inquire 
recv from player 6666: fold


send inquire msg to player 8888(seat:1) 
inquire/ 
6666 1940 2000 20 fold 
4444 1365 2000 0 fold 
7777 2183 2000 0 fold 
2222 1940 2000 0 fold 
1111 1815 2000 125 raise 
5555 1900 2000 0 fold 
3333 1957 2000 0 fold 
8888 2715 2000 40 blind 
total pot: 185 
/inquire 
recv from player 8888: raise 401 


player 3333(seat:2) doesn't need notify-msg

player 5555(seat:3) doesn't need notify-msg

send inquire msg to player 1111(seat:4) 
inquire/ 
5555 1900 2000 0 fold 
3333 1957 2000 0 fold 
8888 2229 2000 526 raise 
6666 1940 2000 20 fold 
4444 1365 2000 0 fold 
7777 2183 2000 0 fold 
2222 1940 2000 0 fold 
1111 1815 2000 125 raise 
total pot: 671 
/inquire 
recv from player 1111: call 
valid player: 8, all in player: 0, fold player: 6

----- send notify msg from 5 to 0(exclude) -----

player 2222(seat:5) doesn't need notify-msg

send notify msg to player 7777(seat:6) 
notify/ 
2222 1940 2000 0 fold 
1111 1414 2000 526 call 
5555 1900 2000 0 fold 
3333 1957 2000 0 fold 
8888 2229 2000 526 raise 
6666 1940 2000 20 fold 
4444 1365 2000 0 fold 
7777 2183 2000 0 fold 
total pot: 1072 
/notify 

player 4444(seat:7) doesn't need notify-msg
flop/ 
HEARTS 7 
DIAMONDS 7 
DIAMONDS 4 
/flop 

---flop round bet---
valid player: 8, all in player: 0, fold player: 6

player 6666(seat:0) doesn't need notify-msg

send inquire msg to player 8888(seat:1) 
inquire/ 
6666 1940 2000 20 fold 
4444 1365 2000 0 fold 
7777 2183 2000 0 fold 
2222 1940 2000 0 fold 
1111 1414 2000 526 call 
5555 1900 2000 0 fold 
3333 1957 2000 0 fold 
8888 2229 2000 526 raise 
total pot: 1072 
/inquire 
recv from player 8888: raise 401 


player 3333(seat:2) doesn't need notify-msg

player 5555(seat:3) doesn't need notify-msg

send inquire msg to player 1111(seat:4) 
inquire/ 
5555 1900 2000 0 fold 
3333 1957 2000 0 fold 
8888 1828 2000 927 raise 
6666 1940 2000 20 fold 
4444 1365 2000 0 fold 
7777 2183 2000 0 fold 
2222 1940 2000 0 fold 
1111 1414 2000 526 call 
total pot: 1473 
/inquire 
recv from player 1111: fold 
valid player: 8, all in player: 0, fold player: 7

----- send notify msg from 5 to 4(exclude) -----

player 2222(seat:5) doesn't need notify-msg

send notify msg to player 7777(seat:6) 
notify/ 
2222 1940 2000 0 fold 
1111 1414 2000 526 fold 
5555 1900 2000 0 fold 
3333 1957 2000 0 fold 
8888 1828 2000 927 raise 
6666 1940 2000 20 fold 
4444 1365 2000 0 fold 
7777 2183 2000 0 fold 
total pot: 1473 
/notify 

player 4444(seat:7) doesn't need notify-msg

player 6666(seat:0) doesn't need notify-msg

send notify msg to player 8888(seat:1) 
notify/ 
6666 1940 2000 20 fold 
4444 1365 2000 0 fold 
7777 2183 2000 0 fold 
2222 1940 2000 0 fold 
1111 1414 2000 526 fold 
5555 1900 2000 0 fold 
3333 1957 2000 0 fold 
8888 1828 2000 927 raise 
total pot: 1473 
/notify 

player 3333(seat:2) doesn't need notify-msg

player 5555(seat:3) doesn't need notify-msg

---turn round bet---
valid player: 8, all in player: 0, fold player: 7

---river round bet---
valid player: 8, all in player: 0, fold player: 7

--- 1 players not fold, don't need show down---

---Allocate pot---
Only player at seat 1 not fold, win all the pot 1473
pot-win/ 
8888: 1473 
/pot-win 
it is player 6666's turn to be button

-----8 Hand-----

----- clean player data in socket -----
seat/ 
button: 6666 1940 2000 
small blind: 8888 3301 2000 
big blind: 3333 1957 2000 
5555 1900 2000 
1111 1414 2000 
2222 1940 2000 
7777 2183 2000 
4444 1365 2000 
/seat 
blind/ 
8888: 20 
3333: 40 
/blind 
player 8888:hold/ 
CLUBS 5 
DIAMONDS 3 
/hold 
player 3333:hold/ 
SPADES 3 
CLUBS 4 
/hold 
player 5555:hold/ 
DIAMONDS 4 
SPADES A 
/hold 
player 1111:hold/ 
DIAMONDS K 
DIAMONDS 8 
/hold 
player 2222:hold/ 
SPADES 4 
SPADES K 
/hold 
player 7777:hold/ 
HEARTS Q 
SPADES 7 
/hold 
player 4444:hold/ 
HEARTS 2 
HEARTS 9 
/hold 
player 6666:hold/ 
CLUBS 3 
CLUBS J 
/hold 

---pre flop round bet---
valid player: 8, all in player: 0, fold player: 0

send inquire msg to player 5555(seat:2) 
inquire/ 
3333 1917 2000 40 blind 
8888 3281 2000 20 blind 
total pot: 60 
/inquire 
recv from player 5555: fold


send inquire msg to player 1111(seat:3) 
inquire/ 
5555 1900 2000 0 fold 
3333 1917 2000 40 blind 
8888 3281 2000 20 blind 
total pot: 60 
/inquire 
recv from player 1111: fold 

send inquire msg to player 2222(seat:4) 
inquire/ 
1111 1414 2000 0 fold 
5555 1900 2000 0 fold 
3333 1917 2000 40 blind 
8888 3281 2000 20 blind 
total pot: 60 
/inquire 
recv from player 2222: fold 


send inquire msg to player 7777(seat:5) 
inquire/ 
2222 1940 2000 0 fold 
1111 1414 2000 0 fold 
5555 1900 2000 0 fold 
3333 1917 2000 40 blind 
8888 3281 2000 20 blind 
total pot: 60 
/inquire 
recv from player 7777: fold 


send inquire msg to player 4444(seat:6) 
inquire/ 
7777 2183 2000 0 fold 
2222 1940 2000 0 fold 
1111 1414 2000 0 fold 
5555 1900 2000 0 fold 
3333 1917 2000 40 blind 
8888 3281 2000 20 blind 
total pot: 60 
/inquire 
recv from player 4444: fold


send inquire msg to player 6666(seat:7) 
inquire/ 
4444 1365 2000 0 fold 
7777 2183 2000 0 fold 
2222 1940 2000 0 fold 
1111 1414 2000 0 fold 
5555 1900 2000 0 fold 
3333 1917 2000 40 blind 
8888 3281 2000 20 blind 
total pot: 60 
/inquire 
recv from player 6666: fold


send inquire msg to player 8888(seat:0) 
inquire/ 
6666 1940 2000 0 fold 
4444 1365 2000 0 fold 
7777 2183 2000 0 fold 
2222 1940 2000 0 fold 
1111 1414 2000 0 fold 
5555 1900 2000 0 fold 
3333 1917 2000 40 blind 
8888 3281 2000 20 blind 
total pot: 60 
/inquire 
recv from player 8888: raise 401 


send inquire msg to player 3333(seat:1) 
inquire/ 
8888 2860 2000 441 raise 
6666 1940 2000 0 fold 
4444 1365 2000 0 fold 
7777 2183 2000 0 fold 
2222 1940 2000 0 fold 
1111 1414 2000 0 fold 
5555 1900 2000 0 fold 
3333 1917 2000 40 blind 
total pot: 481 
/inquire 
recv from player 3333: fold 

valid player: 8, all in player: 0, fold player: 7

----- send notify msg from 2 to 1(exclude) -----

player 5555(seat:2) doesn't need notify-msg

send notify msg to player 1111(seat:3) 
notify/ 
5555 1900 2000 0 fold 
3333 1917 2000 40 fold 
8888 2860 2000 441 raise 
6666 1940 2000 0 fold 
4444 1365 2000 0 fold 
7777 2183 2000 0 fold 
2222 1940 2000 0 fold 
1111 1414 2000 0 fold 
total pot: 481 
/notify 

player 2222(seat:4) doesn't need notify-msg

send notify msg to player 7777(seat:5) 
notify/ 
2222 1940 2000 0 fold 
1111 1414 2000 0 fold 
5555 1900 2000 0 fold 
3333 1917 2000 40 fold 
8888 2860 2000 441 raise 
6666 1940 2000 0 fold 
4444 1365 2000 0 fold 
7777 2183 2000 0 fold 
total pot: 481 
/notify 

player 4444(seat:6) doesn't need notify-msg

player 6666(seat:7) doesn't need notify-msg

send notify msg to player 8888(seat:0) 
notify/ 
6666 1940 2000 0 fold 
4444 1365 2000 0 fold 
7777 2183 2000 0 fold 
2222 1940 2000 0 fold 
1111 1414 2000 0 fold 
5555 1900 2000 0 fold 
3333 1917 2000 40 fold 
8888 2860 2000 441 raise 
total pot: 481 
/notify 

---flop round bet---
valid player: 8, all in player: 0, fold player: 7

---turn round bet---
valid player: 8, all in player: 0, fold player: 7

---river round bet---
valid player: 8, all in player: 0, fold player: 7

--- 1 players not fold, don't need show down---

---Allocate pot---
Only player at seat 0 not fold, win all the pot 481
pot-win/ 
8888: 481 
/pot-win 
it is player 8888's turn to be button

-----9 Hand-----

----- clean player data in socket -----
seat/ 
button: 8888 3341 2000 
small blind: 3333 1917 2000 
big blind: 5555 1900 2000 
1111 1414 2000 
2222 1940 2000 
7777 2183 2000 
4444 1365 2000 
6666 1940 2000 
/seat 
blind/ 
3333: 20 
5555: 40 
/blind 
player 3333:hold/ 
DIAMONDS 10 
HEARTS 3 
/hold 
player 5555:hold/ 
CLUBS 3 
CLUBS 5 
/hold 
player 1111:hold/ 
CLUBS 7 
HEARTS 5 
/hold 
player 2222:hold/ 
SPADES 7 
SPADES 2 
/hold 
player 7777:hold/ 
DIAMONDS K 
HEARTS A 
/hold 
player 4444:hold/ 
SPADES Q 
HEARTS 4 
/hold 
player 6666:hold/ 
HEARTS 10 
DIAMONDS 3 
/hold 
player 8888:hold/ 
CLUBS K 
DIAMONDS 9 
/hold 

---pre flop round bet---
valid player: 8, all in player: 0, fold player: 0

send inquire msg to player 1111(seat:2) 
inquire/ 
5555 1860 2000 40 blind 
3333 1897 2000 20 blind 
total pot: 60 
/inquire 
recv from player 1111: fold 

send inquire msg to player 2222(seat:3) 
inquire/ 
1111 1414 2000 0 fold 
5555 1860 2000 40 blind 
3333 1897 2000 20 blind 
total pot: 60 
/inquire 
recv from player 2222: fold 


send inquire msg to player 7777(seat:4) 
inquire/ 
