

===VERSION 1.31===
---GAME START @ 2015-6-13-22-36-57---

wait registration for 30 seconds
reg: 2222 DSB  reg: 5555 baymax 
reg: 3333 JunLinTianXia 
reg: 1111 HJ  need_notify  
reg: 4444 new_len2of3!! 
reg: 6666 DSB  reg: 8888 ShuQi need_notify  
reg: 7777 CQchappie need_notify 
close registration

-----1 Hand-----

----- clean player data in socket -----
seat/ 
button: 6666 2000 2000 
small blind: 7777 2000 2000 
big blind: 3333 2000 2000 
2222 2000 2000 
5555 2000 2000 
8888 2000 2000 
1111 2000 2000 
4444 2000 2000 
/seat 
blind/ 
7777: 20 
3333: 40 
/blind 
player 7777:hold/ 
DIAMONDS J 
DIAMONDS 9 
/hold 
player 3333:hold/ 
HEARTS J 
DIAMONDS 10 
/hold 
player 2222:hold/ 
DIAMONDS K 
SPADES 4 
/hold 
player 5555:hold/ 
CLUBS K 
SPADES 6 
/hold 
player 8888:hold/ 
HEARTS A 
HEARTS 9 
/hold 
player 1111:hold/ 
HEARTS Q 
SPADES J 
/hold 
player 4444:hold/ 
CLUBS 4 
DIAMONDS 6 
/hold 
player 6666:hold/ 
SPADES 7 
CLUBS Q 
/hold 

---pre flop round bet---
valid player: 8, all in player: 0, fold player: 0

send inquire msg to player 2222(seat:2) 
inquire/ 
3333 1960 2000 40 blind 
7777 1980 2000 20 blind 
total pot: 60 
/inquire 
recv from player 2222: fold 

send inquire msg to player 5555(seat:3) 
inquire/ 
2222 2000 2000 0 fold 
3333 1960 2000 40 blind 
7777 1980 2000 20 blind 
total pot: 60 
/inquire 
recv from player 5555: fold 


send inquire msg to player 8888(seat:4) 
inquire/ 
5555 2000 2000 0 fold 
2222 2000 2000 0 fold 
3333 1960 2000 40 blind 
7777 1980 2000 20 blind 
total pot: 60 
/inquire 
recv from player 8888: call 


send inquire msg to player 1111(seat:5) 
inquire/ 
8888 1960 2000 40 call 
5555 2000 2000 0 fold 
2222 2000 2000 0 fold 
3333 1960 2000 40 blind 
7777 1980 2000 20 blind 
total pot: 100 
/inquire 
recv from player 1111: call 

send inquire msg to player 4444(seat:6) 
inquire/ 
1111 1960 2000 40 call 
8888 1960 2000 40 call 
5555 2000 2000 0 fold 
2222 2000 2000 0 fold 
3333 1960 2000 40 blind 
7777 1980 2000 20 blind 
total pot: 140 
/inquire 
recv from player 4444: fold 


send inquire msg to player 6666(seat:7) 
inquire/ 
4444 2000 2000 0 fold 
1111 1960 2000 40 call 
8888 1960 2000 40 call 
5555 2000 2000 0 fold 
2222 2000 2000 0 fold 
3333 1960 2000 40 blind 
7777 1980 2000 20 blind 
total pot: 140 
/inquire 
recv from player 6666: fold 

send inquire msg to player 7777(seat:0) 
inquire/ 
6666 2000 2000 0 fold 
4444 2000 2000 0 fold 
1111 1960 2000 40 call 
8888 1960 2000 40 call 
5555 2000 2000 0 fold 
2222 2000 2000 0 fold 
3333 1960 2000 40 blind 
7777 1980 2000 20 blind 
total pot: 140 
/inquire 
recv from player 7777: fold 


send inquire msg to player 3333(seat:1) 
inquire/ 
7777 1980 2000 20 fold 
6666 2000 2000 0 fold 
4444 2000 2000 0 fold 
1111 1960 2000 40 call 
8888 1960 2000 40 call 
5555 2000 2000 0 fold 
2222 2000 2000 0 fold 
3333 1960 2000 40 blind 
total pot: 140 
/inquire 
recv from player 3333: raise 83 


player 2222(seat:2) doesn't need notify-msg

player 5555(seat:3) doesn't need notify-msg

send inquire msg to player 8888(seat:4) 
inquire/ 
5555 2000 2000 0 fold 
2222 2000 2000 0 fold 
3333 1877 2000 123 raise 
7777 1980 2000 20 fold 
6666 2000 2000 0 fold 
4444 2000 2000 0 fold 
1111 1960 2000 40 call 
8888 1960 2000 40 call 
total pot: 223 
/inquire 
recv from player 8888: call 


send inquire msg to player 1111(seat:5) 
inquire/ 
8888 1877 2000 123 call 
5555 2000 2000 0 fold 
2222 2000 2000 0 fold 
3333 1877 2000 123 raise 
7777 1980 2000 20 fold 
6666 2000 2000 0 fold 
4444 2000 2000 0 fold 
1111 1960 2000 40 call 
total pot: 306 
/inquire 
recv from player 1111: call 
valid player: 8, all in player: 0, fold player: 5

----- send notify msg from 6 to 0(exclude) -----

player 4444(seat:6) doesn't need notify-msg

player 6666(seat:7) doesn't need notify-msg
flop/ 
SPADES 10 
SPADES 5 
DIAMONDS 5 
/flop 

---flop round bet---
valid player: 8, all in player: 0, fold player: 5

send notify msg to player 7777(seat:0) 
notify/ 
6666 2000 2000 0 fold 
4444 2000 2000 0 fold 
1111 1877 2000 123 call 
8888 1877 2000 123 call 
5555 2000 2000 0 fold 
2222 2000 2000 0 fold 
3333 1877 2000 123 raise 
7777 1980 2000 20 fold 
total pot: 389 
/notify 

send inquire msg to player 3333(seat:1) 
inquire/ 
7777 1980 2000 20 fold 
6666 2000 2000 0 fold 
4444 2000 2000 0 fold 
1111 1877 2000 123 call 
8888 1877 2000 123 call 
5555 2000 2000 0 fold 
2222 2000 2000 0 fold 
3333 1877 2000 123 raise 
total pot: 389 
/inquire 
recv from player 3333: raise 83 


player 2222(seat:2) doesn't need notify-msg

player 5555(seat:3) doesn't need notify-msg

send inquire msg to player 8888(seat:4) 
inquire/ 
5555 2000 2000 0 fold 
2222 2000 2000 0 fold 
3333 1794 2000 206 raise 
7777 1980 2000 20 fold 
6666 2000 2000 0 fold 
4444 2000 2000 0 fold 
1111 1877 2000 123 call 
8888 1877 2000 123 call 
total pot: 472 
/inquire 
recv from player 8888: fold 


send inquire msg to player 1111(seat:5) 
inquire/ 
8888 1877 2000 123 fold 
5555 2000 2000 0 fold 
2222 2000 2000 0 fold 
3333 1794 2000 206 raise 
7777 1980 2000 20 fold 
6666 2000 2000 0 fold 
4444 2000 2000 0 fold 
1111 1877 2000 123 call 
total pot: 472 
/inquire 
recv from player 1111: fold 
valid player: 8, all in player: 0, fold player: 7

----- send notify msg from 6 to 5(exclude) -----

player 4444(seat:6) doesn't need notify-msg

player 6666(seat:7) doesn't need notify-msg

send notify msg to player 7777(seat:0) 
notify/ 
6666 2000 2000 0 fold 
4444 2000 2000 0 fold 
1111 1877 2000 123 fold 
8888 1877 2000 123 fold 
5555 2000 2000 0 fold 
2222 2000 2000 0 fold 
3333 1794 2000 206 raise 
7777 1980 2000 20 fold 
total pot: 472 
/notify 

player 3333(seat:1) doesn't need notify-msg

player 2222(seat:2) doesn't need notify-msg

player 5555(seat:3) doesn't need notify-msg

send notify msg to player 8888(seat:4) 
notify/ 
5555 2000 2000 0 fold 
2222 2000 2000 0 fold 
3333 1794 2000 206 raise 
7777 1980 2000 20 fold 
6666 2000 2000 0 fold 
4444 2000 2000 0 fold 
1111 1877 2000 123 fold 
8888 1877 2000 123 fold 
total pot: 472 
/notify 

---turn round bet---
valid player: 8, all in player: 0, fold player: 7

---river round bet---
valid player: 8, all in player: 0, fold player: 7

--- 1 players not fold, don't need show down---

---Allocate pot---
Only player at seat 1 not fold, win all the pot 472
pot-win/ 
3333: 472 
/pot-win 
it is player 7777's turn to be button

-----2 Hand-----

----- clean player data in socket -----
seat/ 
button: 7777 1980 2000 
small blind: 3333 2266 2000 
big blind: 2222 2000 2000 
5555 2000 2000 
8888 1877 2000 
1111 1877 2000 
4444 2000 2000 
6666 2000 2000 
/seat 
blind/ 
3333: 20 
2222: 40 
/blind 
player 3333:hold/ 
SPADES 5 
DIAMONDS 9 
/hold 
player 2222:hold/ 
CLUBS 5 
HEARTS 4 
/hold 
player 5555:hold/ 
DIAMONDS 2 
HEARTS 9 
/hold 
player 8888:hold/ 
HEARTS 7 
SPADES 8 
/hold 
player 1111:hold/ 
DIAMONDS 7 
HEARTS 5 
/hold 
player 4444:hold/ 
DIAMONDS 8 
SPADES 2 
/hold 
player 6666:hold/ 
SPADES Q 
SPADES K 
/hold 
player 7777:hold/ 
HEARTS K 
HEARTS 6 
/hold 

---pre flop round bet---
valid player: 8, all in player: 0, fold player: 0

send inquire msg to player 5555(seat:2) 
inquire/ 
2222 1960 2000 40 blind 
3333 2246 2000 20 blind 
total pot: 60 
/inquire 
recv from player 5555: fold 


send inquire msg to player 8888(seat:3) 
inquire/ 
5555 2000 2000 0 fold 
2222 1960 2000 40 blind 
3333 2246 2000 20 blind 
total pot: 60 
/inquire 
recv from player 8888: fold 


send inquire msg to player 1111(seat:4) 
inquire/ 
8888 1877 2000 0 fold 
5555 2000 2000 0 fold 
2222 1960 2000 40 blind 
3333 2246 2000 20 blind 
total pot: 60 
/inquire 
recv from player 1111: fold 

send inquire msg to player 4444(seat:5) 
inquire/ 
1111 1877 2000 0 fold 
8888 1877 2000 0 fold 
5555 2000 2000 0 fold 
2222 1960 2000 40 blind 
3333 2246 2000 20 blind 
total pot: 60 
/inquire 
recv from player 4444: fold 


send inquire msg to player 6666(seat:6) 
inquire/ 
4444 2000 2000 0 fold 
1111 1877 2000 0 fold 
8888 1877 2000 0 fold 
5555 2000 2000 0 fold 
2222 1960 2000 40 blind 
3333 2246 2000 20 blind 
total pot: 60 
/inquire 
recv from player 6666: raise 250 

send inquire msg to player 7777(seat:7) 
inquire/ 
6666 1710 2000 290 raise 
4444 2000 2000 0 fold 
1111 1877 2000 0 fold 
8888 1877 2000 0 fold 
5555 2000 2000 0 fold 
2222 1960 2000 40 blind 
3333 2246 2000 20 blind 
total pot: 350 
/inquire 
recv from player 7777: fold 


send inquire msg to player 3333(seat:0) 
inquire/ 
7777 1980 2000 0 fold 
6666 1710 2000 290 raise 
4444 2000 2000 0 fold 
1111 1877 2000 0 fold 
8888 1877 2000 0 fold 
5555 2000 2000 0 fold 
2222 1960 2000 40 blind 
3333 2246 2000 20 blind 
total pot: 350 
/inquire 
recv from player 3333: fold 


send inquire msg to player 2222(seat:1) 
inquire/ 
3333 2246 2000 20 fold 
7777 1980 2000 0 fold 
6666 1710 2000 290 raise 
4444 2000 2000 0 fold 
1111 1877 2000 0 fold 
8888 1877 2000 0 fold 
5555 2000 2000 0 fold 
2222 1960 2000 40 blind 
total pot: 350 
/inquire 
recv from player 2222: call 
valid player: 8, all in player: 0, fold player: 6

----- send notify msg from 2 to 0(exclude) -----

player 5555(seat:2) doesn't need notify-msg

send notify msg to player 8888(seat:3) 
notify/ 
5555 2000 2000 0 fold 
2222 1710 2000 290 call 
3333 2246 2000 20 fold 
7777 1980 2000 0 fold 
6666 1710 2000 290 raise 
4444 2000 2000 0 fold 
1111 1877 2000 0 fold 
8888 1877 2000 0 fold 
total pot: 600 
/notify 

send notify msg to player 1111(seat:4) 
notify/ 
8888 1877 2000 0 fold 
5555 2000 2000 0 fold 
2222 1710 2000 290 call 
3333 2246 2000 20 fold 
7777 1980 2000 0 fold 
6666 1710 2000 290 raise 
4444 2000 2000 0 fold 
1111 1877 2000 0 fold 
total pot: 600 
/notify 

player 4444(seat:5) doesn't need notify-msg

player 6666(seat:6) doesn't need notify-msg

send notify msg to player 7777(seat:7) 
notify/ 
6666 1710 2000 290 raise 
4444 2000 2000 0 fold 
1111 1877 2000 0 fold 
8888 1877 2000 0 fold 
5555 2000 2000 0 fold 
2222 1710 2000 290 call 
3333 2246 2000 20 fold 
7777 1980 2000 0 fold 
total pot: 600 
/notify 
flop/ 
CLUBS 3 
CLUBS 4 
DIAMONDS K 
/flop 

---flop round bet---
valid player: 8, all in player: 0, fold player: 6

player 3333(seat:0) doesn't need notify-msg

send inquire msg to player 2222(seat:1) 
inquire/ 
3333 2246 2000 20 fold 
7777 1980 2000 0 fold 
6666 1710 2000 290 raise 
4444 2000 2000 0 fold 
1111 1877 2000 0 fold 
8888 1877 2000 0 fold 
5555 2000 2000 0 fold 
2222 1710 2000 290 call 
total pot: 600 
/inquire 
recv from player 2222: raise 100 

player 5555(seat:2) doesn't need notify-msg

send notify msg to player 8888(seat:3) 
notify/ 
5555 2000 2000 0 fold 
2222 1610 2000 390 raise 
3333 2246 2000 20 fold 
7777 1980 2000 0 fold 
6666 1710 2000 290 raise 
4444 2000 2000 0 fold 
1111 1877 2000 0 fold 
8888 1877 2000 0 fold 
total pot: 700 
/notify 

send notify msg to player 1111(seat:4) 
notify/ 
8888 1877 2000 0 fold 
5555 2000 2000 0 fold 
2222 1610 2000 390 raise 
3333 2246 2000 20 fold 
7777 1980 2000 0 fold 
6666 1710 2000 290 raise 
4444 2000 2000 0 fold 
1111 1877 2000 0 fold 
total pot: 700 
/notify 

player 4444(seat:5) doesn't need notify-msg

send inquire msg to player 6666(seat:6) 
inquire/ 
4444 2000 2000 0 fold 
1111 1877 2000 0 fold 
8888 1877 2000 0 fold 
5555 2000 2000 0 fold 
2222 1610 2000 390 raise 
3333 2246 2000 20 fold 
7777 1980 2000 0 fold 
6666 1710 2000 290 raise 
total pot: 700 
/inquire 
recv from player 6666: call 
valid player: 8, all in player: 0, fold player: 6

----- send notify msg from 7 to 0(exclude) -----

send notify msg to player 7777(seat:7) 
notify/ 
6666 1610 2000 390 call 
4444 2000 2000 0 fold 
1111 1877 2000 0 fold 
8888 1877 2000 0 fold 
5555 2000 2000 0 fold 
2222 1610 2000 390 raise 
3333 2246 2000 20 fold 
7777 1980 2000 0 fold 
total pot: 800 
/notify 
turn/ 
HEARTS 2 
/turn 

---turn round bet---
valid player: 8, all in player: 0, fold player: 6

player 3333(seat:0) doesn't need notify-msg

send inquire msg to player 2222(seat:1) 
inquire/ 
3333 2246 2000 20 fold 
7777 1980 2000 0 fold 
6666 1610 2000 390 call 
4444 2000 2000 0 fold 
1111 1877 2000 0 fold 
8888 1877 2000 0 fold 
5555 2000 2000 0 fold 
2222 1610 2000 390 raise 
total pot: 800 
/inquire 
recv from player 2222: call 

player 5555(seat:2) doesn't need notify-msg

send notify msg to player 8888(seat:3) 
notify/ 
5555 2000 2000 0 fold 
2222 1610 2000 390 check 
3333 2246 2000 20 fold 
7777 1980 2000 0 fold 
6666 1610 2000 390 call 
4444 2000 2000 0 fold 
1111 1877 2000 0 fold 
8888 1877 2000 0 fold 
total pot: 800 
/notify 

send notify msg to player 1111(seat:4) 
notify/ 
8888 1877 2000 0 fold 
5555 2000 2000 0 fold 
2222 1610 2000 390 check 
3333 2246 2000 20 fold 
7777 1980 2000 0 fold 
6666 1610 2000 390 call 
4444 2000 2000 0 fold 
1111 1877 2000 0 fold 
total pot: 800 
/notify 

player 4444(seat:5) doesn't need notify-msg

send inquire msg to player 6666(seat:6) 
inquire/ 
4444 2000 2000 0 fold 
1111 1877 2000 0 fold 
8888 1877 2000 0 fold 
5555 2000 2000 0 fold 
2222 1610 2000 390 check 
3333 2246 2000 20 fold 
7777 1980 2000 0 fold 
6666 1610 2000 390 call 
total pot: 800 
/inquire 
recv from player 6666: raise 500 

send notify msg to player 7777(seat:7) 
notify/ 
6666 1110 2000 890 raise 
4444 2000 2000 0 fold 
1111 1877 2000 0 fold 
8888 1877 2000 0 fold 
5555 2000 2000 0 fold 
2222 1610 2000 390 check 
3333 2246 2000 20 fold 
7777 1980 2000 0 fold 
total pot: 1300 
/notify 

player 3333(seat:0) doesn't need notify-msg

send inquire msg to player 2222(seat:1) 
inquire/ 
3333 2246 2000 20 fold 
7777 1980 2000 0 fold 
6666 1110 2000 890 raise 
4444 2000 2000 0 fold 
1111 1877 2000 0 fold 
8888 1877 2000 0 fold 
5555 2000 2000 0 fold 
2222 1610 2000 390 check 
total pot: 1300 
/inquire 
recv from player 2222: fold 
valid player: 8, all in player: 0, fold player: 7

----- send notify msg from 2 to 1(exclude) -----

player 5555(seat:2) doesn't need notify-msg

send notify msg to player 8888(seat:3) 
notify/ 
5555 2000 2000 0 fold 
2222 1610 2000 390 fold 
3333 2246 2000 20 fold 
7777 1980 2000 0 fold 
6666 1110 2000 890 raise 
4444 2000 2000 0 fold 
1111 1877 2000 0 fold 
8888 1877 2000 0 fold 
total pot: 1300 
/notify 

send notify msg to player 1111(seat:4) 
notify/ 
8888 1877 2000 0 fold 
5555 2000 2000 0 fold 
2222 1610 2000 390 fold 
3333 2246 2000 20 fold 
7777 1980 2000 0 fold 
6666 1110 2000 890 raise 
4444 2000 2000 0 fold 
1111 1877 2000 0 fold 
total pot: 1300 
/notify 

player 4444(seat:5) doesn't need notify-msg

player 6666(seat:6) doesn't need notify-msg

send notify msg to player 7777(seat:7) 
notify/ 
6666 1110 2000 890 raise 
4444 2000 2000 0 fold 
1111 1877 2000 0 fold 
8888 1877 2000 0 fold 
5555 2000 2000 0 fold 
2222 1610 2000 390 fold 
3333 2246 2000 20 fold 
7777 1980 2000 0 fold 
total pot: 1300 
/notify 

player 3333(seat:0) doesn't need notify-msg

---river round bet---
valid player: 8, all in player: 0, fold player: 7

--- 1 players not fold, don't need show down---

---Allocate pot---
Only player at seat 6 not fold, win all the pot 1300
pot-win/ 
6666: 1300 
/pot-win 
it is player 3333's turn to be button

-----3 Hand-----

----- clean player data in socket -----
seat/ 
button: 3333 2246 2000 
small blind: 2222 1610 2000 
big blind: 5555 2000 2000 
8888 1877 2000 
1111 1877 2000 
4444 2000 2000 
6666 2410 2000 
7777 1980 2000 
/seat 
blind/ 
2222: 20 
5555: 40 
/blind 
player 2222:hold/ 
SPADES 2 
SPADES 3 
/hold 
player 5555:hold/ 
HEARTS J 
HEARTS A 
/hold 
player 8888:hold/ 
HEARTS 2 
HEARTS 4 
/hold 
player 1111:hold/ 
CLUBS 2 
DIAMONDS 7 
/hold 
player 4444:hold/ 
HEARTS 10 
SPADES K 
/hold 
player 6666:hold/ 
SPADES Q 
SPADES 7 
/hold 
player 7777:hold/ 
DIAMONDS 10 
DIAMONDS 5 
/hold 
player 3333:hold/ 
CLUBS 3 
HEARTS 6 
/hold 

---pre flop round bet---
valid player: 8, all in player: 0, fold player: 0

send inquire msg to player 8888(seat:2) 
inquire/ 
5555 1960 2000 40 blind 
2222 1590 2000 20 blind 
total pot: 60 
/inquire 
recv from player 8888: fold 


send inquire msg to player 1111(seat:3) 
inquire/ 
8888 1877 2000 0 fold 
5555 1960 2000 40 blind 
2222 1590 2000 20 blind 
total pot: 60 
/inquire 
recv from player 1111: fold 

send inquire msg to player 4444(seat:4) 
inquire/ 
1111 1877 2000 0 fold 
8888 1877 2000 0 fold 
5555 1960 2000 40 blind 
2222 1590 2000 20 blind 
total pot: 60 
/inquire 
recv from player 4444: fold 


send inquire msg to player 6666(seat:5) 
inquire/ 
4444 2000 2000 0 fold 
1111 1877 2000 0 fold 
8888 1877 2000 0 fold 
5555 1960 2000 40 blind 
2222 1590 2000 20 blind 
total pot: 60 
/inquire 
recv from player 6666: fold 

send inquire msg to player 7777(seat:6) 
inquire/ 
6666 2410 2000 0 fold 
4444 2000 2000 0 fold 
1111 1877 2000 0 fold 
8888 1877 2000 0 fold 
5555 1960 2000 40 blind 
2222 1590 2000 20 blind 
total pot: 60 
/inquire 
recv from player 7777: fold 


send inquire msg to player 3333(seat:7) 
inquire/ 
7777 1980 2000 0 fold 
6666 2410 2000 0 fold 
4444 2000 2000 0 fold 
1111 1877 2000 0 fold 
8888 1877 2000 0 fold 
5555 1960 2000 40 blind 
2222 1590 2000 20 blind 
total pot: 60 
/inquire 
recv from player 3333: raise 83 


send inquire msg to player 2222(seat:0) 
inquire/ 
3333 2123 2000 123 raise 
7777 1980 2000 0 fold 
6666 2410 2000 0 fold 
4444 2000 2000 0 fold 
1111 1877 2000 0 fold 
8888 1877 2000 0 fold 
5555 1960 2000 40 blind 
2222 1590 2000 20 blind 
total pot: 183 
/inquire 
recv from player 2222: call 

send inquire msg to player 5555(seat:1) 
inquire/ 
2222 1487 2000 123 call 
3333 2123 2000 123 raise 
7777 1980 2000 0 fold 
6666 2410 2000 0 fold 
4444 2000 2000 0 fold 
1111 1877 2000 0 fold 
8888 1877 2000 0 fold 
5555 1960 2000 40 blind 
total pot: 286 
/inquire 
recv from player 5555: raise 222


send notify msg to player 8888(seat:2) 
notify/ 
5555 1655 2000 345 raise 
2222 1487 2000 123 call 
3333 2123 2000 123 raise 
7777 1980 2000 0 fold 
6666 2410 2000 0 fold 
4444 2000 2000 0 fold 
1111 1877 2000 0 fold 
8888 1877 2000 0 fold 
total pot: 591 
/notify 

send notify msg to player 1111(seat:3) 
notify/ 
8888 1877 2000 0 fold 
5555 1655 2000 345 raise 
2222 1487 2000 123 call 
3333 2123 2000 123 raise 
7777 1980 2000 0 fold 
6666 2410 2000 0 fold 
4444 2000 2000 0 fold 
1111 1877 2000 0 fold 
total pot: 591 
/notify 

player 4444(seat:4) doesn't need notify-msg

player 6666(seat:5) doesn't need notify-msg

send notify msg to player 7777(seat:6) 
notify/ 
6666 2410 2000 0 fold 
4444 2000 2000 0 fold 
1111 1877 2000 0 fold 
8888 1877 2000 0 fold 
5555 1655 2000 345 raise 
2222 1487 2000 123 call 
3333 2123 2000 123 raise 
7777 1980 2000 0 fold 
total pot: 591 
/notify 

send inquire msg to player 3333(seat:7) 
inquire/ 
7777 1980 2000 0 fold 
6666 2410 2000 0 fold 
4444 2000 2000 0 fold 
1111 1877 2000 0 fold 
8888 1877 2000 0 fold 
5555 1655 2000 345 raise 
2222 1487 2000 123 call 
3333 2123 2000 123 raise 
total pot: 591 
/inquire 
recv from player 3333: fold 


send inquire msg to player 2222(seat:0) 
inquire/ 
3333 2123 2000 123 fold 
7777 1980 2000 0 fold 
6666 2410 2000 0 fold 
4444 2000 2000 0 fold 
1111 1877 2000 0 fold 
8888 1877 2000 0 fold 
5555 1655 2000 345 raise 
2222 1487 2000 123 call 
total pot: 591 
/inquire 
recv from player 2222: fold 
valid player: 8, all in player: 0, fold player: 7

----- send notify msg from 1 to 0(exclude) -----

player 5555(seat:1) doesn't need notify-msg

send notify msg to player 8888(seat:2) 
notify/ 
5555 1655 2000 345 raise 
2222 1487 2000 123 fold 
3333 2123 2000 123 fold 
7777 1980 2000 0 fold 
6666 2410 2000 0 fold 
4444 2000 2000 0 fold 
1111 1877 2000 0 fold 
8888 1877 2000 0 fold 
total pot: 591 
/notify 

send notify msg to player 1111(seat:3) 
notify/ 
8888 1877 2000 0 fold 
5555 1655 2000 345 raise 
2222 1487 2000 123 fold 
3333 2123 2000 123 fold 
7777 1980 2000 0 fold 
6666 2410 2000 0 fold 
4444 2000 2000 0 fold 
1111 1877 2000 0 fold 
total pot: 591 
/notify 

player 4444(seat:4) doesn't need notify-msg

player 6666(seat:5) doesn't need notify-msg

send notify msg to player 7777(seat:6) 
notify/ 
6666 2410 2000 0 fold 
4444 2000 2000 0 fold 
1111 1877 2000 0 fold 
8888 1877 2000 0 fold 
5555 1655 2000 345 raise 
2222 1487 2000 123 fold 
3333 2123 2000 123 fold 
7777 1980 2000 0 fold 
total pot: 591 
/notify 

player 3333(seat:7) doesn't need notify-msg

---flop round bet---
valid player: 8, all in player: 0, fold player: 7

---turn round bet---
valid player: 8, all in player: 0, fold player: 7

---river round bet---
valid player: 8, all in player: 0, fold player: 7

--- 1 players not fold, don't need show down---

---Allocate pot---
Only player at seat 1 not fold, win all the pot 591
pot-win/ 
5555: 591 
/pot-win 
it is player 2222's turn to be button

-----4 Hand-----

----- clean player data in socket -----
seat/ 
button: 2222 1487 2000 
small blind: 5555 2246 2000 
big blind: 8888 1877 2000 
1111 1877 2000 
4444 2000 2000 
6666 2410 2000 
7777 1980 2000 
3333 2123 2000 
/seat 
blind/ 
5555: 20 
8888: 40 
/blind 
player 5555:hold/ 
SPADES K 
SPADES 7 
/hold 
player 8888:hold/ 
DIAMONDS 9 
SPADES 4 
/hold 
player 1111:hold/ 
CLUBS 3 
SPADES Q 
/hold 
player 4444:hold/ 
HEARTS 9 
CLUBS 4 
/hold 
player 6666:hold/ 
SPADES 8 
SPADES 3 
/hold 
player 7777:hold/ 
DIAMONDS 2 
HEARTS 4 
/hold 
player 3333:hold/ 
HEARTS J 
DIAMONDS K 
/hold 
player 2222:hold/ 
CLUBS Q 
DIAMONDS 6 
/hold 

---pre flop round bet---
valid player: 8, all in player: 0, fold player: 0

send inquire msg to player 1111(seat:2) 
inquire/ 
8888 1837 2000 40 blind 
5555 2226 2000 20 blind 
total pot: 60 
/inquire 
recv from player 1111: fold 

send inquire msg to player 4444(seat:3) 
inquire/ 
1111 1877 2000 0 fold 
8888 1837 2000 40 blind 
5555 2226 2000 20 blind 
total pot: 60 
/inquire 
recv from player 4444: fold 


send inquire msg to player 6666(seat:4) 
inquire/ 
4444 2000 2000 0 fold 
1111 1877 2000 0 fold 
8888 1837 2000 40 blind 
5555 2226 2000 20 blind 
total pot: 60 
/inquire 
recv from player 6666: fold 

send inquire msg to player 7777(seat:5) 
inquire/ 
6666 2410 2000 0 fold 
4444 2000 2000 0 fold 
1111 1877 2000 0 fold 
8888 1837 2000 40 blind 
5555 2226 2000 20 blind 
total pot: 60 
/inquire 
recv from player 7777: fold 


send inquire msg to player 3333(seat:6) 
inquire/ 
7777 1980 2000 0 fold 
6666 2410 2000 0 fold 
4444 2000 2000 0 fold 
1111 1877 2000 0 fold 
8888 1837 2000 40 blind 
5555 2226 2000 20 blind 
total pot: 60 
/inquire 
recv from player 3333: raise 43 


send inquire msg to player 2222(seat:7) 
inquire/ 
3333 2040 2000 83 raise 
7777 1980 2000 0 fold 
6666 2410 2000 0 fold 
4444 2000 2000 0 fold 
1111 1877 2000 0 fold 
8888 1837 2000 40 blind 
5555 2226 2000 20 blind 
total pot: 143 
/inquire 
recv from player 2222: fold 

send inquire msg to player 5555(seat:0) 
inquire/ 
2222 1487 2000 0 fold 
3333 2040 2000 83 raise 
7777 1980 2000 0 fold 
6666 2410 2000 0 fold 
4444 2000 2000 0 fold 
1111 1877 2000 0 fold 
8888 1837 2000 40 blind 
5555 2226 2000 20 blind 
total pot: 143 
/inquire 
recv from player 5555: call 


send inquire msg to player 8888(seat:1) 
inquire/ 
5555 2163 2000 83 call 
2222 1487 2000 0 fold 
3333 2040 2000 83 raise 
7777 1980 2000 0 fold 
6666 2410 2000 0 fold 
4444 2000 2000 0 fold 
1111 1877 2000 0 fold 
8888 1837 2000 40 blind 
total pot: 206 
/inquire 
recv from player 8888: fold 

valid player: 8, all in player: 0, fold player: 6

----- send notify msg from 2 to 0(exclude) -----

send notify msg to player 1111(seat:2) 
notify/ 
8888 1837 2000 40 fold 
5555 2163 2000 83 call 
2222 1487 2000 0 fold 
3333 2040 2000 83 raise 
7777 1980 2000 0 fold 
6666 2410 2000 0 fold 
4444 2000 2000 0 fold 
1111 1877 2000 0 fold 
total pot: 206 
/notify 

player 4444(seat:3) doesn't need notify-msg

player 6666(seat:4) doesn't need notify-msg

send notify msg to player 7777(seat:5) 
notify/ 
6666 2410 2000 0 fold 
4444 2000 2000 0 fold 
1111 1877 2000 0 fold 
8888 1837 2000 40 fold 
5555 2163 2000 83 call 
2222 1487 2000 0 fold 
3333 2040 2000 83 raise 
7777 1980 2000 0 fold 
total pot: 206 
/notify 

player 3333(seat:6) doesn't need notify-msg

player 2222(seat:7) doesn't need notify-msg
flop/ 
CLUBS 7 
CLUBS 8 
DIAMONDS 3 
/flop 

---flop round bet---
valid player: 8, all in player: 0, fold player: 6

send inquire msg to player 5555(seat:0) 
inquire/ 
2222 1487 2000 0 fold 
3333 2040 2000 83 raise 
7777 1980 2000 0 fold 
6666 2410 2000 0 fold 
4444 2000 2000 0 fold 
1111 1877 2000 0 fold 
8888 1837 2000 40 fold 
5555 2163 2000 83 call 
total pot: 206 
/inquire 
fail to check msg from player 5555(ret:-1, err: 0) for 1 times

send notify msg to player 8888(seat:1) 
notify/ 
5555 2163 2000 83 fold 
2222 1487 2000 0 fold 
3333 2040 2000 83 raise 
7777 1980 2000 0 fold 
6666 2410 2000 0 fold 
4444 2000 2000 0 fold 
1111 1877 2000 0 fold 
8888 1837 2000 40 fold 
total pot: 206 
/notify 

send notify msg to player 1111(seat:2) 
notify/ 
8888 1837 2000 40 fold 
5555 2163 2000 83 fold 
2222 1487 2000 0 fold 
3333 2040 2000 83 raise 
7777 1980 2000 0 fold 
6666 2410 2000 0 fold 
4444 2000 2000 0 fold 
1111 1877 2000 0 fold 
total pot: 206 
/notify 

player 4444(seat:3) doesn't need notify-msg

player 6666(seat:4) doesn't need notify-msg

send notify msg to player 7777(seat:5) 
notify/ 
6666 2410 2000 0 fold 
4444 2000 2000 0 fold 
1111 1877 2000 0 fold 
8888 1837 2000 40 fold 
5555 2163 2000 83 fold 
2222 1487 2000 0 fold 
3333 2040 2000 83 raise 
7777 1980 2000 0 fold 
total pot: 206 
/notify 

send inquire msg to player 3333(seat:6) 
inquire/ 
7777 1980 2000 0 fold 
6666 2410 2000 0 fold 
4444 2000 2000 0 fold 
1111 1877 2000 0 fold 
8888 1837 2000 40 fold 
5555 2163 2000 83 fold 
2222 1487 2000 0 fold 
3333 2040 2000 83 raise 
total pot: 206 
/inquire 
recv from player 3333: check 

valid player: 8, all in player: 0, fold player: 7

----- send notify msg from 7 to 6(exclude) -----

player 2222(seat:7) doesn't need notify-msg

player 5555(seat:0) doesn't need notify-msg

send notify msg to player 8888(seat:1) 
notify/ 
5555 2163 2000 83 fold 
2222 1487 2000 0 fold 
3333 2040 2000 83 check 
7777 1980 2000 0 fold 
6666 2410 2000 0 fold 
4444 2000 2000 0 fold 
1111 1877 2000 0 fold 
8888 1837 2000 40 fold 
total pot: 206 
/notify 

send notify msg to player 1111(seat:2) 
notify/ 
8888 1837 2000 40 fold 
5555 2163 2000 83 fold 
2222 1487 2000 0 fold 
3333 2040 2000 83 check 
7777 1980 2000 0 fold 
6666 2410 2000 0 fold 
4444 2000 2000 0 fold 
1111 1877 2000 0 fold 
total pot: 206 
/notify 

player 4444(seat:3) doesn't need notify-msg

player 6666(seat:4) doesn't need notify-msg

send notify msg to player 7777(seat:5) 
notify/ 
6666 2410 2000 0 fold 
4444 2000 2000 0 fold 
1111 1877 2000 0 fold 
8888 1837 2000 40 fold 
5555 2163 2000 83 fold 
2222 1487 2000 0 fold 
3333 2040 2000 83 check 
7777 1980 2000 0 fold 
total pot: 206 
/notify 

---turn round bet---
valid player: 8, all in player: 0, fold player: 7

---river round bet---
valid player: 8, all in player: 0, fold player: 7

--- 1 players not fold, don't need show down---

---Allocate pot---
Only player at seat 6 not fold, win all the pot 206
pot-win/ 
3333: 206 
/pot-win 
it is player 5555's turn to be button

-----5 Hand-----

----- clean player data in socket -----
seat/ 
button: 5555 2163 2000 
small blind: 8888 1837 2000 
big blind: 1111 1877 2000 
4444 2000 2000 
6666 2410 2000 
7777 1980 2000 
3333 2246 2000 
2222 1487 2000 
/seat 
blind/ 
8888: 20 
1111: 40 
/blind 
player 8888:hold/ 
CLUBS 9 
CLUBS 8 
/hold 
player 1111:hold/ 
DIAMONDS 7 
CLUBS 4 
/hold 
player 4444:hold/ 
HEARTS Q 
DIAMONDS J 
/hold 
player 6666:hold/ 
HEARTS 10 
CLUBS 5 
/hold 
player 7777:hold/ 
SPADES J 
HEARTS 6 
/hold 
player 3333:hold/ 
HEARTS 7 
HEARTS 4 
/hold 
player 2222:hold/ 
CLUBS 2 
CLUBS J 
/hold 
player 5555:hold/ 
DIAMONDS 5 
SPADES 10 
/hold 

---pre flop round bet---
valid player: 8, all in player: 0, fold player: 0

send inquire msg to player 4444(seat:2) 
inquire/ 
1111 1837 2000 40 blind 
8888 1817 2000 20 blind 
total pot: 60 
/inquire 
recv from player 4444: fold 


send inquire msg to player 6666(seat:3) 
inquire/ 
4444 2000 2000 0 fold 
1111 1837 2000 40 blind 
8888 1817 2000 20 blind 
total pot: 60 
/inquire 
recv from player 6666: fold 

send inquire msg to player 7777(seat:4) 
inquire/ 
6666 2410 2000 0 fold 
4444 2000 2000 0 fold 
1111 1837 2000 40 blind 
8888 1817 2000 20 blind 
total pot: 60 
/inquire 
recv from player 7777: fold 


send inquire msg to player 3333(seat:5) 
inquire/ 
7777 1980 2000 0 fold 
6666 2410 2000 0 fold 
4444 2000 2000 0 fold 
1111 1837 2000 40 blind 
8888 1817 2000 20 blind 
total pot: 60 
/inquire 
recv from player 3333: fold 


send inquire msg to player 2222(seat:6) 
inquire/ 
3333 2246 2000 0 fold 
7777 1980 2000 0 fold 
6666 2410 2000 0 fold 
4444 2000 2000 0 fold 
1111 1837 2000 40 blind 
8888 1817 2000 20 blind 
total pot: 60 
/inquire 
recv from player 2222: fold 

send inquire msg to player 5555(seat:7) 
inquire/ 
2222 1487 2000 0 fold 
3333 2246 2000 0 fold 
7777 1980 2000 0 fold 
6666 2410 2000 0 fold 
4444 2000 2000 0 fold 
1111 1837 2000 40 blind 
8888 1817 2000 20 blind 
total pot: 60 
/inquire 
recv from player 5555: fold 


send inquire msg to player 8888(seat:0) 
inquire/ 
5555 2163 2000 0 fold 
2222 1487 2000 0 fold 
3333 2246 2000 0 fold 
7777 1980 2000 0 fold 
6666 2410 2000 0 fold 
4444 2000 2000 0 fold 
1111 1837 2000 40 blind 
8888 1817 2000 20 blind 
total pot: 60 
/inquire 
recv from player 8888: call 


send inquire msg to player 1111(seat:1) 
inquire/ 
8888 1797 2000 40 call 
5555 2163 2000 0 fold 
2222 1487 2000 0 fold 
3333 2246 2000 0 fold 
7777 1980 2000 0 fold 
6666 2410 2000 0 fold 
4444 2000 2000 0 fold 
1111 1837 2000 40 blind 
total pot: 80 
/inquire 
recv from player 1111: raise 92


player 4444(seat:2) doesn't need notify-msg

player 6666(seat:3) doesn't need notify-msg

send notify msg to player 7777(seat:4) 
notify/ 
6666 2410 2000 0 fold 
4444 2000 2000 0 fold 
1111 1745 2000 132 raise 
8888 1797 2000 40 call 
5555 2163 2000 0 fold 
2222 1487 2000 0 fold 
3333 2246 2000 0 fold 
7777 1980 2000 0 fold 
total pot: 172 
/notify 

player 3333(seat:5) doesn't need notify-msg

player 2222(seat:6) doesn't need notify-msg

player 5555(seat:7) doesn't need notify-msg

send inquire msg to player 8888(seat:0) 
inquire/ 
5555 2163 2000 0 fold 
2222 1487 2000 0 fold 
3333 2246 2000 0 fold 
7777 1980 2000 0 fold 
6666 2410 2000 0 fold 
4444 2000 2000 0 fold 
1111 1745 2000 132 raise 
8888 1797 2000 40 call 
total pot: 172 
/inquire 
recv from player 8888: call 

valid player: 8, all in player: 0, fold player: 6

----- send notify msg from 1 to 0(exclude) -----

send notify msg to player 1111(seat:1) 
notify/ 
8888 1705 2000 132 call 
5555 2163 2000 0 fold 
2222 1487 2000 0 fold 
3333 2246 2000 0 fold 
7777 1980 2000 0 fold 
6666 2410 2000 0 fold 
4444 2000 2000 0 fold 
1111 1745 2000 132 raise 
total pot: 264 
/notify 

player 4444(seat:2) doesn't need notify-msg

player 6666(seat:3) doesn't need notify-msg

send notify msg to player 7777(seat:4) 
notify/ 
6666 2410 2000 0 fold 
4444 2000 2000 0 fold 
1111 1745 2000 132 raise 
8888 1705 2000 132 call 
5555 2163 2000 0 fold 
2222 1487 2000 0 fold 
3333 2246 2000 0 fold 
7777 1980 2000 0 fold 
total pot: 264 
/notify 

player 3333(seat:5) doesn't need notify-msg

player 2222(seat:6) doesn't need notify-msg

player 5555(seat:7) doesn't need notify-msg
flop/ 
CLUBS A 
SPADES 7 
CLUBS 6 
/flop 

---flop round bet---
valid player: 8, all in player: 0, fold player: 6

send inquire msg to player 8888(seat:0) 
inquire/ 
5555 2163 2000 0 fold 
2222 1487 2000 0 fold 
3333 2246 2000 0 fold 
7777 1980 2000 0 fold 
6666 2410 2000 0 fold 
4444 2000 2000 0 fold 
1111 1745 2000 132 raise 
8888 1705 2000 132 call 
total pot: 264 
/inquire 
recv from player 8888: check 


send inquire msg to player 1111(seat:1) 
inquire/ 
8888 1705 2000 132 check 
5555 2163 2000 0 fold 
2222 1487 2000 0 fold 
3333 2246 2000 0 fold 
7777 1980 2000 0 fold 
6666 2410 2000 0 fold 
4444 2000 2000 0 fold 
1111 1745 2000 132 raise 
total pot: 264 
/inquire 
recv from player 1111: raise 201


player 4444(seat:2) doesn't need notify-msg

player 6666(seat:3) doesn't need notify-msg

send notify msg to player 7777(seat:4) 
notify/ 
6666 2410 2000 0 fold 
4444 2000 2000 0 fold 
1111 1544 2000 333 raise 
8888 1705 2000 132 check 
5555 2163 2000 0 fold 
2222 1487 2000 0 fold 
3333 2246 2000 0 fold 
7777 1980 2000 0 fold 
total pot: 465 
/notify 

player 3333(seat:5) doesn't need notify-msg

player 2222(seat:6) doesn't need notify-msg

player 5555(seat:7) doesn't need notify-msg

send inquire msg to player 8888(seat:0) 
inquire/ 
5555 2163 2000 0 fold 
2222 1487 2000 0 fold 
3333 2246 2000 0 fold 
7777 1980 2000 0 fold 
6666 2410 2000 0 fold 
4444 2000 2000 0 fold 
1111 1544 2000 333 raise 
8888 1705 2000 132 check 
total pot: 465 
/inquire 
recv from player 8888: fold 

valid player: 8, all in player: 0, fold player: 7

----- send notify msg from 1 to 0(exclude) -----

send notify msg to player 1111(seat:1) 
notify/ 
8888 1705 2000 132 fold 
5555 2163 2000 0 fold 
2222 1487 2000 0 fold 
3333 2246 2000 0 fold 
7777 1980 2000 0 fold 
6666 2410 2000 0 fold 
4444 2000 2000 0 fold 
1111 1544 2000 333 raise 
total pot: 465 
/notify 

player 4444(seat:2) doesn't need notify-msg

player 6666(seat:3) doesn't need notify-msg

send notify msg to player 7777(seat:4) 
notify/ 
6666 2410 2000 0 fold 
4444 2000 2000 0 fold 
1111 1544 2000 333 raise 
8888 1705 2000 132 fold 
5555 2163 2000 0 fold 
2222 1487 2000 0 fold 
3333 2246 2000 0 fold 
7777 1980 2000 0 fold 
total pot: 465 
/notify 

player 3333(seat:5) doesn't need notify-msg

player 2222(seat:6) doesn't need notify-msg

player 5555(seat:7) doesn't need notify-msg

---turn round bet---
valid player: 8, all in player: 0, fold player: 7

---river round bet---
valid player: 8, all in player: 0, fold player: 7

--- 1 players not fold, don't need show down---

---Allocate pot---
Only player at seat 1 not fold, win all the pot 465
pot-win/ 
1111: 465 
/pot-win 
it is player 8888's turn to be button

-----6 Hand-----

----- clean player data in socket -----
seat/ 
button: 8888 1705 2000 
small blind: 1111 2009 2000 
big blind: 4444 2000 2000 
6666 2410 2000 
7777 1980 2000 
3333 2246 2000 
2222 1487 2000 
5555 2163 2000 
/seat 
blind/ 
1111: 20 
4444: 40 
/blind 
player 1111:hold/ 
HEARTS 7 
DIAMONDS K 
/hold 
player 4444:hold/ 
CLUBS 4 
CLUBS 7 
/hold 
player 6666:hold/ 
CLUBS A 
HEARTS 10 
/hold 
player 7777:hold/ 
DIAMONDS 3 
CLUBS 2 
/hold 
player 3333:hold/ 
DIAMONDS J 
SPADES K 
/hold 
player 2222:hold/ 
DIAMONDS 6 
HEARTS 2 
/hold 
player 5555:hold/ 
CLUBS Q 
DIAMONDS 7 
/hold 
player 8888:hold/ 
SPADES J 
HEARTS K 
/hold 

---pre flop round bet---
valid player: 8, all in player: 0, fold player: 0

send inquire msg to player 6666(seat:2) 
inquire/ 
4444 1960 2000 40 blind 
1111 1989 2000 20 blind 
total pot: 60 
/inquire 
recv from player 6666: call 

send inquire msg to player 7777(seat:3) 
inquire/ 
6666 2370 2000 40 call 
4444 1960 2000 40 blind 
1111 1989 2000 20 blind 
total pot: 100 
/inquire 
recv from player 7777: fold 


send inquire msg to player 3333(seat:4) 
inquire/ 
7777 1980 2000 0 fold 
6666 2370 2000 40 call 
4444 1960 2000 40 blind 
1111 1989 2000 20 blind 
total pot: 100 
/inquire 
recv from player 3333: raise 43 


send inquire msg to player 2222(seat:5) 
inquire/ 
3333 2163 2000 83 raise 
7777 1980 2000 0 fold 
6666 2370 2000 40 call 
4444 1960 2000 40 blind 
1111 1989 2000 20 blind 
total pot: 183 
/inquire 
recv from player 2222: fold 

send inquire msg to player 5555(seat:6) 
inquire/ 
2222 1487 2000 0 fold 
3333 2163 2000 83 raise 
7777 1980 2000 0 fold 
6666 2370 2000 40 call 
4444 1960 2000 40 blind 
1111 1989 2000 20 blind 
total pot: 183 
/inquire 
recv from player 5555: fold 


send inquire msg to player 8888(seat:7) 
inquire/ 
5555 2163 2000 0 fold 
2222 1487 2000 0 fold 
3333 2163 2000 83 raise 
7777 1980 2000 0 fold 
6666 2370 2000 40 call 
4444 1960 2000 40 blind 
1111 1989 2000 20 blind 
total pot: 183 
/inquire 
recv from player 8888: call 


send inquire msg to player 1111(seat:0) 
inquire/ 
8888 1622 2000 83 call 
5555 2163 2000 0 fold 
2222 1487 2000 0 fold 
3333 2163 2000 83 raise 
7777 1980 2000 0 fold 
6666 2370 2000 40 call 
4444 1960 2000 40 blind 
1111 1989 2000 20 blind 
total pot: 266 
/inquire 
recv from player 1111: fold 

send inquire msg to player 4444(seat:1) 
inquire/ 
1111 1989 2000 20 fold 
8888 1622 2000 83 call 
5555 2163 2000 0 fold 
2222 1487 2000 0 fold 
3333 2163 2000 83 raise 
7777 1980 2000 0 fold 
6666 2370 2000 40 call 
4444 1960 2000 40 blind 
total pot: 266 
/inquire 
recv from player 4444: fold 


send inquire msg to player 6666(seat:2) 
inquire/ 
4444 1960 2000 40 fold 
1111 1989 2000 20 fold 
8888 1622 2000 83 call 
5555 2163 2000 0 fold 
2222 1487 2000 0 fold 
3333 2163 2000 83 raise 
7777 1980 2000 0 fold 
6666 2370 2000 40 call 
total pot: 266 
/inquire 
recv from player 6666: call 
valid player: 8, all in player: 0, fold player: 5

----- send notify msg from 3 to 0(exclude) -----

send notify msg to player 7777(seat:3) 
notify/ 
6666 2327 2000 83 call 
4444 1960 2000 40 fold 
1111 1989 2000 20 fold 
8888 1622 2000 83 call 
5555 2163 2000 0 fold 
2222 1487 2000 0 fold 
3333 2163 2000 83 raise 
7777 1980 2000 0 fold 
total pot: 309 
/notify 

player 3333(seat:4) doesn't need notify-msg

player 2222(seat:5) doesn't need notify-msg

player 5555(seat:6) doesn't need notify-msg

send notify msg to player 8888(seat:7) 
notify/ 
5555 2163 2000 0 fold 
2222 1487 2000 0 fold 
3333 2163 2000 83 raise 
7777 1980 2000 0 fold 
6666 2327 2000 83 call 
4444 1960 2000 40 fold 
1111 1989 2000 20 fold 
8888 1622 2000 83 call 
total pot: 309 
/notify 
flop/ 
SPADES 3 
DIAMONDS 4 
SPADES 10 
/flop 

---flop round bet---
valid player: 8, all in player: 0, fold player: 5

send notify msg to player 1111(seat:0) 
notify/ 
8888 1622 2000 83 call 
5555 2163 2000 0 fold 
2222 1487 2000 0 fold 
3333 2163 2000 83 raise 
7777 1980 2000 0 fold 
6666 2327 2000 83 call 
4444 1960 2000 40 fold 
1111 1989 2000 20 fold 
total pot: 309 
/notify 

player 4444(seat:1) doesn't need notify-msg

send inquire msg to player 6666(seat:2) 
inquire/ 
4444 1960 2000 40 fold 
1111 1989 2000 20 fold 
8888 1622 2000 83 call 
5555 2163 2000 0 fold 
2222 1487 2000 0 fold 
3333 2163 2000 83 raise 
7777 1980 2000 0 fold 
6666 2327 2000 83 call 
total pot: 309 
/inquire 
recv from player 6666: raise 100 

send notify msg to player 7777(seat:3) 
notify/ 
6666 2227 2000 183 raise 
4444 1960 2000 40 fold 
1111 1989 2000 20 fold 
8888 1622 2000 83 call 
5555 2163 2000 0 fold 
2222 1487 2000 0 fold 
3333 2163 2000 83 raise 
7777 1980 2000 0 fold 
total pot: 409 
/notify 

send inquire msg to player 3333(seat:4) 
inquire/ 
7777 1980 2000 0 fold 
6666 2227 2000 183 raise 
4444 1960 2000 40 fold 
1111 1989 2000 20 fold 
8888 1622 2000 83 call 
5555 2163 2000 0 fold 
2222 1487 2000 0 fold 
3333 2163 2000 83 raise 
total pot: 409 
/inquire 
recv from player 3333: fold 


player 2222(seat:5) doesn't need notify-msg

player 5555(seat:6) doesn't need notify-msg
find residue data from player 8888, data size 6

send inquire msg to player 8888(seat:7) 
inquire/ 
5555 2163 2000 0 fold 
2222 1487 2000 0 fold 
3333 2163 2000 83 fold 
7777 1980 2000 0 fold 
6666 2227 2000 183 raise 
4444 1960 2000 40 fold 
1111 1989 2000 20 fold 
8888 1622 2000 83 call 
total pot: 409 
/inquire 
recv from player 8888: fold 

valid player: 8, all in player: 0, fold player: 7

----- send notify msg from 0 to 7(exclude) -----

send notify msg to player 1111(seat:0) 
notify/ 
8888 1622 2000 83 fold 
5555 2163 2000 0 fold 
2222 1487 2000 0 fold 
3333 2163 2000 83 fold 
7777 1980 2000 0 fold 
6666 2227 2000 183 raise 
4444 1960 2000 40 fold 
1111 1989 2000 20 fold 
total pot: 409 
/notify 

player 4444(seat:1) doesn't need notify-msg

player 6666(seat:2) doesn't need notify-msg

send notify msg to player 7777(seat:3) 
notify/ 
6666 2227 2000 183 raise 
4444 1960 2000 40 fold 
1111 1989 2000 20 fold 
