

===VERSION 1.24===
---GAME START @ 2015-5-25-16-59-52---

wait registration for 30 seconds
reg: 2222 new 
reg: 5555 DSB  reg: 8888 DSB  reg: 6666 DSB  reg: 1111 Young need_notify  
reg: 3333 cleverbot need_notify 
reg: 7777 cleverbot need_notify 
reg: 4444 Young need_notify  
close registration

-----1 Hand-----

----- clean player data in socket -----
seat/ 
button: 8888 2000 2000 
small blind: 3333 2000 2000 
big blind: 6666 2000 2000 
5555 2000 2000 
2222 2000 2000 
7777 2000 2000 
1111 2000 2000 
4444 2000 2000 
/seat 
blind/ 
3333: 20 
6666: 40 
/blind 
player 3333:hold/ 
SPADES 7 
HEARTS 6 
/hold 
player 6666:hold/ 
SPADES 5 
SPADES 9 
/hold 
player 5555:hold/ 
CLUBS A 
DIAMONDS K 
/hold 
player 2222:hold/ 
HEARTS 8 
HEARTS 2 
/hold 
player 7777:hold/ 
SPADES A 
SPADES 4 
/hold 
player 1111:hold/ 
SPADES 2 
HEARTS 7 
/hold 
player 4444:hold/ 
DIAMONDS 3 
DIAMONDS 5 
/hold 
player 8888:hold/ 
SPADES J 
CLUBS 2 
/hold 

---pre flop round bet---
valid player: 8, all in player: 0, fold player: 0
send inquire msg to player 5555 
inquire/ 
6666 1960 2000 40 blind 
3333 1980 2000 20 blind 
total pot: 60 
/inquire 
recv from player 5555: call 
send inquire msg to player 2222 
inquire/ 
5555 1960 2000 40 call 
6666 1960 2000 40 blind 
3333 1980 2000 20 blind 
total pot: 100 
/inquire 
recv from player 2222: fold 

send inquire msg to player 7777 
inquire/ 
2222 2000 2000 0 fold 
5555 1960 2000 40 call 
6666 1960 2000 40 blind 
3333 1980 2000 20 blind 
total pot: 100 
/inquire 
recv from player 7777: call 

send inquire msg to player 1111 
inquire/ 
7777 1960 2000 40 call 
2222 2000 2000 0 fold 
5555 1960 2000 40 call 
6666 1960 2000 40 blind 
3333 1980 2000 20 blind 
total pot: 140 
/inquire 
recv from player 1111: fold 

send inquire msg to player 4444 
inquire/ 
1111 2000 2000 0 fold 
7777 1960 2000 40 call 
2222 2000 2000 0 fold 
5555 1960 2000 40 call 
6666 1960 2000 40 blind 
3333 1980 2000 20 blind 
total pot: 140 
/inquire 
recv from player 4444: call 

send inquire msg to player 8888 
inquire/ 
4444 1960 2000 40 call 
1111 2000 2000 0 fold 
7777 1960 2000 40 call 
2222 2000 2000 0 fold 
5555 1960 2000 40 call 
6666 1960 2000 40 blind 
3333 1980 2000 20 blind 
total pot: 180 
/inquire 
recv from player 8888: call 
send inquire msg to player 3333 
inquire/ 
8888 1960 2000 40 call 
4444 1960 2000 40 call 
1111 2000 2000 0 fold 
7777 1960 2000 40 call 
2222 2000 2000 0 fold 
5555 1960 2000 40 call 
6666 1960 2000 40 blind 
3333 1980 2000 20 blind 
total pot: 220 
/inquire 
recv from player 3333: fold 

send inquire msg to player 6666 
inquire/ 
3333 1980 2000 20 fold 
8888 1960 2000 40 call 
4444 1960 2000 40 call 
1111 2000 2000 0 fold 
7777 1960 2000 40 call 
2222 2000 2000 0 fold 
5555 1960 2000 40 call 
6666 1960 2000 40 blind 
total pot: 220 
/inquire 
recv from player 6666: fold 
flop/ 
DIAMONDS 9 
DIAMONDS 10 
DIAMONDS 7 
/flop 

---flop round bet---
valid player: 8, all in player: 0, fold player: 4
send notify msg to player 3333 
notify/ 
8888 1960 2000 40 call 
4444 1960 2000 40 call 
1111 2000 2000 0 fold 
7777 1960 2000 40 call 
2222 2000 2000 0 fold 
5555 1960 2000 40 call 
6666 1960 2000 40 fold 
3333 1980 2000 20 fold 
total pot: 220 
/notify 
send inquire msg to player 5555 
inquire/ 
6666 1960 2000 40 fold 
3333 1980 2000 20 fold 
8888 1960 2000 40 call 
4444 1960 2000 40 call 
1111 2000 2000 0 fold 
7777 1960 2000 40 call 
2222 2000 2000 0 fold 
5555 1960 2000 40 call 
total pot: 220 
/inquire 
recv from player 5555: call 
send inquire msg to player 7777 
inquire/ 
2222 2000 2000 0 fold 
5555 1960 2000 40 check 
6666 1960 2000 40 fold 
3333 1980 2000 20 fold 
8888 1960 2000 40 call 
4444 1960 2000 40 call 
1111 2000 2000 0 fold 
7777 1960 2000 40 call 
total pot: 220 
/inquire 
recv from player 7777: call 

send notify msg to player 1111 
notify/ 
7777 1960 2000 40 check 
2222 2000 2000 0 fold 
5555 1960 2000 40 check 
6666 1960 2000 40 fold 
3333 1980 2000 20 fold 
8888 1960 2000 40 call 
4444 1960 2000 40 call 
1111 2000 2000 0 fold 
total pot: 220 
/notify 
send inquire msg to player 4444 
inquire/ 
1111 2000 2000 0 fold 
7777 1960 2000 40 check 
2222 2000 2000 0 fold 
5555 1960 2000 40 check 
6666 1960 2000 40 fold 
3333 1980 2000 20 fold 
8888 1960 2000 40 call 
4444 1960 2000 40 call 
total pot: 220 
/inquire 
recv from player 4444: raise 82

send inquire msg to player 8888 
inquire/ 
4444 1878 2000 122 raise 
1111 2000 2000 0 fold 
7777 1960 2000 40 check 
2222 2000 2000 0 fold 
5555 1960 2000 40 check 
6666 1960 2000 40 fold 
3333 1980 2000 20 fold 
8888 1960 2000 40 call 
total pot: 302 
/inquire 
recv from player 8888: fold 
send notify msg to player 3333 
notify/ 
8888 1960 2000 40 fold 
4444 1878 2000 122 raise 
1111 2000 2000 0 fold 
7777 1960 2000 40 check 
2222 2000 2000 0 fold 
5555 1960 2000 40 check 
6666 1960 2000 40 fold 
3333 1980 2000 20 fold 
total pot: 302 
/notify 
send inquire msg to player 5555 
inquire/ 
6666 1960 2000 40 fold 
3333 1980 2000 20 fold 
8888 1960 2000 40 fold 
4444 1878 2000 122 raise 
1111 2000 2000 0 fold 
7777 1960 2000 40 check 
2222 2000 2000 0 fold 
5555 1960 2000 40 check 
total pot: 302 
/inquire 
recv from player 5555: call 
send inquire msg to player 7777 
inquire/ 
2222 2000 2000 0 fold 
5555 1878 2000 122 call 
6666 1960 2000 40 fold 
3333 1980 2000 20 fold 
8888 1960 2000 40 fold 
4444 1878 2000 122 raise 
1111 2000 2000 0 fold 
7777 1960 2000 40 check 
total pot: 384 
/inquire 
recv from player 7777: fold 

turn/ 
CLUBS K 
/turn 

---turn round bet---
valid player: 8, all in player: 0, fold player: 6
send notify msg to player 3333 
notify/ 
8888 1960 2000 40 fold 
4444 1878 2000 122 raise 
1111 2000 2000 0 fold 
7777 1960 2000 40 fold 
2222 2000 2000 0 fold 
5555 1878 2000 122 call 
6666 1960 2000 40 fold 
3333 1980 2000 20 fold 
total pot: 384 
/notify 
send inquire msg to player 5555 
inquire/ 
6666 1960 2000 40 fold 
3333 1980 2000 20 fold 
8888 1960 2000 40 fold 
4444 1878 2000 122 raise 
1111 2000 2000 0 fold 
7777 1960 2000 40 fold 
2222 2000 2000 0 fold 
5555 1878 2000 122 call 
total pot: 384 
/inquire 
recv from player 5555: call 
send notify msg to player 7777 
notify/ 
2222 2000 2000 0 fold 
5555 1878 2000 122 check 
6666 1960 2000 40 fold 
3333 1980 2000 20 fold 
8888 1960 2000 40 fold 
4444 1878 2000 122 raise 
1111 2000 2000 0 fold 
7777 1960 2000 40 fold 
total pot: 384 
/notify 
send notify msg to player 1111 
notify/ 
7777 1960 2000 40 fold 
2222 2000 2000 0 fold 
5555 1878 2000 122 check 
6666 1960 2000 40 fold 
3333 1980 2000 20 fold 
8888 1960 2000 40 fold 
4444 1878 2000 122 raise 
1111 2000 2000 0 fold 
total pot: 384 
/notify 
send inquire msg to player 4444 
inquire/ 
1111 2000 2000 0 fold 
7777 1960 2000 40 fold 
2222 2000 2000 0 fold 
5555 1878 2000 122 check 
6666 1960 2000 40 fold 
3333 1980 2000 20 fold 
8888 1960 2000 40 fold 
4444 1878 2000 122 raise 
total pot: 384 
/inquire 
recv from player 4444: raise 90.2

send notify msg to player 3333 
notify/ 
8888 1960 2000 40 fold 
4444 1788 2000 212 raise 
1111 2000 2000 0 fold 
7777 1960 2000 40 fold 
2222 2000 2000 0 fold 
5555 1878 2000 122 check 
6666 1960 2000 40 fold 
3333 1980 2000 20 fold 
total pot: 474 
/notify 
send inquire msg to player 5555 
inquire/ 
6666 1960 2000 40 fold 
3333 1980 2000 20 fold 
8888 1960 2000 40 fold 
4444 1788 2000 212 raise 
1111 2000 2000 0 fold 
7777 1960 2000 40 fold 
2222 2000 2000 0 fold 
5555 1878 2000 122 check 
total pot: 474 
/inquire 
recv from player 5555: call 
river/ 
HEARTS 5 
/river 

---river round bet---
valid player: 8, all in player: 0, fold player: 6
send notify msg to player 3333 
notify/ 
8888 1960 2000 40 fold 
4444 1788 2000 212 raise 
1111 2000 2000 0 fold 
7777 1960 2000 40 fold 
2222 2000 2000 0 fold 
5555 1788 2000 212 call 
6666 1960 2000 40 fold 
3333 1980 2000 20 fold 
total pot: 564 
/notify 
send inquire msg to player 5555 
inquire/ 
6666 1960 2000 40 fold 
3333 1980 2000 20 fold 
8888 1960 2000 40 fold 
4444 1788 2000 212 raise 
1111 2000 2000 0 fold 
7777 1960 2000 40 fold 
2222 2000 2000 0 fold 
5555 1788 2000 212 call 
total pot: 564 
/inquire 
recv from player 5555: call 
send notify msg to player 7777 
notify/ 
2222 2000 2000 0 fold 
5555 1788 2000 212 check 
6666 1960 2000 40 fold 
3333 1980 2000 20 fold 
8888 1960 2000 40 fold 
4444 1788 2000 212 raise 
1111 2000 2000 0 fold 
7777 1960 2000 40 fold 
total pot: 564 
/notify 
send notify msg to player 1111 
notify/ 
7777 1960 2000 40 fold 
2222 2000 2000 0 fold 
5555 1788 2000 212 check 
6666 1960 2000 40 fold 
3333 1980 2000 20 fold 
8888 1960 2000 40 fold 
4444 1788 2000 212 raise 
1111 2000 2000 0 fold 
total pot: 564 
/notify 
send inquire msg to player 4444 
inquire/ 
1111 2000 2000 0 fold 
7777 1960 2000 40 fold 
2222 2000 2000 0 fold 
5555 1788 2000 212 check 
6666 1960 2000 40 fold 
3333 1980 2000 20 fold 
8888 1960 2000 40 fold 
4444 1788 2000 212 raise 
total pot: 564 
/inquire 
recv from player 4444: raise 164

send notify msg to player 3333 
notify/ 
8888 1960 2000 40 fold 
4444 1624 2000 376 raise 
1111 2000 2000 0 fold 
7777 1960 2000 40 fold 
2222 2000 2000 0 fold 
5555 1788 2000 212 check 
6666 1960 2000 40 fold 
3333 1980 2000 20 fold 
total pot: 728 
/notify 
send inquire msg to player 5555 
inquire/ 
6666 1960 2000 40 fold 
3333 1980 2000 20 fold 
8888 1960 2000 40 fold 
4444 1624 2000 376 raise 
1111 2000 2000 0 fold 
7777 1960 2000 40 fold 
2222 2000 2000 0 fold 
5555 1788 2000 212 check 
total pot: 728 
/inquire 
recv from player 5555: call 

----- notify msg last round -----
send notify msg to player 7777 
notify/ 
2222 2000 2000 0 fold 
5555 1624 2000 376 call 
6666 1960 2000 40 fold 
3333 1980 2000 20 fold 
8888 1960 2000 40 fold 
4444 1624 2000 376 raise 
1111 2000 2000 0 fold 
7777 1960 2000 40 fold 
total pot: 892 
/notify 
send notify msg to player 1111 
notify/ 
7777 1960 2000 40 fold 
2222 2000 2000 0 fold 
5555 1624 2000 376 call 
6666 1960 2000 40 fold 
3333 1980 2000 20 fold 
8888 1960 2000 40 fold 
4444 1624 2000 376 raise 
1111 2000 2000 0 fold 
total pot: 892 
/notify 
send notify msg to player 4444 
notify/ 
1111 2000 2000 0 fold 
7777 1960 2000 40 fold 
2222 2000 2000 0 fold 
5555 1624 2000 376 call 
6666 1960 2000 40 fold 
3333 1980 2000 20 fold 
8888 1960 2000 40 fold 
4444 1624 2000 376 raise 
total pot: 892 
/notify 
send notify msg to player 3333 
notify/ 
8888 1960 2000 40 fold 
4444 1624 2000 376 raise 
1111 2000 2000 0 fold 
7777 1960 2000 40 fold 
2222 2000 2000 0 fold 
5555 1624 2000 376 call 
6666 1960 2000 40 fold 
3333 1980 2000 20 fold 
total pot: 892 
/notify 

---show down---
showdown/ 
common/ 
DIAMONDS 9 
DIAMONDS 10 
DIAMONDS 7 
CLUBS K 
HEARTS 5 
/common 
2: 5555 CLUBS A DIAMONDS K ONE_PAIR 
1: 4444 DIAMONDS 3 DIAMONDS 5 FLUSH 
/showdown 

---Allocate pot---
pot-win/ 
4444: 892 
/pot-win 
it is player 3333's turn to be button

-----2 Hand-----

----- clean player data in socket -----
seat/ 
button: 3333 1980 2000 
small blind: 6666 1960 2000 
big blind: 5555 1624 2000 
2222 2000 2000 
7777 1960 2000 
1111 2000 2000 
4444 2516 2000 
8888 1960 2000 
/seat 
blind/ 
6666: 20 
5555: 40 
/blind 
player 6666:hold/ 
CLUBS J 
CLUBS 4 
/hold 
player 5555:hold/ 
SPADES A 
CLUBS 10 
/hold 
player 2222:hold/ 
SPADES 8 
DIAMONDS 3 
/hold 
player 7777:hold/ 
HEARTS 8 
HEARTS Q 
/hold 
player 1111:hold/ 
SPADES 10 
HEARTS 7 
/hold 
player 4444:hold/ 
DIAMONDS 4 
DIAMONDS Q 
/hold 
player 8888:hold/ 
HEARTS 6 
DIAMONDS 5 
/hold 
player 3333:hold/ 
HEARTS 10 
DIAMONDS 9 
/hold 

---pre flop round bet---
valid player: 8, all in player: 0, fold player: 0
send inquire msg to player 2222 
inquire/ 
5555 1584 2000 40 blind 
6666 1940 2000 20 blind 
total pot: 60 
/inquire 
recv from player 2222: fold 

send inquire msg to player 7777 
inquire/ 
2222 2000 2000 0 fold 
5555 1584 2000 40 blind 
6666 1940 2000 20 blind 
total pot: 60 
/inquire 
recv from player 7777: fold 

send inquire msg to player 1111 
inquire/ 
7777 1960 2000 0 fold 
2222 2000 2000 0 fold 
5555 1584 2000 40 blind 
6666 1940 2000 20 blind 
total pot: 60 
/inquire 
recv from player 1111: fold 

send inquire msg to player 4444 
inquire/ 
1111 2000 2000 0 fold 
7777 1960 2000 0 fold 
2222 2000 2000 0 fold 
5555 1584 2000 40 blind 
6666 1940 2000 20 blind 
total pot: 60 
/inquire 
recv from player 4444: fold 

send inquire msg to player 8888 
inquire/ 
4444 2516 2000 0 fold 
1111 2000 2000 0 fold 
7777 1960 2000 0 fold 
2222 2000 2000 0 fold 
5555 1584 2000 40 blind 
6666 1940 2000 20 blind 
total pot: 60 
/inquire 
recv from player 8888: call 
send inquire msg to player 3333 
inquire/ 
8888 1920 2000 40 call 
4444 2516 2000 0 fold 
1111 2000 2000 0 fold 
7777 1960 2000 0 fold 
2222 2000 2000 0 fold 
5555 1584 2000 40 blind 
6666 1940 2000 20 blind 
total pot: 100 
/inquire 
recv from player 3333: fold 

send inquire msg to player 6666 
inquire/ 
3333 1980 2000 0 fold 
8888 1920 2000 40 call 
4444 2516 2000 0 fold 
1111 2000 2000 0 fold 
7777 1960 2000 0 fold 
2222 2000 2000 0 fold 
5555 1584 2000 40 blind 
6666 1940 2000 20 blind 
total pot: 100 
/inquire 
recv from player 6666: fold 
send inquire msg to player 5555 
inquire/ 
6666 1940 2000 20 fold 
3333 1980 2000 0 fold 
8888 1920 2000 40 call 
4444 2516 2000 0 fold 
1111 2000 2000 0 fold 
7777 1960 2000 0 fold 
2222 2000 2000 0 fold 
5555 1584 2000 40 blind 
total pot: 100 
/inquire 
recv from player 5555: call 
flop/ 
DIAMONDS 6 
SPADES 3 
HEARTS 2 
/flop 

---flop round bet---
valid player: 8, all in player: 0, fold player: 6
send inquire msg to player 5555 
inquire/ 
6666 1940 2000 20 fold 
3333 1980 2000 0 fold 
8888 1920 2000 40 call 
4444 2516 2000 0 fold 
1111 2000 2000 0 fold 
7777 1960 2000 0 fold 
2222 2000 2000 0 fold 
5555 1584 2000 40 check 
total pot: 100 
/inquire 
recv from player 5555: check 
send notify msg to player 7777 
notify/ 
2222 2000 2000 0 fold 
5555 1584 2000 40 check 
6666 1940 2000 20 fold 
3333 1980 2000 0 fold 
8888 1920 2000 40 call 
4444 2516 2000 0 fold 
1111 2000 2000 0 fold 
7777 1960 2000 0 fold 
total pot: 100 
/notify 
send notify msg to player 1111 
notify/ 
7777 1960 2000 0 fold 
2222 2000 2000 0 fold 
5555 1584 2000 40 check 
6666 1940 2000 20 fold 
3333 1980 2000 0 fold 
8888 1920 2000 40 call 
4444 2516 2000 0 fold 
1111 2000 2000 0 fold 
total pot: 100 
/notify 
send notify msg to player 4444 
notify/ 
1111 2000 2000 0 fold 
7777 1960 2000 0 fold 
2222 2000 2000 0 fold 
5555 1584 2000 40 check 
6666 1940 2000 20 fold 
3333 1980 2000 0 fold 
8888 1920 2000 40 call 
4444 2516 2000 0 fold 
total pot: 100 
/notify 
send inquire msg to player 8888 
inquire/ 
4444 2516 2000 0 fold 
1111 2000 2000 0 fold 
7777 1960 2000 0 fold 
2222 2000 2000 0 fold 
5555 1584 2000 40 check 
6666 1940 2000 20 fold 
3333 1980 2000 0 fold 
8888 1920 2000 40 call 
total pot: 100 
/inquire 
recv from player 8888: call 
turn/ 
CLUBS A 
/turn 

---turn round bet---
valid player: 8, all in player: 0, fold player: 6
send inquire msg to player 5555 
inquire/ 
6666 1940 2000 20 fold 
3333 1980 2000 0 fold 
8888 1920 2000 40 check 
4444 2516 2000 0 fold 
1111 2000 2000 0 fold 
7777 1960 2000 0 fold 
2222 2000 2000 0 fold 
5555 1584 2000 40 check 
total pot: 100 
/inquire 
recv from player 5555: raise 500 
send notify msg to player 7777 
notify/ 
2222 2000 2000 0 fold 
5555 1084 2000 540 raise 
6666 1940 2000 20 fold 
3333 1980 2000 0 fold 
8888 1920 2000 40 check 
4444 2516 2000 0 fold 
1111 2000 2000 0 fold 
7777 1960 2000 0 fold 
total pot: 600 
/notify 
send notify msg to player 1111 
notify/ 
7777 1960 2000 0 fold 
2222 2000 2000 0 fold 
5555 1084 2000 540 raise 
6666 1940 2000 20 fold 
3333 1980 2000 0 fold 
8888 1920 2000 40 check 
4444 2516 2000 0 fold 
1111 2000 2000 0 fold 
total pot: 600 
/notify 
send notify msg to player 4444 
notify/ 
1111 2000 2000 0 fold 
7777 1960 2000 0 fold 
2222 2000 2000 0 fold 
5555 1084 2000 540 raise 
6666 1940 2000 20 fold 
3333 1980 2000 0 fold 
8888 1920 2000 40 check 
4444 2516 2000 0 fold 
total pot: 600 
/notify 
send inquire msg to player 8888 
inquire/ 
4444 2516 2000 0 fold 
1111 2000 2000 0 fold 
7777 1960 2000 0 fold 
2222 2000 2000 0 fold 
5555 1084 2000 540 raise 
6666 1940 2000 20 fold 
3333 1980 2000 0 fold 
8888 1920 2000 40 check 
total pot: 600 
/inquire 
recv from player 8888: call 
river/ 
HEARTS 3 
/river 

---river round bet---
valid player: 8, all in player: 0, fold player: 6
send inquire msg to player 5555 
inquire/ 
6666 1940 2000 20 fold 
3333 1980 2000 0 fold 
8888 1420 2000 540 call 
4444 2516 2000 0 fold 
1111 2000 2000 0 fold 
7777 1960 2000 0 fold 
2222 2000 2000 0 fold 
5555 1084 2000 540 raise 
total pot: 1100 
/inquire 
recv from player 5555: call 
send notify msg to player 7777 
notify/ 
2222 2000 2000 0 fold 
5555 1084 2000 540 check 
6666 1940 2000 20 fold 
3333 1980 2000 0 fold 
8888 1420 2000 540 call 
4444 2516 2000 0 fold 
1111 2000 2000 0 fold 
7777 1960 2000 0 fold 
total pot: 1100 
/notify 
send notify msg to player 1111 
notify/ 
7777 1960 2000 0 fold 
2222 2000 2000 0 fold 
5555 1084 2000 540 check 
6666 1940 2000 20 fold 
3333 1980 2000 0 fold 
8888 1420 2000 540 call 
4444 2516 2000 0 fold 
1111 2000 2000 0 fold 
total pot: 1100 
/notify 
send notify msg to player 4444 
notify/ 
1111 2000 2000 0 fold 
7777 1960 2000 0 fold 
2222 2000 2000 0 fold 
5555 1084 2000 540 check 
6666 1940 2000 20 fold 
3333 1980 2000 0 fold 
8888 1420 2000 540 call 
4444 2516 2000 0 fold 
total pot: 1100 
/notify 
send inquire msg to player 8888 
inquire/ 
4444 2516 2000 0 fold 
1111 2000 2000 0 fold 
7777 1960 2000 0 fold 
2222 2000 2000 0 fold 
5555 1084 2000 540 check 
6666 1940 2000 20 fold 
3333 1980 2000 0 fold 
8888 1420 2000 540 call 
total pot: 1100 
/inquire 
recv from player 8888: fold 

----- notify msg last round -----
send notify msg to player 3333 
notify/ 
8888 1420 2000 540 fold 
4444 2516 2000 0 fold 
1111 2000 2000 0 fold 
7777 1960 2000 0 fold 
2222 2000 2000 0 fold 
5555 1084 2000 540 check 
6666 1940 2000 20 fold 
3333 1980 2000 0 fold 
total pot: 1100 
/notify 
send notify msg to player 7777 
notify/ 
2222 2000 2000 0 fold 
5555 1084 2000 540 check 
6666 1940 2000 20 fold 
3333 1980 2000 0 fold 
8888 1420 2000 540 fold 
4444 2516 2000 0 fold 
1111 2000 2000 0 fold 
7777 1960 2000 0 fold 
total pot: 1100 
/notify 
send notify msg to player 1111 
notify/ 
7777 1960 2000 0 fold 
2222 2000 2000 0 fold 
5555 1084 2000 540 check 
6666 1940 2000 20 fold 
3333 1980 2000 0 fold 
8888 1420 2000 540 fold 
4444 2516 2000 0 fold 
1111 2000 2000 0 fold 
total pot: 1100 
/notify 
send notify msg to player 4444 
notify/ 
1111 2000 2000 0 fold 
7777 1960 2000 0 fold 
2222 2000 2000 0 fold 
5555 1084 2000 540 check 
6666 1940 2000 20 fold 
3333 1980 2000 0 fold 
8888 1420 2000 540 fold 
4444 2516 2000 0 fold 
total pot: 1100 
/notify 

--- 1 players not fold, don't need show down---

---Allocate pot---
Only player at seat 1 not fold, win all the pot 1100
pot-win/ 
5555: 1100 
/pot-win 
it is player 6666's turn to be button

-----3 Hand-----

----- clean player data in socket -----
seat/ 
button: 6666 1940 2000 
small blind: 5555 2184 2000 
big blind: 2222 2000 2000 
7777 1960 2000 
1111 2000 2000 
4444 2516 2000 
8888 1420 2000 
3333 1980 2000 
/seat 
blind/ 
5555: 20 
2222: 40 
/blind 
player 5555:hold/ 
DIAMONDS 7 
DIAMONDS J 
/hold 
player 2222:hold/ 
HEARTS 9 
HEARTS 6 
/hold 
player 7777:hold/ 
SPADES 7 
CLUBS 5 
/hold 
player 1111:hold/ 
HEARTS 3 
SPADES A 
/hold 
player 4444:hold/ 
DIAMONDS Q 
CLUBS 10 
/hold 
player 8888:hold/ 
DIAMONDS 6 
CLUBS J 
/hold 
player 3333:hold/ 
HEARTS A 
HEARTS Q 
/hold 
player 6666:hold/ 
DIAMONDS 5 
CLUBS 7 
/hold 

---pre flop round bet---
valid player: 8, all in player: 0, fold player: 0
send inquire msg to player 7777 
inquire/ 
2222 1960 2000 40 blind 
5555 2164 2000 20 blind 
total pot: 60 
/inquire 
recv from player 7777: fold 

send inquire msg to player 1111 
inquire/ 
7777 1960 2000 0 fold 
2222 1960 2000 40 blind 
5555 2164 2000 20 blind 
total pot: 60 
/inquire 
recv from player 1111: call 

send inquire msg to player 4444 
inquire/ 
1111 1960 2000 40 call 
7777 1960 2000 0 fold 
2222 1960 2000 40 blind 
5555 2164 2000 20 blind 
total pot: 100 
/inquire 
recv from player 4444: call 

send inquire msg to player 8888 
inquire/ 
4444 2476 2000 40 call 
1111 1960 2000 40 call 
7777 1960 2000 0 fold 
2222 1960 2000 40 blind 
5555 2164 2000 20 blind 
total pot: 140 
/inquire 
recv from player 8888: call 
send inquire msg to player 3333 
inquire/ 
8888 1380 2000 40 call 
4444 2476 2000 40 call 
1111 1960 2000 40 call 
7777 1960 2000 0 fold 
2222 1960 2000 40 blind 
5555 2164 2000 20 blind 
total pot: 180 
/inquire 
recv from player 3333: raise 160 

send inquire msg to player 6666 
inquire/ 
3333 1780 2000 200 raise 
8888 1380 2000 40 call 
4444 2476 2000 40 call 
1111 1960 2000 40 call 
7777 1960 2000 0 fold 
2222 1960 2000 40 blind 
5555 2164 2000 20 blind 
total pot: 380 
/inquire 
recv from player 6666: fold 
send inquire msg to player 5555 
inquire/ 
6666 1940 2000 0 fold 
3333 1780 2000 200 raise 
8888 1380 2000 40 call 
4444 2476 2000 40 call 
1111 1960 2000 40 call 
7777 1960 2000 0 fold 
2222 1960 2000 40 blind 
5555 2164 2000 20 blind 
total pot: 380 
/inquire 
recv from player 5555: call 
send inquire msg to player 2222 
inquire/ 
5555 1984 2000 200 call 
6666 1940 2000 0 fold 
3333 1780 2000 200 raise 
8888 1380 2000 40 call 
4444 2476 2000 40 call 
1111 1960 2000 40 call 
7777 1960 2000 0 fold 
2222 1960 2000 40 blind 
total pot: 560 
/inquire 
recv from player 2222: fold 

send notify msg to player 7777 
notify/ 
2222 1960 2000 40 fold 
5555 1984 2000 200 call 
6666 1940 2000 0 fold 
3333 1780 2000 200 raise 
8888 1380 2000 40 call 
4444 2476 2000 40 call 
1111 1960 2000 40 call 
7777 1960 2000 0 fold 
total pot: 560 
/notify 
send inquire msg to player 1111 
inquire/ 
7777 1960 2000 0 fold 
2222 1960 2000 40 fold 
5555 1984 2000 200 call 
6666 1940 2000 0 fold 
3333 1780 2000 200 raise 
8888 1380 2000 40 call 
4444 2476 2000 40 call 
1111 1960 2000 40 call 
total pot: 560 
/inquire 
recv from player 1111: fold 

send inquire msg to player 4444 
inquire/ 
1111 1960 2000 40 fold 
7777 1960 2000 0 fold 
2222 1960 2000 40 fold 
5555 1984 2000 200 call 
6666 1940 2000 0 fold 
3333 1780 2000 200 raise 
8888 1380 2000 40 call 
4444 2476 2000 40 call 
total pot: 560 
/inquire 
recv from player 4444: fold 

send inquire msg to player 8888 
inquire/ 
4444 2476 2000 40 fold 
1111 1960 2000 40 fold 
7777 1960 2000 0 fold 
2222 1960 2000 40 fold 
5555 1984 2000 200 call 
6666 1940 2000 0 fold 
3333 1780 2000 200 raise 
8888 1380 2000 40 call 
total pot: 560 
/inquire 
recv from player 8888: fold 
flop/ 
HEARTS 2 
HEARTS 10 
CLUBS 4 
/flop 

---flop round bet---
valid player: 8, all in player: 0, fold player: 6
send inquire msg to player 5555 
inquire/ 
6666 1940 2000 0 fold 
3333 1780 2000 200 raise 
8888 1380 2000 40 fold 
4444 2476 2000 40 fold 
1111 1960 2000 40 fold 
7777 1960 2000 0 fold 
2222 1960 2000 40 fold 
5555 1984 2000 200 call 
total pot: 560 
/inquire 
recv from player 5555: fold 
send notify msg to player 7777 
notify/ 
2222 1960 2000 40 fold 
5555 1984 2000 200 fold 
6666 1940 2000 0 fold 
3333 1780 2000 200 raise 
8888 1380 2000 40 fold 
4444 2476 2000 40 fold 
1111 1960 2000 40 fold 
7777 1960 2000 0 fold 
total pot: 560 
/notify 
send notify msg to player 1111 
notify/ 
7777 1960 2000 0 fold 
2222 1960 2000 40 fold 
5555 1984 2000 200 fold 
6666 1940 2000 0 fold 
3333 1780 2000 200 raise 
8888 1380 2000 40 fold 
4444 2476 2000 40 fold 
1111 1960 2000 40 fold 
total pot: 560 
/notify 
send notify msg to player 4444 
notify/ 
1111 1960 2000 40 fold 
7777 1960 2000 0 fold 
2222 1960 2000 40 fold 
5555 1984 2000 200 fold 
6666 1940 2000 0 fold 
3333 1780 2000 200 raise 
8888 1380 2000 40 fold 
4444 2476 2000 40 fold 
total pot: 560 
/notify 
send inquire msg to player 3333 
inquire/ 
8888 1380 2000 40 fold 
4444 2476 2000 40 fold 
1111 1960 2000 40 fold 
7777 1960 2000 0 fold 
2222 1960 2000 40 fold 
5555 1984 2000 200 fold 
6666 1940 2000 0 fold 
3333 1780 2000 200 raise 
total pot: 560 
/inquire 
recv from player 3333: call 


---turn round bet---
valid player: 8, all in player: 0, fold player: 7

---river round bet---
valid player: 8, all in player: 0, fold player: 7

----- notify msg last round -----
send notify msg to player 7777 
notify/ 
2222 1960 2000 40 fold 
5555 1984 2000 200 fold 
6666 1940 2000 0 fold 
3333 1780 2000 200 check 
8888 1380 2000 40 fold 
4444 2476 2000 40 fold 
1111 1960 2000 40 fold 
7777 1960 2000 0 fold 
total pot: 560 
/notify 
send notify msg to player 1111 
notify/ 
7777 1960 2000 0 fold 
2222 1960 2000 40 fold 
5555 1984 2000 200 fold 
6666 1940 2000 0 fold 
3333 1780 2000 200 check 
8888 1380 2000 40 fold 
4444 2476 2000 40 fold 
1111 1960 2000 40 fold 
total pot: 560 
/notify 
send notify msg to player 4444 
notify/ 
1111 1960 2000 40 fold 
7777 1960 2000 0 fold 
2222 1960 2000 40 fold 
5555 1984 2000 200 fold 
6666 1940 2000 0 fold 
3333 1780 2000 200 check 
8888 1380 2000 40 fold 
4444 2476 2000 40 fold 
total pot: 560 
/notify 
send notify msg to player 3333 
notify/ 
8888 1380 2000 40 fold 
4444 2476 2000 40 fold 
1111 1960 2000 40 fold 
7777 1960 2000 0 fold 
2222 1960 2000 40 fold 
5555 1984 2000 200 fold 
6666 1940 2000 0 fold 
3333 1780 2000 200 check 
total pot: 560 
/notify 

--- 1 players not fold, don't need show down---

---Allocate pot---
Only player at seat 6 not fold, win all the pot 560
pot-win/ 
3333: 560 
/pot-win 
it is player 5555's turn to be button

-----4 Hand-----

----- clean player data in socket -----
seat/ 
button: 5555 1984 2000 
small blind: 2222 1960 2000 
big blind: 7777 1960 2000 
1111 1960 2000 
4444 2476 2000 
8888 1380 2000 
3333 2340 2000 
6666 1940 2000 
/seat 
blind/ 
2222: 20 
7777: 40 
/blind 
player 2222:hold/ 
CLUBS 6 
HEARTS 7 
/hold 
player 7777:hold/ 
DIAMONDS 2 
SPADES 4 
/hold 
player 1111:hold/ 
SPADES 9 
HEARTS 10 
/hold 
player 4444:hold/ 
DIAMONDS 8 
HEARTS 9 
/hold 
player 8888:hold/ 
HEARTS Q 
CLUBS 4 
/hold 
player 3333:hold/ 
SPADES Q 
CLUBS 10 
/hold 
player 6666:hold/ 
DIAMONDS 4 
CLUBS 2 
/hold 
player 5555:hold/ 
SPADES A 
CLUBS 3 
/hold 

---pre flop round bet---
valid player: 8, all in player: 0, fold player: 0
send inquire msg to player 1111 
inquire/ 
7777 1920 2000 40 blind 
2222 1940 2000 20 blind 
total pot: 60 
/inquire 
recv from player 1111: fold 

send inquire msg to player 4444 
inquire/ 
1111 1960 2000 0 fold 
7777 1920 2000 40 blind 
2222 1940 2000 20 blind 
total pot: 60 
/inquire 
recv from player 4444: call 

send inquire msg to player 8888 
inquire/ 
4444 2436 2000 40 call 
1111 1960 2000 0 fold 
7777 1920 2000 40 blind 
2222 1940 2000 20 blind 
total pot: 100 
/inquire 
recv from player 8888: call 
send inquire msg to player 3333 
inquire/ 
8888 1340 2000 40 call 
4444 2436 2000 40 call 
1111 1960 2000 0 fold 
7777 1920 2000 40 blind 
2222 1940 2000 20 blind 
total pot: 140 
/inquire 
recv from player 3333: fold 

send inquire msg to player 6666 
inquire/ 
3333 2340 2000 0 fold 
8888 1340 2000 40 call 
4444 2436 2000 40 call 
1111 1960 2000 0 fold 
7777 1920 2000 40 blind 
2222 1940 2000 20 blind 
total pot: 140 
/inquire 
recv from player 6666: fold 
send inquire msg to player 5555 
inquire/ 
6666 1940 2000 0 fold 
3333 2340 2000 0 fold 
8888 1340 2000 40 call 
4444 2436 2000 40 call 
1111 1960 2000 0 fold 
7777 1920 2000 40 blind 
2222 1940 2000 20 blind 
total pot: 140 
/inquire 
recv from player 5555: call 
send inquire msg to player 2222 
inquire/ 
5555 1944 2000 40 call 
6666 1940 2000 0 fold 
3333 2340 2000 0 fold 
8888 1340 2000 40 call 
4444 2436 2000 40 call 
1111 1960 2000 0 fold 
7777 1920 2000 40 blind 
2222 1940 2000 20 blind 
total pot: 180 
/inquire 
recv from player 2222: call 

send inquire msg to player 7777 
inquire/ 
2222 1920 2000 40 call 
5555 1944 2000 40 call 
6666 1940 2000 0 fold 
3333 2340 2000 0 fold 
8888 1340 2000 40 call 
4444 2436 2000 40 call 
1111 1960 2000 0 fold 
7777 1920 2000 40 blind 
total pot: 200 
/inquire 
recv from player 7777: check 

flop/ 
CLUBS 5 
CLUBS Q 
SPADES 8 
/flop 

---flop round bet---
valid player: 8, all in player: 0, fold player: 3
send inquire msg to player 2222 
inquire/ 
5555 1944 2000 40 call 
6666 1940 2000 0 fold 
3333 2340 2000 0 fold 
8888 1340 2000 40 call 
4444 2436 2000 40 call 
1111 1960 2000 0 fold 
7777 1920 2000 40 check 
2222 1920 2000 40 call 
total pot: 200 
/inquire 
recv from player 2222: call 

send inquire msg to player 7777 
inquire/ 
2222 1920 2000 40 check 
5555 1944 2000 40 call 
6666 1940 2000 0 fold 
3333 2340 2000 0 fold 
8888 1340 2000 40 call 
4444 2436 2000 40 call 
1111 1960 2000 0 fold 
7777 1920 2000 40 check 
total pot: 200 
/inquire 
recv from player 7777: call 

send notify msg to player 1111 
notify/ 
7777 1920 2000 40 check 
2222 1920 2000 40 check 
5555 1944 2000 40 call 
6666 1940 2000 0 fold 
3333 2340 2000 0 fold 
8888 1340 2000 40 call 
4444 2436 2000 40 call 
1111 1960 2000 0 fold 
total pot: 200 
/notify 
send inquire msg to player 4444 
inquire/ 
1111 1960 2000 0 fold 
7777 1920 2000 40 check 
2222 1920 2000 40 check 
5555 1944 2000 40 call 
6666 1940 2000 0 fold 
3333 2340 2000 0 fold 
8888 1340 2000 40 call 
4444 2436 2000 40 call 
total pot: 200 
/inquire 
recv from player 4444: call 

send inquire msg to player 8888 
inquire/ 
4444 2436 2000 40 check 
1111 1960 2000 0 fold 
7777 1920 2000 40 check 
2222 1920 2000 40 check 
5555 1944 2000 40 call 
6666 1940 2000 0 fold 
3333 2340 2000 0 fold 
8888 1340 2000 40 call 
total pot: 200 
/inquire 
recv from player 8888: call 
send notify msg to player 3333 
notify/ 
8888 1340 2000 40 check 
4444 2436 2000 40 check 
1111 1960 2000 0 fold 
7777 1920 2000 40 check 
2222 1920 2000 40 check 
5555 1944 2000 40 call 
6666 1940 2000 0 fold 
3333 2340 2000 0 fold 
total pot: 200 
/notify 
send inquire msg to player 5555 
inquire/ 
6666 1940 2000 0 fold 
3333 2340 2000 0 fold 
8888 1340 2000 40 check 
4444 2436 2000 40 check 
1111 1960 2000 0 fold 
7777 1920 2000 40 check 
2222 1920 2000 40 check 
5555 1944 2000 40 call 
total pot: 200 
/inquire 
recv from player 5555: call 
turn/ 
SPADES 10 
/turn 

---turn round bet---
valid player: 8, all in player: 0, fold player: 3
send inquire msg to player 2222 
inquire/ 
5555 1944 2000 40 check 
6666 1940 2000 0 fold 
3333 2340 2000 0 fold 
8888 1340 2000 40 check 
4444 2436 2000 40 check 
1111 1960 2000 0 fold 
7777 1920 2000 40 check 
2222 1920 2000 40 check 
total pot: 200 
/inquire 
recv from player 2222: call 

send inquire msg to player 7777 
inquire/ 
2222 1920 2000 40 check 
5555 1944 2000 40 check 
6666 1940 2000 0 fold 
3333 2340 2000 0 fold 
8888 1340 2000 40 check 
4444 2436 2000 40 check 
1111 1960 2000 0 fold 
7777 1920 2000 40 check 
total pot: 200 
/inquire 
recv from player 7777: call 

send notify msg to player 1111 
notify/ 
7777 1920 2000 40 check 
2222 1920 2000 40 check 
5555 1944 2000 40 check 
6666 1940 2000 0 fold 
3333 2340 2000 0 fold 
8888 1340 2000 40 check 
4444 2436 2000 40 check 
1111 1960 2000 0 fold 
total pot: 200 
/notify 
send inquire msg to player 4444 
inquire/ 
1111 1960 2000 0 fold 
7777 1920 2000 40 check 
2222 1920 2000 40 check 
5555 1944 2000 40 check 
6666 1940 2000 0 fold 
3333 2340 2000 0 fold 
8888 1340 2000 40 check 
4444 2436 2000 40 check 
total pot: 200 
/inquire 
recv from player 4444: check 

send inquire msg to player 8888 
inquire/ 
4444 2436 2000 40 check 
1111 1960 2000 0 fold 
7777 1920 2000 40 check 
2222 1920 2000 40 check 
5555 1944 2000 40 check 
6666 1940 2000 0 fold 
3333 2340 2000 0 fold 
8888 1340 2000 40 check 
total pot: 200 
/inquire 
recv from player 8888: raise 500 
send notify msg to player 3333 
notify/ 
8888 840 2000 540 raise 
4444 2436 2000 40 check 
1111 1960 2000 0 fold 
7777 1920 2000 40 check 
2222 1920 2000 40 check 
5555 1944 2000 40 check 
6666 1940 2000 0 fold 
3333 2340 2000 0 fold 
total pot: 700 
/notify 
send inquire msg to player 5555 
inquire/ 
6666 1940 2000 0 fold 
3333 2340 2000 0 fold 
8888 840 2000 540 raise 
4444 2436 2000 40 check 
1111 1960 2000 0 fold 
7777 1920 2000 40 check 
2222 1920 2000 40 check 
5555 1944 2000 40 check 
total pot: 700 
/inquire 
recv from player 5555: fold 
send inquire msg to player 2222 
inquire/ 
5555 1944 2000 40 fold 
6666 1940 2000 0 fold 
3333 2340 2000 0 fold 
8888 840 2000 540 raise 
4444 2436 2000 40 check 
1111 1960 2000 0 fold 
7777 1920 2000 40 check 
2222 1920 2000 40 check 
total pot: 700 
/inquire 
recv from player 2222: fold 

send inquire msg to player 7777 
inquire/ 
2222 1920 2000 40 fold 
5555 1944 2000 40 fold 
6666 1940 2000 0 fold 
3333 2340 2000 0 fold 
8888 840 2000 540 raise 
4444 2436 2000 40 check 
1111 1960 2000 0 fold 
7777 1920 2000 40 check 
total pot: 700 
/inquire 
recv from player 7777: fold 

send notify msg to player 1111 
notify/ 
7777 1920 2000 40 fold 
2222 1920 2000 40 fold 
5555 1944 2000 40 fold 
6666 1940 2000 0 fold 
3333 2340 2000 0 fold 
8888 840 2000 540 raise 
4444 2436 2000 40 check 
1111 1960 2000 0 fold 
total pot: 700 
/notify 
send inquire msg to player 4444 
inquire/ 
1111 1960 2000 0 fold 
7777 1920 2000 40 fold 
2222 1920 2000 40 fold 
5555 1944 2000 40 fold 
6666 1940 2000 0 fold 
3333 2340 2000 0 fold 
8888 840 2000 540 raise 
4444 2436 2000 40 check 
total pot: 700 
/inquire 
recv from player 4444: fold 


---river round bet---
valid player: 8, all in player: 0, fold player: 7

----- notify msg last round -----
send notify msg to player 3333 
notify/ 
8888 840 2000 540 raise 
4444 2436 2000 40 fold 
1111 1960 2000 0 fold 
7777 1920 2000 40 fold 
2222 1920 2000 40 fold 
5555 1944 2000 40 fold 
6666 1940 2000 0 fold 
3333 2340 2000 0 fold 
total pot: 700 
/notify 
send notify msg to player 7777 
notify/ 
2222 1920 2000 40 fold 
5555 1944 2000 40 fold 
6666 1940 2000 0 fold 
3333 2340 2000 0 fold 
8888 840 2000 540 raise 
4444 2436 2000 40 fold 
1111 1960 2000 0 fold 
7777 1920 2000 40 fold 
total pot: 700 
/notify 
send notify msg to player 1111 
notify/ 
7777 1920 2000 40 fold 
2222 1920 2000 40 fold 
5555 1944 2000 40 fold 
6666 1940 2000 0 fold 
3333 2340 2000 0 fold 
8888 840 2000 540 raise 
4444 2436 2000 40 fold 
1111 1960 2000 0 fold 
total pot: 700 
/notify 
send notify msg to player 4444 
notify/ 
1111 1960 2000 0 fold 
7777 1920 2000 40 fold 
2222 1920 2000 40 fold 
5555 1944 2000 40 fold 
6666 1940 2000 0 fold 
3333 2340 2000 0 fold 
8888 840 2000 540 raise 
4444 2436 2000 40 fold 
total pot: 700 
/notify 

--- 1 players not fold, don't need show down---

---Allocate pot---
Only player at seat 4 not fold, win all the pot 700
pot-win/ 
8888: 700 
/pot-win 
it is player 2222's turn to be button

-----5 Hand-----

----- clean player data in socket -----
seat/ 
button: 2222 1920 2000 
small blind: 7777 1920 2000 
big blind: 1111 1960 2000 
4444 2436 2000 
8888 1540 2000 
3333 2340 2000 
6666 1940 2000 
5555 1944 2000 
/seat 
blind/ 
7777: 20 
1111: 40 
/blind 
player 7777:hold/ 
CLUBS 5 
HEARTS 2 
/hold 
player 1111:hold/ 
CLUBS 2 
HEARTS Q 
/hold 
player 4444:hold/ 
CLUBS 6 
HEARTS 6 
/hold 
player 8888:hold/ 
HEARTS 3 
DIAMONDS 2 
/hold 
player 3333:hold/ 
HEARTS 8 
SPADES 2 
/hold 
player 6666:hold/ 
DIAMONDS 9 
SPADES 5 
/hold 
player 5555:hold/ 
CLUBS Q 
DIAMONDS 10 
/hold 
player 2222:hold/ 
SPADES 4 
SPADES 10 
/hold 

---pre flop round bet---
valid player: 8, all in player: 0, fold player: 0
send inquire msg to player 4444 
inquire/ 
1111 1920 2000 40 blind 
7777 1900 2000 20 blind 
total pot: 60 
/inquire 
recv from player 4444: fold 

send inquire msg to player 8888 
inquire/ 
4444 2436 2000 0 fold 
1111 1920 2000 40 blind 
7777 1900 2000 20 blind 
total pot: 60 
/inquire 
recv from player 8888: call 
send inquire msg to player 3333 
inquire/ 
8888 1500 2000 40 call 
4444 2436 2000 0 fold 
1111 1920 2000 40 blind 
7777 1900 2000 20 blind 
total pot: 100 
/inquire 
recv from player 3333: fold 

send inquire msg to player 6666 
inquire/ 
3333 2340 2000 0 fold 
8888 1500 2000 40 call 
4444 2436 2000 0 fold 
1111 1920 2000 40 blind 
7777 1900 2000 20 blind 
total pot: 100 
/inquire 
recv from player 6666: fold 
send inquire msg to player 5555 
inquire/ 
6666 1940 2000 0 fold 
3333 2340 2000 0 fold 
8888 1500 2000 40 call 
4444 2436 2000 0 fold 
1111 1920 2000 40 blind 
7777 1900 2000 20 blind 
total pot: 100 
/inquire 
recv from player 5555: call 
send inquire msg to player 2222 
inquire/ 
5555 1904 2000 40 call 
6666 1940 2000 0 fold 
3333 2340 2000 0 fold 
8888 1500 2000 40 call 
4444 2436 2000 0 fold 
1111 1920 2000 40 blind 
7777 1900 2000 20 blind 
total pot: 140 
/inquire 
recv from player 2222: fold 

send inquire msg to player 7777 
inquire/ 
2222 1920 2000 0 fold 
5555 1904 2000 40 call 
6666 1940 2000 0 fold 
3333 2340 2000 0 fold 
8888 1500 2000 40 call 
4444 2436 2000 0 fold 
1111 1920 2000 40 blind 
7777 1900 2000 20 blind 
total pot: 140 
/inquire 
recv from player 7777: fold 

send inquire msg to player 1111 
inquire/ 
7777 1900 2000 20 fold 
2222 1920 2000 0 fold 
5555 1904 2000 40 call 
6666 1940 2000 0 fold 
3333 2340 2000 0 fold 
8888 1500 2000 40 call 
4444 2436 2000 0 fold 
1111 1920 2000 40 blind 
total pot: 140 
/inquire 
recv from player 1111: check 

flop/ 
SPADES 6 
SPADES Q 
HEARTS J 
/flop 

---flop round bet---
valid player: 8, all in player: 0, fold player: 5
send notify msg to player 7777 
notify/ 
2222 1920 2000 0 fold 
5555 1904 2000 40 call 
6666 1940 2000 0 fold 
3333 2340 2000 0 fold 
8888 1500 2000 40 call 
4444 2436 2000 0 fold 
1111 1920 2000 40 check 
7777 1900 2000 20 fold 
total pot: 140 
/notify 
send inquire msg to player 1111 
inquire/ 
7777 1900 2000 20 fold 
2222 1920 2000 0 fold 
5555 1904 2000 40 call 
6666 1940 2000 0 fold 
3333 2340 2000 0 fold 
8888 1500 2000 40 call 
4444 2436 2000 0 fold 
1111 1920 2000 40 check 
total pot: 140 
/inquire 
recv from player 1111: call 

send notify msg to player 4444 
notify/ 
1111 1920 2000 40 check 
7777 1900 2000 20 fold 
2222 1920 2000 0 fold 
5555 1904 2000 40 call 
6666 1940 2000 0 fold 
3333 2340 2000 0 fold 
8888 1500 2000 40 call 
4444 2436 2000 0 fold 
total pot: 140 
/notify 
send inquire msg to player 8888 
inquire/ 
4444 2436 2000 0 fold 
1111 1920 2000 40 check 
7777 1900 2000 20 fold 
2222 1920 2000 0 fold 
5555 1904 2000 40 call 
6666 1940 2000 0 fold 
3333 2340 2000 0 fold 
8888 1500 2000 40 call 
total pot: 140 
/inquire 
recv from player 8888: fold 
send notify msg to player 3333 
notify/ 
8888 1500 2000 40 fold 
4444 2436 2000 0 fold 
1111 1920 2000 40 check 
7777 1900 2000 20 fold 
2222 1920 2000 0 fold 
5555 1904 2000 40 call 
6666 1940 2000 0 fold 
3333 2340 2000 0 fold 
total pot: 140 
/notify 
send inquire msg to player 5555 
inquire/ 
6666 1940 2000 0 fold 
3333 2340 2000 0 fold 
8888 1500 2000 40 fold 
4444 2436 2000 0 fold 
1111 1920 2000 40 check 
7777 1900 2000 20 fold 
2222 1920 2000 0 fold 
5555 1904 2000 40 call 
total pot: 140 
/inquire 
recv from player 5555: call 
turn/ 
SPADES A 
/turn 

---turn round bet---
valid player: 8, all in player: 0, fold player: 6
send notify msg to player 7777 
notify/ 
2222 1920 2000 0 fold 
5555 1904 2000 40 check 
6666 1940 2000 0 fold 
3333 2340 2000 0 fold 
8888 1500 2000 40 fold 
4444 2436 2000 0 fold 
1111 1920 2000 40 check 
7777 1900 2000 20 fold 
total pot: 140 
/notify 
send inquire msg to player 1111 
inquire/ 
7777 1900 2000 20 fold 
2222 1920 2000 0 fold 
5555 1904 2000 40 check 
6666 1940 2000 0 fold 
3333 2340 2000 0 fold 
8888 1500 2000 40 fold 
4444 2436 2000 0 fold 
1111 1920 2000 40 check 
total pot: 140 
/inquire 
recv from player 1111: call 

send notify msg to player 4444 
notify/ 
1111 1920 2000 40 check 
7777 1900 2000 20 fold 
2222 1920 2000 0 fold 
5555 1904 2000 40 check 
6666 1940 2000 0 fold 
3333 2340 2000 0 fold 
8888 1500 2000 40 fold 
4444 2436 2000 0 fold 
total pot: 140 
/notify 
send notify msg to player 3333 
notify/ 
8888 1500 2000 40 fold 
4444 2436 2000 0 fold 
