

===VERSION 1.31===
---GAME START @ 2015-6-11-23-39-18---

wait registration for 30 seconds
reg: 1111 baymax 
reg: 4444 new_len2of3!! 
reg: 2222 ShuQi need_notify  
reg: 5555 ShuQi need_notify  
reg: 6666 DSNJU 
reg: 8888 DSNJU 
reg: 7777 CQchappie need_notify 
reg: 3333 player1 need_notify 
close registration

-----1 Hand-----

----- clean player data in socket -----
seat/ 
button: 6666 2000 2000 
small blind: 2222 2000 2000 
big blind: 7777 2000 2000 
5555 2000 2000 
1111 2000 2000 
8888 2000 2000 
4444 2000 2000 
3333 2000 2000 
/seat 
blind/ 
2222: 20 
7777: 40 
/blind 
player 2222:hold/ 
HEARTS 3 
HEARTS J 
/hold 
player 7777:hold/ 
CLUBS J 
SPADES 7 
/hold 
player 5555:hold/ 
SPADES 3 
HEARTS A 
/hold 
player 1111:hold/ 
DIAMONDS 5 
HEARTS 8 
/hold 
player 8888:hold/ 
DIAMONDS 4 
DIAMONDS 10 
/hold 
player 4444:hold/ 
HEARTS 7 
DIAMONDS Q 
/hold 
player 3333:hold/ 
DIAMONDS 6 
CLUBS 5 
/hold 
player 6666:hold/ 
DIAMONDS J 
HEARTS K 
/hold 

---pre flop round bet---
valid player: 8, all in player: 0, fold player: 0

send inquire msg to player 5555(seat:2) 
inquire/ 
7777 1960 2000 40 blind 
2222 1980 2000 20 blind 
total pot: 60 
/inquire 
recv from player 5555: fold 


send inquire msg to player 1111(seat:3) 
inquire/ 
5555 2000 2000 0 fold 
7777 1960 2000 40 blind 
2222 1980 2000 20 blind 
total pot: 60 
/inquire 
recv from player 1111: fold 


send inquire msg to player 8888(seat:4) 
inquire/ 
1111 2000 2000 0 fold 
5555 2000 2000 0 fold 
7777 1960 2000 40 blind 
2222 1980 2000 20 blind 
total pot: 60 
/inquire 
recv from player 8888: fold


send inquire msg to player 4444(seat:5) 
inquire/ 
8888 2000 2000 0 fold 
1111 2000 2000 0 fold 
5555 2000 2000 0 fold 
7777 1960 2000 40 blind 
2222 1980 2000 20 blind 
total pot: 60 
/inquire 
recv from player 4444: fold 


send inquire msg to player 3333(seat:6) 
inquire/ 
4444 2000 2000 0 fold 
8888 2000 2000 0 fold 
1111 2000 2000 0 fold 
5555 2000 2000 0 fold 
7777 1960 2000 40 blind 
2222 1980 2000 20 blind 
total pot: 60 
/inquire 
recv from player 3333: fold

send inquire msg to player 6666(seat:7) 
inquire/ 
3333 2000 2000 0 fold 
4444 2000 2000 0 fold 
8888 2000 2000 0 fold 
1111 2000 2000 0 fold 
5555 2000 2000 0 fold 
7777 1960 2000 40 blind 
2222 1980 2000 20 blind 
total pot: 60 
/inquire 
recv from player 6666: raise 110


send inquire msg to player 2222(seat:0) 
inquire/ 
6666 1850 2000 150 raise 
3333 2000 2000 0 fold 
4444 2000 2000 0 fold 
8888 2000 2000 0 fold 
1111 2000 2000 0 fold 
5555 2000 2000 0 fold 
7777 1960 2000 40 blind 
2222 1980 2000 20 blind 
total pot: 210 
/inquire 
recv from player 2222: fold 


send inquire msg to player 7777(seat:1) 
inquire/ 
2222 1980 2000 20 fold 
6666 1850 2000 150 raise 
3333 2000 2000 0 fold 
4444 2000 2000 0 fold 
8888 2000 2000 0 fold 
1111 2000 2000 0 fold 
5555 2000 2000 0 fold 
7777 1960 2000 40 blind 
total pot: 210 
/inquire 
recv from player 7777: fold 

valid player: 8, all in player: 0, fold player: 7

----- send notify msg from 2 to 1(exclude) -----

send notify msg to player 5555(seat:2) 
notify/ 
7777 1960 2000 40 fold 
2222 1980 2000 20 fold 
6666 1850 2000 150 raise 
3333 2000 2000 0 fold 
4444 2000 2000 0 fold 
8888 2000 2000 0 fold 
1111 2000 2000 0 fold 
5555 2000 2000 0 fold 
total pot: 210 
/notify 

player 1111(seat:3) doesn't need notify-msg

player 8888(seat:4) doesn't need notify-msg

player 4444(seat:5) doesn't need notify-msg

send notify msg to player 3333(seat:6) 
notify/ 
4444 2000 2000 0 fold 
8888 2000 2000 0 fold 
1111 2000 2000 0 fold 
5555 2000 2000 0 fold 
7777 1960 2000 40 fold 
2222 1980 2000 20 fold 
6666 1850 2000 150 raise 
3333 2000 2000 0 fold 
total pot: 210 
/notify 

player 6666(seat:7) doesn't need notify-msg

send notify msg to player 2222(seat:0) 
notify/ 
6666 1850 2000 150 raise 
3333 2000 2000 0 fold 
4444 2000 2000 0 fold 
8888 2000 2000 0 fold 
1111 2000 2000 0 fold 
5555 2000 2000 0 fold 
7777 1960 2000 40 fold 
2222 1980 2000 20 fold 
total pot: 210 
/notify 

---flop round bet---
valid player: 8, all in player: 0, fold player: 7

---turn round bet---
valid player: 8, all in player: 0, fold player: 7

---river round bet---
valid player: 8, all in player: 0, fold player: 7

--- 1 players not fold, don't need show down---

---Allocate pot---
Only player at seat 7 not fold, win all the pot 210
pot-win/ 
6666: 210 
/pot-win 
it is player 2222's turn to be button

-----2 Hand-----

----- clean player data in socket -----
seat/ 
button: 2222 1980 2000 
small blind: 7777 1960 2000 
big blind: 5555 2000 2000 
1111 2000 2000 
8888 2000 2000 
4444 2000 2000 
3333 2000 2000 
6666 2060 2000 
/seat 
blind/ 
7777: 20 
5555: 40 
/blind 
player 7777:hold/ 
DIAMONDS 8 
DIAMONDS 5 
/hold 
player 5555:hold/ 
CLUBS 3 
CLUBS 4 
/hold 
player 1111:hold/ 
HEARTS A 
DIAMONDS 2 
/hold 
player 8888:hold/ 
DIAMONDS 6 
HEARTS 2 
/hold 
player 4444:hold/ 
CLUBS 8 
CLUBS 7 
/hold 
player 3333:hold/ 
SPADES 8 
DIAMONDS 3 
/hold 
player 6666:hold/ 
SPADES 9 
DIAMONDS 9 
/hold 
player 2222:hold/ 
CLUBS 9 
SPADES A 
/hold 

---pre flop round bet---
valid player: 8, all in player: 0, fold player: 0

send inquire msg to player 1111(seat:2) 
inquire/ 
5555 1960 2000 40 blind 
7777 1940 2000 20 blind 
total pot: 60 
/inquire 
recv from player 1111: fold 


send inquire msg to player 8888(seat:3) 
inquire/ 
1111 2000 2000 0 fold 
5555 1960 2000 40 blind 
7777 1940 2000 20 blind 
total pot: 60 
/inquire 
recv from player 8888: fold


send inquire msg to player 4444(seat:4) 
inquire/ 
8888 2000 2000 0 fold 
1111 2000 2000 0 fold 
5555 1960 2000 40 blind 
7777 1940 2000 20 blind 
total pot: 60 
/inquire 
recv from player 4444: fold 


send inquire msg to player 3333(seat:5) 
inquire/ 
4444 2000 2000 0 fold 
8888 2000 2000 0 fold 
1111 2000 2000 0 fold 
5555 1960 2000 40 blind 
7777 1940 2000 20 blind 
total pot: 60 
/inquire 
recv from player 3333: fold

send inquire msg to player 6666(seat:6) 
inquire/ 
3333 2000 2000 0 fold 
4444 2000 2000 0 fold 
8888 2000 2000 0 fold 
1111 2000 2000 0 fold 
5555 1960 2000 40 blind 
7777 1940 2000 20 blind 
total pot: 60 
/inquire 
recv from player 6666: call


send inquire msg to player 2222(seat:7) 
inquire/ 
6666 2020 2000 40 call 
3333 2000 2000 0 fold 
4444 2000 2000 0 fold 
8888 2000 2000 0 fold 
1111 2000 2000 0 fold 
5555 1960 2000 40 blind 
7777 1940 2000 20 blind 
total pot: 100 
/inquire 
recv from player 2222: fold 


send inquire msg to player 7777(seat:0) 
inquire/ 
2222 1980 2000 0 fold 
6666 2020 2000 40 call 
3333 2000 2000 0 fold 
4444 2000 2000 0 fold 
8888 2000 2000 0 fold 
1111 2000 2000 0 fold 
5555 1960 2000 40 blind 
7777 1940 2000 20 blind 
total pot: 100 
/inquire 
recv from player 7777: raise 88 


send inquire msg to player 5555(seat:1) 
inquire/ 
7777 1832 2000 128 raise 
2222 1980 2000 0 fold 
6666 2020 2000 40 call 
3333 2000 2000 0 fold 
4444 2000 2000 0 fold 
8888 2000 2000 0 fold 
1111 2000 2000 0 fold 
5555 1960 2000 40 blind 
total pot: 208 
/inquire 
recv from player 5555: fold 


player 1111(seat:2) doesn't need notify-msg

player 8888(seat:3) doesn't need notify-msg

player 4444(seat:4) doesn't need notify-msg

send notify msg to player 3333(seat:5) 
notify/ 
4444 2000 2000 0 fold 
8888 2000 2000 0 fold 
1111 2000 2000 0 fold 
5555 1960 2000 40 fold 
7777 1832 2000 128 raise 
2222 1980 2000 0 fold 
6666 2020 2000 40 call 
3333 2000 2000 0 fold 
total pot: 208 
/notify 

send inquire msg to player 6666(seat:6) 
inquire/ 
3333 2000 2000 0 fold 
4444 2000 2000 0 fold 
8888 2000 2000 0 fold 
1111 2000 2000 0 fold 
5555 1960 2000 40 fold 
7777 1832 2000 128 raise 
2222 1980 2000 0 fold 
6666 2020 2000 40 call 
total pot: 208 
/inquire 
recv from player 6666: fold

valid player: 8, all in player: 0, fold player: 7

----- send notify msg from 7 to 6(exclude) -----

send notify msg to player 2222(seat:7) 
notify/ 
6666 2020 2000 40 fold 
3333 2000 2000 0 fold 
4444 2000 2000 0 fold 
8888 2000 2000 0 fold 
1111 2000 2000 0 fold 
5555 1960 2000 40 fold 
7777 1832 2000 128 raise 
2222 1980 2000 0 fold 
total pot: 208 
/notify 

send notify msg to player 7777(seat:0) 
notify/ 
2222 1980 2000 0 fold 
6666 2020 2000 40 fold 
3333 2000 2000 0 fold 
4444 2000 2000 0 fold 
8888 2000 2000 0 fold 
1111 2000 2000 0 fold 
5555 1960 2000 40 fold 
7777 1832 2000 128 raise 
total pot: 208 
/notify 

send notify msg to player 5555(seat:1) 
notify/ 
7777 1832 2000 128 raise 
2222 1980 2000 0 fold 
6666 2020 2000 40 fold 
3333 2000 2000 0 fold 
4444 2000 2000 0 fold 
8888 2000 2000 0 fold 
1111 2000 2000 0 fold 
5555 1960 2000 40 fold 
total pot: 208 
/notify 

player 1111(seat:2) doesn't need notify-msg

player 8888(seat:3) doesn't need notify-msg

player 4444(seat:4) doesn't need notify-msg

send notify msg to player 3333(seat:5) 
notify/ 
4444 2000 2000 0 fold 
8888 2000 2000 0 fold 
1111 2000 2000 0 fold 
5555 1960 2000 40 fold 
7777 1832 2000 128 raise 
2222 1980 2000 0 fold 
6666 2020 2000 40 fold 
3333 2000 2000 0 fold 
total pot: 208 
/notify 

---flop round bet---
valid player: 8, all in player: 0, fold player: 7

---turn round bet---
valid player: 8, all in player: 0, fold player: 7

---river round bet---
valid player: 8, all in player: 0, fold player: 7

--- 1 players not fold, don't need show down---

---Allocate pot---
Only player at seat 0 not fold, win all the pot 208
pot-win/ 
7777: 208 
/pot-win 
it is player 7777's turn to be button

-----3 Hand-----

----- clean player data in socket -----
seat/ 
button: 7777 2040 2000 
small blind: 5555 1960 2000 
big blind: 1111 2000 2000 
8888 2000 2000 
4444 2000 2000 
3333 2000 2000 
6666 2020 2000 
2222 1980 2000 
/seat 
blind/ 
5555: 20 
1111: 40 
/blind 
player 5555:hold/ 
HEARTS Q 
SPADES 10 
/hold 
player 1111:hold/ 
SPADES 5 
HEARTS 3 
/hold 
player 8888:hold/ 
SPADES 2 
SPADES Q 
/hold 
player 4444:hold/ 
HEARTS J 
CLUBS 8 
/hold 
player 3333:hold/ 
CLUBS 3 
SPADES 7 
/hold 
player 6666:hold/ 
HEARTS 7 
CLUBS A 
/hold 
player 2222:hold/ 
CLUBS 5 
HEARTS 8 
/hold 
player 7777:hold/ 
DIAMONDS 10 
SPADES 6 
/hold 

---pre flop round bet---
valid player: 8, all in player: 0, fold player: 0

send inquire msg to player 8888(seat:2) 
inquire/ 
1111 1960 2000 40 blind 
5555 1940 2000 20 blind 
total pot: 60 
/inquire 
recv from player 8888: fold


send inquire msg to player 4444(seat:3) 
inquire/ 
8888 2000 2000 0 fold 
1111 1960 2000 40 blind 
5555 1940 2000 20 blind 
total pot: 60 
/inquire 
recv from player 4444: fold 


send inquire msg to player 3333(seat:4) 
inquire/ 
4444 2000 2000 0 fold 
8888 2000 2000 0 fold 
1111 1960 2000 40 blind 
5555 1940 2000 20 blind 
total pot: 60 
/inquire 
recv from player 3333: fold

send inquire msg to player 6666(seat:5) 
inquire/ 
3333 2000 2000 0 fold 
4444 2000 2000 0 fold 
8888 2000 2000 0 fold 
1111 1960 2000 40 blind 
5555 1940 2000 20 blind 
total pot: 60 
/inquire 
recv from player 6666: fold


send inquire msg to player 2222(seat:6) 
inquire/ 
6666 2020 2000 0 fold 
3333 2000 2000 0 fold 
4444 2000 2000 0 fold 
8888 2000 2000 0 fold 
1111 1960 2000 40 blind 
5555 1940 2000 20 blind 
total pot: 60 
/inquire 
recv from player 2222: fold 


send inquire msg to player 7777(seat:7) 
inquire/ 
2222 1980 2000 0 fold 
6666 2020 2000 0 fold 
3333 2000 2000 0 fold 
4444 2000 2000 0 fold 
8888 2000 2000 0 fold 
1111 1960 2000 40 blind 
5555 1940 2000 20 blind 
total pot: 60 
/inquire 
recv from player 7777: raise 88 


send inquire msg to player 5555(seat:0) 
inquire/ 
7777 1912 2000 128 raise 
2222 1980 2000 0 fold 
6666 2020 2000 0 fold 
3333 2000 2000 0 fold 
4444 2000 2000 0 fold 
8888 2000 2000 0 fold 
1111 1960 2000 40 blind 
5555 1940 2000 20 blind 
total pot: 188 
/inquire 
recv from player 5555: fold 


send inquire msg to player 1111(seat:1) 
inquire/ 
5555 1940 2000 20 fold 
7777 1912 2000 128 raise 
2222 1980 2000 0 fold 
6666 2020 2000 0 fold 
3333 2000 2000 0 fold 
4444 2000 2000 0 fold 
8888 2000 2000 0 fold 
1111 1960 2000 40 blind 
total pot: 188 
/inquire 
recv from player 1111: fold 

valid player: 8, all in player: 0, fold player: 7

----- send notify msg from 2 to 1(exclude) -----

player 8888(seat:2) doesn't need notify-msg

player 4444(seat:3) doesn't need notify-msg

send notify msg to player 3333(seat:4) 
notify/ 
4444 2000 2000 0 fold 
8888 2000 2000 0 fold 
1111 1960 2000 40 fold 
5555 1940 2000 20 fold 
7777 1912 2000 128 raise 
2222 1980 2000 0 fold 
6666 2020 2000 0 fold 
3333 2000 2000 0 fold 
total pot: 188 
/notify 

player 6666(seat:5) doesn't need notify-msg

send notify msg to player 2222(seat:6) 
notify/ 
6666 2020 2000 0 fold 
3333 2000 2000 0 fold 
4444 2000 2000 0 fold 
8888 2000 2000 0 fold 
1111 1960 2000 40 fold 
5555 1940 2000 20 fold 
7777 1912 2000 128 raise 
2222 1980 2000 0 fold 
total pot: 188 
/notify 

send notify msg to player 7777(seat:7) 
notify/ 
2222 1980 2000 0 fold 
6666 2020 2000 0 fold 
3333 2000 2000 0 fold 
4444 2000 2000 0 fold 
8888 2000 2000 0 fold 
1111 1960 2000 40 fold 
5555 1940 2000 20 fold 
7777 1912 2000 128 raise 
total pot: 188 
/notify 

send notify msg to player 5555(seat:0) 
notify/ 
7777 1912 2000 128 raise 
2222 1980 2000 0 fold 
6666 2020 2000 0 fold 
3333 2000 2000 0 fold 
4444 2000 2000 0 fold 
8888 2000 2000 0 fold 
1111 1960 2000 40 fold 
5555 1940 2000 20 fold 
total pot: 188 
/notify 

---flop round bet---
valid player: 8, all in player: 0, fold player: 7

---turn round bet---
valid player: 8, all in player: 0, fold player: 7

---river round bet---
valid player: 8, all in player: 0, fold player: 7

--- 1 players not fold, don't need show down---

---Allocate pot---
Only player at seat 7 not fold, win all the pot 188
pot-win/ 
7777: 188 
/pot-win 
it is player 5555's turn to be button

-----4 Hand-----

----- clean player data in socket -----
seat/ 
button: 5555 1940 2000 
small blind: 1111 1960 2000 
big blind: 8888 2000 2000 
4444 2000 2000 
3333 2000 2000 
6666 2020 2000 
2222 1980 2000 
7777 2100 2000 
/seat 
blind/ 
1111: 20 
8888: 40 
/blind 
player 1111:hold/ 
CLUBS K 
HEARTS J 
/hold 
player 8888:hold/ 
SPADES K 
DIAMONDS Q 
/hold 
player 4444:hold/ 
CLUBS 10 
DIAMONDS A 
/hold 
player 3333:hold/ 
SPADES 9 
CLUBS A 
/hold 
player 6666:hold/ 
DIAMONDS 6 
HEARTS 3 
/hold 
player 2222:hold/ 
SPADES J 
CLUBS 3 
/hold 
player 7777:hold/ 
HEARTS 9 
SPADES 7 
/hold 
player 5555:hold/ 
HEARTS A 
DIAMONDS 8 
/hold 

---pre flop round bet---
valid player: 8, all in player: 0, fold player: 0

send inquire msg to player 4444(seat:2) 
inquire/ 
8888 1960 2000 40 blind 
1111 1940 2000 20 blind 
total pot: 60 
/inquire 
recv from player 4444: fold 


send inquire msg to player 3333(seat:3) 
inquire/ 
4444 2000 2000 0 fold 
8888 1960 2000 40 blind 
1111 1940 2000 20 blind 
total pot: 60 
/inquire 
recv from player 3333: fold

send inquire msg to player 6666(seat:4) 
inquire/ 
3333 2000 2000 0 fold 
4444 2000 2000 0 fold 
8888 1960 2000 40 blind 
1111 1940 2000 20 blind 
total pot: 60 
/inquire 
recv from player 6666: fold


send inquire msg to player 2222(seat:5) 
inquire/ 
6666 2020 2000 0 fold 
3333 2000 2000 0 fold 
4444 2000 2000 0 fold 
8888 1960 2000 40 blind 
1111 1940 2000 20 blind 
total pot: 60 
/inquire 
recv from player 2222: fold 


send inquire msg to player 7777(seat:6) 
inquire/ 
2222 1980 2000 0 fold 
6666 2020 2000 0 fold 
3333 2000 2000 0 fold 
4444 2000 2000 0 fold 
8888 1960 2000 40 blind 
1111 1940 2000 20 blind 
total pot: 60 
/inquire 
recv from player 7777: fold 


send inquire msg to player 5555(seat:7) 
inquire/ 
7777 2100 2000 0 fold 
2222 1980 2000 0 fold 
6666 2020 2000 0 fold 
3333 2000 2000 0 fold 
4444 2000 2000 0 fold 
8888 1960 2000 40 blind 
1111 1940 2000 20 blind 
total pot: 60 
/inquire 
recv from player 5555: call 


send inquire msg to player 1111(seat:0) 
inquire/ 
5555 1900 2000 40 call 
7777 2100 2000 0 fold 
2222 1980 2000 0 fold 
6666 2020 2000 0 fold 
3333 2000 2000 0 fold 
4444 2000 2000 0 fold 
8888 1960 2000 40 blind 
1111 1940 2000 20 blind 
total pot: 100 
/inquire 
recv from player 1111: raise 70


send inquire msg to player 8888(seat:1) 
inquire/ 
1111 1850 2000 110 raise 
5555 1900 2000 40 call 
7777 2100 2000 0 fold 
2222 1980 2000 0 fold 
6666 2020 2000 0 fold 
3333 2000 2000 0 fold 
4444 2000 2000 0 fold 
8888 1960 2000 40 blind 
total pot: 190 
/inquire 
recv from player 8888: call


player 4444(seat:2) doesn't need notify-msg

send notify msg to player 3333(seat:3) 
notify/ 
4444 2000 2000 0 fold 
8888 1890 2000 110 call 
1111 1850 2000 110 raise 
5555 1900 2000 40 call 
7777 2100 2000 0 fold 
2222 1980 2000 0 fold 
6666 2020 2000 0 fold 
3333 2000 2000 0 fold 
total pot: 260 
/notify 

player 6666(seat:4) doesn't need notify-msg

send notify msg to player 2222(seat:5) 
notify/ 
6666 2020 2000 0 fold 
3333 2000 2000 0 fold 
4444 2000 2000 0 fold 
8888 1890 2000 110 call 
1111 1850 2000 110 raise 
5555 1900 2000 40 call 
7777 2100 2000 0 fold 
2222 1980 2000 0 fold 
total pot: 260 
/notify 

send notify msg to player 7777(seat:6) 
notify/ 
2222 1980 2000 0 fold 
6666 2020 2000 0 fold 
3333 2000 2000 0 fold 
4444 2000 2000 0 fold 
8888 1890 2000 110 call 
1111 1850 2000 110 raise 
5555 1900 2000 40 call 
7777 2100 2000 0 fold 
total pot: 260 
/notify 

send inquire msg to player 5555(seat:7) 
inquire/ 
7777 2100 2000 0 fold 
2222 1980 2000 0 fold 
6666 2020 2000 0 fold 
3333 2000 2000 0 fold 
4444 2000 2000 0 fold 
8888 1890 2000 110 call 
1111 1850 2000 110 raise 
5555 1900 2000 40 call 
total pot: 260 
/inquire 
recv from player 5555: fold 

valid player: 8, all in player: 0, fold player: 6

----- send notify msg from 0 to 0(exclude) -----
flop/ 
SPADES 3 
CLUBS 7 
CLUBS Q 
/flop 

---flop round bet---
valid player: 8, all in player: 0, fold player: 6

send inquire msg to player 1111(seat:0) 
inquire/ 
5555 1900 2000 40 fold 
7777 2100 2000 0 fold 
2222 1980 2000 0 fold 
6666 2020 2000 0 fold 
3333 2000 2000 0 fold 
4444 2000 2000 0 fold 
8888 1890 2000 110 call 
1111 1850 2000 110 raise 
total pot: 260 
/inquire 
recv from player 1111: raise 


send inquire msg to player 8888(seat:1) 
inquire/ 
1111 1810 2000 150 raise 
5555 1900 2000 40 fold 
7777 2100 2000 0 fold 
2222 1980 2000 0 fold 
6666 2020 2000 0 fold 
3333 2000 2000 0 fold 
4444 2000 2000 0 fold 
8888 1890 2000 110 call 
total pot: 300 
/inquire 
recv from player 8888: call

valid player: 8, all in player: 0, fold player: 6

----- send notify msg from 2 to 0(exclude) -----

player 4444(seat:2) doesn't need notify-msg

send notify msg to player 3333(seat:3) 
notify/ 
4444 2000 2000 0 fold 
8888 1850 2000 150 call 
1111 1810 2000 150 raise 
5555 1900 2000 40 fold 
7777 2100 2000 0 fold 
2222 1980 2000 0 fold 
6666 2020 2000 0 fold 
3333 2000 2000 0 fold 
total pot: 340 
/notify 

player 6666(seat:4) doesn't need notify-msg

send notify msg to player 2222(seat:5) 
notify/ 
6666 2020 2000 0 fold 
3333 2000 2000 0 fold 
4444 2000 2000 0 fold 
8888 1850 2000 150 call 
1111 1810 2000 150 raise 
5555 1900 2000 40 fold 
7777 2100 2000 0 fold 
2222 1980 2000 0 fold 
total pot: 340 
/notify 

send notify msg to player 7777(seat:6) 
notify/ 
2222 1980 2000 0 fold 
6666 2020 2000 0 fold 
3333 2000 2000 0 fold 
4444 2000 2000 0 fold 
8888 1850 2000 150 call 
1111 1810 2000 150 raise 
5555 1900 2000 40 fold 
7777 2100 2000 0 fold 
total pot: 340 
/notify 

send notify msg to player 5555(seat:7) 
notify/ 
7777 2100 2000 0 fold 
2222 1980 2000 0 fold 
6666 2020 2000 0 fold 
3333 2000 2000 0 fold 
4444 2000 2000 0 fold 
8888 1850 2000 150 call 
1111 1810 2000 150 raise 
5555 1900 2000 40 fold 
total pot: 340 
/notify 
turn/ 
SPADES A 
/turn 

---turn round bet---
valid player: 8, all in player: 0, fold player: 6

send inquire msg to player 1111(seat:0) 
inquire/ 
5555 1900 2000 40 fold 
7777 2100 2000 0 fold 
2222 1980 2000 0 fold 
6666 2020 2000 0 fold 
3333 2000 2000 0 fold 
4444 2000 2000 0 fold 
8888 1850 2000 150 call 
1111 1810 2000 150 raise 
total pot: 340 
/inquire 
recv from player 1111: raise 


send inquire msg to player 8888(seat:1) 
inquire/ 
1111 1770 2000 190 raise 
5555 1900 2000 40 fold 
7777 2100 2000 0 fold 
2222 1980 2000 0 fold 
6666 2020 2000 0 fold 
3333 2000 2000 0 fold 
4444 2000 2000 0 fold 
8888 1850 2000 150 call 
total pot: 380 
/inquire 
recv from player 8888: fold

valid player: 8, all in player: 0, fold player: 7

----- send notify msg from 2 to 1(exclude) -----

player 4444(seat:2) doesn't need notify-msg

send notify msg to player 3333(seat:3) 
notify/ 
4444 2000 2000 0 fold 
8888 1850 2000 150 fold 
1111 1770 2000 190 raise 
5555 1900 2000 40 fold 
7777 2100 2000 0 fold 
2222 1980 2000 0 fold 
6666 2020 2000 0 fold 
3333 2000 2000 0 fold 
total pot: 380 
/notify 

player 6666(seat:4) doesn't need notify-msg

send notify msg to player 2222(seat:5) 
notify/ 
6666 2020 2000 0 fold 
3333 2000 2000 0 fold 
4444 2000 2000 0 fold 
8888 1850 2000 150 fold 
1111 1770 2000 190 raise 
5555 1900 2000 40 fold 
7777 2100 2000 0 fold 
2222 1980 2000 0 fold 
total pot: 380 
/notify 

send notify msg to player 7777(seat:6) 
notify/ 
2222 1980 2000 0 fold 
6666 2020 2000 0 fold 
3333 2000 2000 0 fold 
4444 2000 2000 0 fold 
8888 1850 2000 150 fold 
1111 1770 2000 190 raise 
5555 1900 2000 40 fold 
7777 2100 2000 0 fold 
total pot: 380 
/notify 

send notify msg to player 5555(seat:7) 
notify/ 
7777 2100 2000 0 fold 
2222 1980 2000 0 fold 
6666 2020 2000 0 fold 
3333 2000 2000 0 fold 
4444 2000 2000 0 fold 
8888 1850 2000 150 fold 
1111 1770 2000 190 raise 
5555 1900 2000 40 fold 
total pot: 380 
/notify 

player 1111(seat:0) doesn't need notify-msg

---river round bet---
valid player: 8, all in player: 0, fold player: 7

--- 1 players not fold, don't need show down---

---Allocate pot---
Only player at seat 0 not fold, win all the pot 380
pot-win/ 
1111: 380 
/pot-win 
it is player 1111's turn to be button

-----5 Hand-----

----- clean player data in socket -----
seat/ 
button: 1111 2150 2000 
small blind: 8888 1850 2000 
big blind: 4444 2000 2000 
3333 2000 2000 
6666 2020 2000 
2222 1980 2000 
7777 2100 2000 
5555 1900 2000 
/seat 
blind/ 
8888: 20 
4444: 40 
/blind 
player 8888:hold/ 
DIAMONDS 10 
HEARTS 9 
/hold 
player 4444:hold/ 
HEARTS K 
DIAMONDS Q 
/hold 
player 3333:hold/ 
HEARTS 3 
CLUBS 9 
/hold 
player 6666:hold/ 
HEARTS 8 
SPADES 5 
/hold 
player 2222:hold/ 
HEARTS A 
CLUBS A 
/hold 
player 7777:hold/ 
CLUBS J 
HEARTS 4 
/hold 
player 5555:hold/ 
DIAMONDS K 
SPADES 9 
/hold 
player 1111:hold/ 
DIAMONDS 9 
DIAMONDS A 
/hold 

---pre flop round bet---
valid player: 8, all in player: 0, fold player: 0

send inquire msg to player 3333(seat:2) 
inquire/ 
4444 1960 2000 40 blind 
8888 1830 2000 20 blind 
total pot: 60 
/inquire 
recv from player 3333: fold

send inquire msg to player 6666(seat:3) 
inquire/ 
3333 2000 2000 0 fold 
4444 1960 2000 40 blind 
8888 1830 2000 20 blind 
total pot: 60 
/inquire 
recv from player 6666: fold


send inquire msg to player 2222(seat:4) 
inquire/ 
6666 2020 2000 0 fold 
3333 2000 2000 0 fold 
4444 1960 2000 40 blind 
8888 1830 2000 20 blind 
total pot: 60 
/inquire 
recv from player 2222: raise 139 


send inquire msg to player 7777(seat:5) 
inquire/ 
2222 1801 2000 179 raise 
6666 2020 2000 0 fold 
3333 2000 2000 0 fold 
4444 1960 2000 40 blind 
8888 1830 2000 20 blind 
total pot: 239 
/inquire 
recv from player 7777: fold 


send inquire msg to player 5555(seat:6) 
inquire/ 
7777 2100 2000 0 fold 
2222 1801 2000 179 raise 
6666 2020 2000 0 fold 
3333 2000 2000 0 fold 
4444 1960 2000 40 blind 
8888 1830 2000 20 blind 
total pot: 239 
/inquire 
recv from player 5555: fold 


send inquire msg to player 1111(seat:7) 
inquire/ 
5555 1900 2000 0 fold 
7777 2100 2000 0 fold 
2222 1801 2000 179 raise 
6666 2020 2000 0 fold 
3333 2000 2000 0 fold 
4444 1960 2000 40 blind 
8888 1830 2000 20 blind 
total pot: 239 
/inquire 
recv from player 1111: call 


send inquire msg to player 8888(seat:0) 
inquire/ 
1111 1971 2000 179 call 
5555 1900 2000 0 fold 
7777 2100 2000 0 fold 
2222 1801 2000 179 raise 
6666 2020 2000 0 fold 
3333 2000 2000 0 fold 
4444 1960 2000 40 blind 
8888 1830 2000 20 blind 
total pot: 418 
/inquire 
recv from player 8888: fold


send inquire msg to player 4444(seat:1) 
inquire/ 
8888 1830 2000 20 fold 
1111 1971 2000 179 call 
5555 1900 2000 0 fold 
7777 2100 2000 0 fold 
2222 1801 2000 179 raise 
6666 2020 2000 0 fold 
3333 2000 2000 0 fold 
4444 1960 2000 40 blind 
total pot: 418 
/inquire 
recv from player 4444: fold 

valid player: 8, all in player: 0, fold player: 6

----- send notify msg from 5 to 0(exclude) -----

send notify msg to player 7777(seat:5) 
notify/ 
2222 1801 2000 179 raise 
6666 2020 2000 0 fold 
3333 2000 2000 0 fold 
4444 1960 2000 40 fold 
8888 1830 2000 20 fold 
1111 1971 2000 179 call 
5555 1900 2000 0 fold 
7777 2100 2000 0 fold 
total pot: 418 
/notify 

send notify msg to player 5555(seat:6) 
notify/ 
7777 2100 2000 0 fold 
2222 1801 2000 179 raise 
6666 2020 2000 0 fold 
3333 2000 2000 0 fold 
4444 1960 2000 40 fold 
8888 1830 2000 20 fold 
1111 1971 2000 179 call 
5555 1900 2000 0 fold 
total pot: 418 
/notify 

player 1111(seat:7) doesn't need notify-msg
flop/ 
SPADES K 
DIAMONDS 8 
HEARTS 6 
/flop 

---flop round bet---
valid player: 8, all in player: 0, fold player: 6

player 8888(seat:0) doesn't need notify-msg

player 4444(seat:1) doesn't need notify-msg

send notify msg to player 3333(seat:2) 
notify/ 
4444 1960 2000 40 fold 
8888 1830 2000 20 fold 
1111 1971 2000 179 call 
5555 1900 2000 0 fold 
7777 2100 2000 0 fold 
2222 1801 2000 179 raise 
6666 2020 2000 0 fold 
3333 2000 2000 0 fold 
total pot: 418 
/notify 

player 6666(seat:3) doesn't need notify-msg

send inquire msg to player 2222(seat:4) 
inquire/ 
6666 2020 2000 0 fold 
3333 2000 2000 0 fold 
4444 1960 2000 40 fold 
8888 1830 2000 20 fold 
1111 1971 2000 179 call 
5555 1900 2000 0 fold 
7777 2100 2000 0 fold 
2222 1801 2000 179 raise 
total pot: 418 
/inquire 
recv from player 2222: raise 139


send notify msg to player 7777(seat:5) 
notify/ 
2222 1662 2000 318 raise 
6666 2020 2000 0 fold 
3333 2000 2000 0 fold 
4444 1960 2000 40 fold 
8888 1830 2000 20 fold 
1111 1971 2000 179 call 
5555 1900 2000 0 fold 
7777 2100 2000 0 fold 
total pot: 557 
/notify 

send notify msg to player 5555(seat:6) 
notify/ 
7777 2100 2000 0 fold 
2222 1662 2000 318 raise 
6666 2020 2000 0 fold 
3333 2000 2000 0 fold 
4444 1960 2000 40 fold 
8888 1830 2000 20 fold 
1111 1971 2000 179 call 
5555 1900 2000 0 fold 
total pot: 557 
/notify 

send inquire msg to player 1111(seat:7) 
inquire/ 
5555 1900 2000 0 fold 
7777 2100 2000 0 fold 
2222 1662 2000 318 raise 
6666 2020 2000 0 fold 
3333 2000 2000 0 fold 
4444 1960 2000 40 fold 
8888 1830 2000 20 fold 
1111 1971 2000 179 call 
total pot: 557 
/inquire 
recv from player 1111: fold 

valid player: 8, all in player: 0, fold player: 7

----- send notify msg from 0 to 7(exclude) -----

player 8888(seat:0) doesn't need notify-msg

player 4444(seat:1) doesn't need notify-msg

send notify msg to player 3333(seat:2) 
notify/ 
4444 1960 2000 40 fold 
8888 1830 2000 20 fold 
1111 1971 2000 179 fold 
5555 1900 2000 0 fold 
7777 2100 2000 0 fold 
2222 1662 2000 318 raise 
6666 2020 2000 0 fold 
3333 2000 2000 0 fold 
total pot: 557 
/notify 

player 6666(seat:3) doesn't need notify-msg

send notify msg to player 2222(seat:4) 
notify/ 
6666 2020 2000 0 fold 
3333 2000 2000 0 fold 
4444 1960 2000 40 fold 
8888 1830 2000 20 fold 
1111 1971 2000 179 fold 
5555 1900 2000 0 fold 
7777 2100 2000 0 fold 
2222 1662 2000 318 raise 
total pot: 557 
/notify 

send notify msg to player 7777(seat:5) 
notify/ 
2222 1662 2000 318 raise 
6666 2020 2000 0 fold 
3333 2000 2000 0 fold 
4444 1960 2000 40 fold 
8888 1830 2000 20 fold 
1111 1971 2000 179 fold 
5555 1900 2000 0 fold 
7777 2100 2000 0 fold 
total pot: 557 
/notify 

send notify msg to player 5555(seat:6) 
notify/ 
7777 2100 2000 0 fold 
2222 1662 2000 318 raise 
6666 2020 2000 0 fold 
3333 2000 2000 0 fold 
4444 1960 2000 40 fold 
8888 1830 2000 20 fold 
1111 1971 2000 179 fold 
5555 1900 2000 0 fold 
total pot: 557 
/notify 

---turn round bet---
valid player: 8, all in player: 0, fold player: 7

---river round bet---
valid player: 8, all in player: 0, fold player: 7

--- 1 players not fold, don't need show down---

---Allocate pot---
Only player at seat 4 not fold, win all the pot 557
pot-win/ 
2222: 557 
/pot-win 
it is player 8888's turn to be button

-----6 Hand-----

----- clean player data in socket -----
seat/ 
button: 8888 1830 2000 
small blind: 4444 1960 2000 
big blind: 3333 2000 2000 
6666 2020 2000 
2222 2219 2000 
7777 2100 2000 
5555 1900 2000 
1111 1971 2000 
/seat 
blind/ 
4444: 20 
3333: 40 
/blind 
player 4444:hold/ 
DIAMONDS 7 
CLUBS 7 
/hold 
player 3333:hold/ 
CLUBS Q 
DIAMONDS 4 
/hold 
player 6666:hold/ 
CLUBS 9 
SPADES 2 
/hold 
player 2222:hold/ 
CLUBS 2 
CLUBS 5 
/hold 
player 7777:hold/ 
SPADES 6 
SPADES 3 
/hold 
player 5555:hold/ 
DIAMONDS A 
SPADES 9 
/hold 
player 1111:hold/ 
SPADES Q 
CLUBS 6 
/hold 
player 8888:hold/ 
HEARTS 2 
DIAMONDS 9 
/hold 

---pre flop round bet---
valid player: 8, all in player: 0, fold player: 0

send inquire msg to player 6666(seat:2) 
inquire/ 
3333 1960 2000 40 blind 
4444 1940 2000 20 blind 
total pot: 60 
/inquire 
recv from player 6666: fold

find residue data from player 2222, data size 6

send inquire msg to player 2222(seat:3) 
inquire/ 
6666 2020 2000 0 fold 
3333 1960 2000 40 blind 
4444 1940 2000 20 blind 
total pot: 60 
/inquire 
recv from player 2222: fold 


send inquire msg to player 7777(seat:4) 
inquire/ 
2222 2219 2000 0 fold 
6666 2020 2000 0 fold 
3333 1960 2000 40 blind 
4444 1940 2000 20 blind 
total pot: 60 
/inquire 
recv from player 7777: fold 


send inquire msg to player 5555(seat:5) 
inquire/ 
7777 2100 2000 0 fold 
2222 2219 2000 0 fold 
6666 2020 2000 0 fold 
3333 1960 2000 40 blind 
4444 1940 2000 20 blind 
total pot: 60 
/inquire 
recv from player 5555: fold 


send inquire msg to player 1111(seat:6) 
inquire/ 
5555 1900 2000 0 fold 
7777 2100 2000 0 fold 
2222 2219 2000 0 fold 
6666 2020 2000 0 fold 
3333 1960 2000 40 blind 
4444 1940 2000 20 blind 
total pot: 60 
/inquire 
recv from player 1111: fold 


send inquire msg to player 8888(seat:7) 
inquire/ 
1111 1971 2000 0 fold 
5555 1900 2000 0 fold 
7777 2100 2000 0 fold 
2222 2219 2000 0 fold 
6666 2020 2000 0 fold 
3333 1960 2000 40 blind 
4444 1940 2000 20 blind 
total pot: 60 
/inquire 
recv from player 8888: fold


send inquire msg to player 4444(seat:0) 
inquire/ 
8888 1830 2000 0 fold 
1111 1971 2000 0 fold 
5555 1900 2000 0 fold 
7777 2100 2000 0 fold 
2222 2219 2000 0 fold 
6666 2020 2000 0 fold 
3333 1960 2000 40 blind 
4444 1940 2000 20 blind 
total pot: 60 
/inquire 
recv from player 4444: fold 


send inquire msg to player 3333(seat:1) 
inquire/ 
4444 1940 2000 20 fold 
8888 1830 2000 0 fold 
1111 1971 2000 0 fold 
5555 1900 2000 0 fold 
7777 2100 2000 0 fold 
2222 2219 2000 0 fold 
6666 2020 2000 0 fold 
3333 1960 2000 40 blind 
total pot: 60 
/inquire 
recv from player 3333: fold
valid player: 8, all in player: 0, fold player: 8

----- send notify msg from 2 to 1(exclude) -----

player 6666(seat:2) doesn't need notify-msg

send notify msg to player 2222(seat:3) 
notify/ 
6666 2020 2000 0 fold 
3333 1960 2000 40 fold 
4444 1940 2000 20 fold 
8888 1830 2000 0 fold 
1111 1971 2000 0 fold 
5555 1900 2000 0 fold 
7777 2100 2000 0 fold 
2222 2219 2000 0 fold 
total pot: 60 
/notify 

send notify msg to player 7777(seat:4) 
notify/ 
2222 2219 2000 0 fold 
6666 2020 2000 0 fold 
3333 1960 2000 40 fold 
4444 1940 2000 20 fold 
8888 1830 2000 0 fold 
1111 1971 2000 0 fold 
5555 1900 2000 0 fold 
7777 2100 2000 0 fold 
total pot: 60 
/notify 

send notify msg to player 5555(seat:5) 
notify/ 
7777 2100 2000 0 fold 
2222 2219 2000 0 fold 
6666 2020 2000 0 fold 
3333 1960 2000 40 fold 
4444 1940 2000 20 fold 
8888 1830 2000 0 fold 
1111 1971 2000 0 fold 
5555 1900 2000 0 fold 
total pot: 60 
/notify 

player 1111(seat:6) doesn't need notify-msg

player 8888(seat:7) doesn't need notify-msg

player 4444(seat:0) doesn't need notify-msg

---flop round bet---
valid player: 8, all in player: 0, fold player: 8

---turn round bet---
valid player: 8, all in player: 0, fold player: 8

---river round bet---
valid player: 8, all in player: 0, fold player: 8

--- 0 players not fold, don't need show down---

---Allocate pot---
pot-win/ 
/pot-win 
it is player 4444's turn to be button

-----7 Hand-----

----- clean player data in socket -----
seat/ 
button: 4444 1940 2000 
small blind: 3333 1960 2000 
big blind: 6666 2020 2000 
2222 2219 2000 
7777 2100 2000 
5555 1900 2000 
1111 1971 2000 
8888 1830 2000 
/seat 
blind/ 
3333: 20 
6666: 40 
/blind 
player 3333:hold/ 
HEARTS 4 
SPADES Q 
/hold 
player 6666:hold/ 
DIAMONDS 8 
HEARTS 6 
/hold 
player 2222:hold/ 
DIAMONDS 2 
SPADES J 
/hold 
player 7777:hold/ 
CLUBS A 
HEARTS 10 
/hold 
player 5555:hold/ 
DIAMONDS 6 
SPADES 2 
/hold 
player 1111:hold/ 
CLUBS 3 
SPADES K 
/hold 
player 8888:hold/ 
HEARTS 7 
DIAMONDS 3 
/hold 
player 4444:hold/ 
HEARTS Q 
HEARTS 5 
/hold 

---pre flop round bet---
valid player: 8, all in player: 0, fold player: 0

send inquire msg to player 2222(seat:2) 
inquire/ 
6666 1980 2000 40 blind 
3333 1940 2000 20 blind 
total pot: 60 
/inquire 
recv from player 2222: fold 


send inquire msg to player 7777(seat:3) 
inquire/ 
2222 2219 2000 0 fold 
6666 1980 2000 40 blind 
3333 1940 2000 20 blind 
total pot: 60 
/inquire 
recv from player 7777: fold 


send inquire msg to player 5555(seat:4) 
inquire/ 
7777 2100 2000 0 fold 
2222 2219 2000 0 fold 
6666 1980 2000 40 blind 
3333 1940 2000 20 blind 
total pot: 60 
/inquire 
recv from player 5555: fold 


send inquire msg to player 1111(seat:5) 
inquire/ 
5555 1900 2000 0 fold 
7777 2100 2000 0 fold 
2222 2219 2000 0 fold 
6666 1980 2000 40 blind 
3333 1940 2000 20 blind 
total pot: 60 
/inquire 
recv from player 1111: fold 


send inquire msg to player 8888(seat:6) 
inquire/ 
1111 1971 2000 0 fold 
5555 1900 2000 0 fold 
7777 2100 2000 0 fold 
2222 2219 2000 0 fold 
6666 1980 2000 40 blind 
3333 1940 2000 20 blind 
total pot: 60 
/inquire 
recv from player 8888: fold


send inquire msg to player 4444(seat:7) 
inquire/ 
8888 1830 2000 0 fold 
1111 1971 2000 0 fold 
5555 1900 2000 0 fold 
7777 2100 2000 0 fold 
2222 2219 2000 0 fold 
6666 1980 2000 40 blind 
3333 1940 2000 20 blind 
total pot: 60 
/inquire 
recv from player 4444: fold 


send inquire msg to player 3333(seat:0) 
inquire/ 
4444 1940 2000 0 fold 
8888 1830 2000 0 fold 
1111 1971 2000 0 fold 
5555 1900 2000 0 fold 
7777 2100 2000 0 fold 
2222 2219 2000 0 fold 
6666 1980 2000 40 blind 
3333 1940 2000 20 blind 
total pot: 60 
/inquire 
recv from player 3333: fold

send inquire msg to player 6666(seat:1) 
inquire/ 
3333 1940 2000 20 fold 
4444 1940 2000 0 fold 
8888 1830 2000 0 fold 
1111 1971 2000 0 fold 
5555 1900 2000 0 fold 
7777 2100 2000 0 fold 
2222 2219 2000 0 fold 
6666 1980 2000 40 blind 
total pot: 60 
/inquire 
recv from player 6666: check

valid player: 8, all in player: 0, fold player: 7

----- send notify msg from 2 to 1(exclude) -----

send notify msg to player 2222(seat:2) 
notify/ 
6666 1980 2000 40 check 
3333 1940 2000 20 fold 
4444 1940 2000 0 fold 
8888 1830 2000 0 fold 
1111 1971 2000 0 fold 
5555 1900 2000 0 fold 
7777 2100 2000 0 fold 
2222 2219 2000 0 fold 
total pot: 60 
/notify 

send notify msg to player 7777(seat:3) 
notify/ 
2222 2219 2000 0 fold 
6666 1980 2000 40 check 
3333 1940 2000 20 fold 
4444 1940 2000 0 fold 
8888 1830 2000 0 fold 
1111 1971 2000 0 fold 
5555 1900 2000 0 fold 
7777 2100 2000 0 fold 
total pot: 60 
/notify 

send notify msg to player 5555(seat:4) 
notify/ 
7777 2100 2000 0 fold 
2222 2219 2000 0 fold 
6666 1980 2000 40 check 
3333 1940 2000 20 fold 
4444 1940 2000 0 fold 
8888 1830 2000 0 fold 
1111 1971 2000 0 fold 
5555 1900 2000 0 fold 
total pot: 60 
/notify 

player 1111(seat:5) doesn't need notify-msg

player 8888(seat:6) doesn't need notify-msg

player 4444(seat:7) doesn't need notify-msg

send notify msg to player 3333(seat:0) 
notify/ 
4444 1940 2000 0 fold 
8888 1830 2000 0 fold 
1111 1971 2000 0 fold 
5555 1900 2000 0 fold 
7777 2100 2000 0 fold 
2222 2219 2000 0 fold 
6666 1980 2000 40 check 
3333 1940 2000 20 fold 
total pot: 60 
/notify 

---flop round bet---
valid player: 8, all in player: 0, fold player: 7

---turn round bet---
valid player: 8, all in player: 0, fold player: 7

---river round bet---
valid player: 8, all in player: 0, fold player: 7

--- 1 players not fold, don't need show down---

---Allocate pot---
Only player at seat 1 not fold, win all the pot 60
pot-win/ 
6666: 60 
/pot-win 
it is player 3333's turn to be button

-----8 Hand-----

----- clean player data in socket -----
seat/ 
button: 3333 1940 2000 
small blind: 6666 2040 2000 
big blind: 2222 2219 2000 
7777 2100 2000 
5555 1900 2000 
1111 1971 2000 
8888 1830 2000 
4444 1940 2000 
/seat 
blind/ 
6666: 20 
2222: 40 
/blind 
player 6666:hold/ 
DIAMONDS 4 
SPADES Q 
/hold 
player 2222:hold/ 
CLUBS 7 
DIAMONDS 7 
/hold 
player 7777:hold/ 
DIAMONDS Q 
HEARTS 9 
/hold 
player 5555:hold/ 
CLUBS J 
HEARTS Q 
/hold 
player 1111:hold/ 
DIAMONDS K 
CLUBS 6 
/hold 
player 8888:hold/ 
HEARTS 6 
HEARTS 3 
/hold 
player 4444:hold/ 
DIAMONDS 5 
CLUBS 4 
/hold 
player 3333:hold/ 
HEARTS 5 
CLUBS 3 
/hold 

---pre flop round bet---
valid player: 8, all in player: 0, fold player: 0

send inquire msg to player 7777(seat:2) 
inquire/ 
2222 2179 2000 40 blind 
6666 2020 2000 20 blind 
total pot: 60 
/inquire 
recv from player 7777: fold 


send inquire msg to player 5555(seat:3) 
inquire/ 
7777 2100 2000 0 fold 
2222 2179 2000 40 blind 
6666 2020 2000 20 blind 
total pot: 60 
/inquire 
recv from player 5555: call 


send inquire msg to player 1111(seat:4) 
inquire/ 
5555 1860 2000 40 call 
7777 2100 2000 0 fold 
2222 2179 2000 40 blind 
6666 2020 2000 20 blind 
total pot: 100 
/inquire 
recv from player 1111: call 


send inquire msg to player 8888(seat:5) 
inquire/ 
1111 1931 2000 40 call 
5555 1860 2000 40 call 
7777 2100 2000 0 fold 
2222 2179 2000 40 blind 
6666 2020 2000 20 blind 
total pot: 140 
/inquire 
recv from player 8888: fold


send inquire msg to player 4444(seat:6) 
inquire/ 
8888 1830 2000 0 fold 
1111 1931 2000 40 call 
5555 1860 2000 40 call 
7777 2100 2000 0 fold 
2222 2179 2000 40 blind 
6666 2020 2000 20 blind 
total pot: 140 
/inquire 
recv from player 4444: fold 


send inquire msg to player 3333(seat:7) 
inquire/ 
4444 1940 2000 0 fold 
8888 1830 2000 0 fold 
1111 1931 2000 40 call 
5555 1860 2000 40 call 
7777 2100 2000 0 fold 
2222 2179 2000 40 blind 
6666 2020 2000 20 blind 
total pot: 140 
/inquire 
recv from player 3333: fold

send inquire msg to player 6666(seat:0) 
inquire/ 
3333 1940 2000 0 fold 
4444 1940 2000 0 fold 
8888 1830 2000 0 fold 
1111 1931 2000 40 call 
5555 1860 2000 40 call 
7777 2100 2000 0 fold 
2222 2179 2000 40 blind 
6666 2020 2000 20 blind 
total pot: 140 
/inquire 
recv from player 6666: fold


send inquire msg to player 2222(seat:1) 
inquire/ 
6666 2020 2000 20 fold 
3333 1940 2000 0 fold 
4444 1940 2000 0 fold 
8888 1830 2000 0 fold 
1111 1931 2000 40 call 
5555 1860 2000 40 call 
7777 2100 2000 0 fold 
2222 2179 2000 40 blind 
total pot: 140 
/inquire 
recv from player 2222: call 

valid player: 8, all in player: 0, fold player: 5

----- send notify msg from 2 to 0(exclude) -----

send notify msg to player 7777(seat:2) 
notify/ 
2222 2179 2000 40 check 
6666 2020 2000 20 fold 
3333 1940 2000 0 fold 
4444 1940 2000 0 fold 
8888 1830 2000 0 fold 
1111 1931 2000 40 call 
5555 1860 2000 40 call 
7777 2100 2000 0 fold 
total pot: 140 
/notify 

send notify msg to player 5555(seat:3) 
notify/ 
7777 2100 2000 0 fold 
2222 2179 2000 40 check 
6666 2020 2000 20 fold 
3333 1940 2000 0 fold 
4444 1940 2000 0 fold 
8888 1830 2000 0 fold 
1111 1931 2000 40 call 
5555 1860 2000 40 call 
total pot: 140 
/notify 

player 1111(seat:4) doesn't need notify-msg

