

===VERSION 1.24===
---GAME START @ 2015-5-24-19-45-19---

wait registration for 30 seconds
reg: 2222 new 
reg: 8888 Ty_lxx 
reg: 1111 _tomjerrydavi need_notify 
reg: 6666 Ty_lxx 
reg: 3333 DSB  reg: 5555 DSB  reg: 4444 _tomjerrydavi need_notify 
reg: 7777 cleverbot need_notify 
close registration

-----1 Hand-----

----- clean player data in socket -----
seat/ 
button: 7777 2000 2000 
small blind: 2222 2000 2000 
big blind: 8888 2000 2000 
1111 2000 2000 
6666 2000 2000 
3333 2000 2000 
5555 2000 2000 
4444 2000 2000 
/seat 
blind/ 
2222: 20 
8888: 40 
/blind 
player 2222:hold/ 
SPADES 8 
DIAMONDS J 
/hold 
player 8888:hold/ 
CLUBS 9 
DIAMONDS K 
/hold 
player 1111:hold/ 
DIAMONDS 8 
CLUBS Q 
/hold 
player 6666:hold/ 
HEARTS A 
DIAMONDS 9 
/hold 
player 3333:hold/ 
SPADES 5 
CLUBS 2 
/hold 
player 5555:hold/ 
DIAMONDS 3 
DIAMONDS 4 
/hold 
player 4444:hold/ 
HEARTS 2 
HEARTS J 
/hold 
player 7777:hold/ 
DIAMONDS Q 
SPADES J 
/hold 

---pre flop round bet---
valid player: 8, all in player: 0, fold player: 0
send inquire msg to player 1111 
inquire/ 
8888 1960 2000 40 blind 
2222 1980 2000 20 blind 
total pot: 60 
/inquire 
recv from player 1111: call 

send inquire msg to player 6666 
inquire/ 
1111 1960 2000 40 call 
8888 1960 2000 40 blind 
2222 1980 2000 20 blind 
total pot: 100 
/inquire 
recv from player 6666: fold 

send inquire msg to player 3333 
inquire/ 
6666 2000 2000 0 fold 
1111 1960 2000 40 call 
8888 1960 2000 40 blind 
2222 1980 2000 20 blind 
total pot: 100 
/inquire 
recv from player 3333: call 
send inquire msg to player 5555 
inquire/ 
3333 1960 2000 40 call 
6666 2000 2000 0 fold 
1111 1960 2000 40 call 
8888 1960 2000 40 blind 
2222 1980 2000 20 blind 
total pot: 140 
/inquire 
recv from player 5555: call 
send inquire msg to player 4444 
inquire/ 
5555 1960 2000 40 call 
3333 1960 2000 40 call 
6666 2000 2000 0 fold 
1111 1960 2000 40 call 
8888 1960 2000 40 blind 
2222 1980 2000 20 blind 
total pot: 180 
/inquire 
recv from player 4444: fold 

send inquire msg to player 7777 
inquire/ 
4444 2000 2000 0 fold 
5555 1960 2000 40 call 
3333 1960 2000 40 call 
6666 2000 2000 0 fold 
1111 1960 2000 40 call 
8888 1960 2000 40 blind 
2222 1980 2000 20 blind 
total pot: 180 
/inquire 
recv from player 7777: call 

send inquire msg to player 2222 
inquire/ 
7777 1960 2000 40 call 
4444 2000 2000 0 fold 
5555 1960 2000 40 call 
3333 1960 2000 40 call 
6666 2000 2000 0 fold 
1111 1960 2000 40 call 
8888 1960 2000 40 blind 
2222 1980 2000 20 blind 
total pot: 220 
/inquire 
recv from player 2222: call 

send inquire msg to player 8888 
inquire/ 
2222 1960 2000 40 call 
7777 1960 2000 40 call 
4444 2000 2000 0 fold 
5555 1960 2000 40 call 
3333 1960 2000 40 call 
6666 2000 2000 0 fold 
1111 1960 2000 40 call 
8888 1960 2000 40 blind 
total pot: 240 
/inquire 
recv from player 8888: raise 120 

send inquire msg to player 1111 
inquire/ 
8888 1840 2000 160 raise 
2222 1960 2000 40 call 
7777 1960 2000 40 call 
4444 2000 2000 0 fold 
5555 1960 2000 40 call 
3333 1960 2000 40 call 
6666 2000 2000 0 fold 
1111 1960 2000 40 call 
total pot: 360 
/inquire 
recv from player 1111: call 

send inquire msg to player 3333 
inquire/ 
6666 2000 2000 0 fold 
1111 1840 2000 160 call 
8888 1840 2000 160 raise 
2222 1960 2000 40 call 
7777 1960 2000 40 call 
4444 2000 2000 0 fold 
5555 1960 2000 40 call 
3333 1960 2000 40 call 
total pot: 480 
/inquire 
recv from player 3333: fold 
send inquire msg to player 5555 
inquire/ 
3333 1960 2000 40 fold 
6666 2000 2000 0 fold 
1111 1840 2000 160 call 
8888 1840 2000 160 raise 
2222 1960 2000 40 call 
7777 1960 2000 40 call 
4444 2000 2000 0 fold 
5555 1960 2000 40 call 
total pot: 480 
/inquire 
recv from player 5555: call 
send notify msg to player 4444 
notify/ 
5555 1840 2000 160 call 
3333 1960 2000 40 fold 
6666 2000 2000 0 fold 
1111 1840 2000 160 call 
8888 1840 2000 160 raise 
2222 1960 2000 40 call 
7777 1960 2000 40 call 
4444 2000 2000 0 fold 
total pot: 600 
/notify 
send inquire msg to player 7777 
inquire/ 
4444 2000 2000 0 fold 
5555 1840 2000 160 call 
3333 1960 2000 40 fold 
6666 2000 2000 0 fold 
1111 1840 2000 160 call 
8888 1840 2000 160 raise 
2222 1960 2000 40 call 
7777 1960 2000 40 call 
total pot: 600 
/inquire 
recv from player 7777: fold 

send inquire msg to player 2222 
inquire/ 
7777 1960 2000 40 fold 
4444 2000 2000 0 fold 
5555 1840 2000 160 call 
3333 1960 2000 40 fold 
6666 2000 2000 0 fold 
1111 1840 2000 160 call 
8888 1840 2000 160 raise 
2222 1960 2000 40 call 
total pot: 600 
/inquire 
recv from player 2222: fold 

flop/ 
SPADES A 
SPADES 2 
CLUBS 5 
/flop 

---flop round bet---
valid player: 8, all in player: 0, fold player: 5
send inquire msg to player 8888 
inquire/ 
2222 1960 2000 40 fold 
7777 1960 2000 40 fold 
4444 2000 2000 0 fold 
5555 1840 2000 160 call 
3333 1960 2000 40 fold 
6666 2000 2000 0 fold 
1111 1840 2000 160 call 
8888 1840 2000 160 raise 
total pot: 600 
/inquire 
recv from player 8888: check 

send inquire msg to player 1111 
inquire/ 
8888 1840 2000 160 check 
2222 1960 2000 40 fold 
7777 1960 2000 40 fold 
4444 2000 2000 0 fold 
5555 1840 2000 160 call 
3333 1960 2000 40 fold 
6666 2000 2000 0 fold 
1111 1840 2000 160 call 
total pot: 600 
/inquire 
recv from player 1111: check 

send inquire msg to player 5555 
inquire/ 
3333 1960 2000 40 fold 
6666 2000 2000 0 fold 
1111 1840 2000 160 check 
8888 1840 2000 160 check 
2222 1960 2000 40 fold 
7777 1960 2000 40 fold 
4444 2000 2000 0 fold 
5555 1840 2000 160 call 
total pot: 600 
/inquire 
recv from player 5555: call 
turn/ 
DIAMONDS 7 
/turn 

---turn round bet---
valid player: 8, all in player: 0, fold player: 5
send inquire msg to player 8888 
inquire/ 
2222 1960 2000 40 fold 
7777 1960 2000 40 fold 
4444 2000 2000 0 fold 
5555 1840 2000 160 check 
3333 1960 2000 40 fold 
6666 2000 2000 0 fold 
1111 1840 2000 160 check 
8888 1840 2000 160 check 
total pot: 600 
/inquire 
recv from player 8888: check 

send inquire msg to player 1111 
inquire/ 
8888 1840 2000 160 check 
2222 1960 2000 40 fold 
7777 1960 2000 40 fold 
4444 2000 2000 0 fold 
5555 1840 2000 160 check 
3333 1960 2000 40 fold 
6666 2000 2000 0 fold 
1111 1840 2000 160 check 
total pot: 600 
/inquire 
recv from player 1111: check 

send inquire msg to player 5555 
inquire/ 
3333 1960 2000 40 fold 
6666 2000 2000 0 fold 
1111 1840 2000 160 check 
8888 1840 2000 160 check 
2222 1960 2000 40 fold 
7777 1960 2000 40 fold 
4444 2000 2000 0 fold 
5555 1840 2000 160 check 
total pot: 600 
/inquire 
recv from player 5555: raise 500 
send notify msg to player 4444 
notify/ 
5555 1340 2000 660 raise 
3333 1960 2000 40 fold 
6666 2000 2000 0 fold 
1111 1840 2000 160 check 
8888 1840 2000 160 check 
2222 1960 2000 40 fold 
7777 1960 2000 40 fold 
4444 2000 2000 0 fold 
total pot: 1100 
/notify 
send notify msg to player 7777 
notify/ 
4444 2000 2000 0 fold 
5555 1340 2000 660 raise 
3333 1960 2000 40 fold 
6666 2000 2000 0 fold 
1111 1840 2000 160 check 
8888 1840 2000 160 check 
2222 1960 2000 40 fold 
7777 1960 2000 40 fold 
total pot: 1100 
/notify 
send inquire msg to player 8888 
inquire/ 
2222 1960 2000 40 fold 
7777 1960 2000 40 fold 
4444 2000 2000 0 fold 
5555 1340 2000 660 raise 
3333 1960 2000 40 fold 
6666 2000 2000 0 fold 
1111 1840 2000 160 check 
8888 1840 2000 160 check 
total pot: 1100 
/inquire 
recv from player 8888: fold 

send inquire msg to player 1111 
inquire/ 
8888 1840 2000 160 fold 
2222 1960 2000 40 fold 
7777 1960 2000 40 fold 
4444 2000 2000 0 fold 
5555 1340 2000 660 raise 
3333 1960 2000 40 fold 
6666 2000 2000 0 fold 
1111 1840 2000 160 check 
total pot: 1100 
/inquire 
recv from player 1111: fold 


---river round bet---
valid player: 8, all in player: 0, fold player: 7

----- notify msg last round -----
send notify msg to player 4444 
notify/ 
5555 1340 2000 660 raise 
3333 1960 2000 40 fold 
6666 2000 2000 0 fold 
1111 1840 2000 160 fold 
8888 1840 2000 160 fold 
2222 1960 2000 40 fold 
7777 1960 2000 40 fold 
4444 2000 2000 0 fold 
total pot: 1100 
/notify 
send notify msg to player 7777 
notify/ 
4444 2000 2000 0 fold 
5555 1340 2000 660 raise 
3333 1960 2000 40 fold 
6666 2000 2000 0 fold 
1111 1840 2000 160 fold 
8888 1840 2000 160 fold 
2222 1960 2000 40 fold 
7777 1960 2000 40 fold 
total pot: 1100 
/notify 
send notify msg to player 1111 
notify/ 
8888 1840 2000 160 fold 
2222 1960 2000 40 fold 
7777 1960 2000 40 fold 
4444 2000 2000 0 fold 
5555 1340 2000 660 raise 
3333 1960 2000 40 fold 
6666 2000 2000 0 fold 
1111 1840 2000 160 fold 
total pot: 1100 
/notify 

--- 1 players not fold, don't need show down---

---Allocate pot---
Only player at seat 5 not fold, win all the pot 1100
pot-win/ 
5555: 1100 
/pot-win 
it is player 2222's turn to be button

-----2 Hand-----

----- clean player data in socket -----
seat/ 
button: 2222 1960 2000 
small blind: 8888 1840 2000 
big blind: 1111 1840 2000 
6666 2000 2000 
3333 1960 2000 
5555 2440 2000 
4444 2000 2000 
7777 1960 2000 
/seat 
blind/ 
8888: 20 
1111: 40 
/blind 
player 8888:hold/ 
SPADES K 
HEARTS J 
/hold 
player 1111:hold/ 
SPADES A 
SPADES 6 
/hold 
player 6666:hold/ 
SPADES 3 
SPADES 7 
/hold 
player 3333:hold/ 
CLUBS 9 
CLUBS A 
/hold 
player 5555:hold/ 
HEARTS 9 
DIAMONDS J 
/hold 
player 4444:hold/ 
DIAMONDS 4 
DIAMONDS K 
/hold 
player 7777:hold/ 
HEARTS 7 
SPADES Q 
/hold 
player 2222:hold/ 
CLUBS 3 
CLUBS 7 
/hold 

---pre flop round bet---
valid player: 8, all in player: 0, fold player: 0
send inquire msg to player 6666 
inquire/ 
1111 1800 2000 40 blind 
8888 1820 2000 20 blind 
total pot: 60 
/inquire 
recv from player 6666: fold 

send inquire msg to player 3333 
inquire/ 
6666 2000 2000 0 fold 
1111 1800 2000 40 blind 
8888 1820 2000 20 blind 
total pot: 60 
/inquire 
recv from player 3333: call 
send inquire msg to player 5555 
inquire/ 
3333 1920 2000 40 call 
6666 2000 2000 0 fold 
1111 1800 2000 40 blind 
8888 1820 2000 20 blind 
total pot: 100 
/inquire 
recv from player 5555: call 
send inquire msg to player 4444 
inquire/ 
5555 2400 2000 40 call 
3333 1920 2000 40 call 
6666 2000 2000 0 fold 
1111 1800 2000 40 blind 
8888 1820 2000 20 blind 
total pot: 140 
/inquire 
recv from player 4444: call 

send inquire msg to player 7777 
inquire/ 
4444 1960 2000 40 call 
5555 2400 2000 40 call 
3333 1920 2000 40 call 
6666 2000 2000 0 fold 
1111 1800 2000 40 blind 
8888 1820 2000 20 blind 
total pot: 180 
/inquire 
recv from player 7777: fold 

send inquire msg to player 2222 
inquire/ 
7777 1960 2000 0 fold 
4444 1960 2000 40 call 
5555 2400 2000 40 call 
3333 1920 2000 40 call 
6666 2000 2000 0 fold 
1111 1800 2000 40 blind 
8888 1820 2000 20 blind 
total pot: 180 
/inquire 
recv from player 2222: fold 

send inquire msg to player 8888 
inquire/ 
2222 1960 2000 0 fold 
7777 1960 2000 0 fold 
4444 1960 2000 40 call 
5555 2400 2000 40 call 
3333 1920 2000 40 call 
6666 2000 2000 0 fold 
1111 1800 2000 40 blind 
8888 1820 2000 20 blind 
total pot: 180 
/inquire 
recv from player 8888: call 

send inquire msg to player 1111 
inquire/ 
8888 1800 2000 40 call 
2222 1960 2000 0 fold 
7777 1960 2000 0 fold 
4444 1960 2000 40 call 
5555 2400 2000 40 call 
3333 1920 2000 40 call 
6666 2000 2000 0 fold 
1111 1800 2000 40 blind 
total pot: 200 
/inquire 
recv from player 1111: call 

flop/ 
HEARTS 8 
DIAMONDS 7 
CLUBS J 
/flop 

---flop round bet---
valid player: 8, all in player: 0, fold player: 3
send inquire msg to player 8888 
inquire/ 
2222 1960 2000 0 fold 
7777 1960 2000 0 fold 
4444 1960 2000 40 call 
5555 2400 2000 40 call 
3333 1920 2000 40 call 
6666 2000 2000 0 fold 
1111 1800 2000 40 check 
8888 1800 2000 40 call 
total pot: 200 
/inquire 
recv from player 8888: call 

send inquire msg to player 1111 
inquire/ 
8888 1800 2000 40 check 
2222 1960 2000 0 fold 
7777 1960 2000 0 fold 
4444 1960 2000 40 call 
5555 2400 2000 40 call 
3333 1920 2000 40 call 
6666 2000 2000 0 fold 
1111 1800 2000 40 check 
total pot: 200 
/inquire 
recv from player 1111: check 

send inquire msg to player 3333 
inquire/ 
6666 2000 2000 0 fold 
1111 1800 2000 40 check 
8888 1800 2000 40 check 
2222 1960 2000 0 fold 
7777 1960 2000 0 fold 
4444 1960 2000 40 call 
5555 2400 2000 40 call 
3333 1920 2000 40 call 
total pot: 200 
/inquire 
recv from player 3333: call 
send inquire msg to player 5555 
inquire/ 
3333 1920 2000 40 check 
6666 2000 2000 0 fold 
1111 1800 2000 40 check 
8888 1800 2000 40 check 
2222 1960 2000 0 fold 
7777 1960 2000 0 fold 
4444 1960 2000 40 call 
5555 2400 2000 40 call 
total pot: 200 
/inquire 
recv from player 5555: call 
send inquire msg to player 4444 
inquire/ 
5555 2400 2000 40 check 
3333 1920 2000 40 check 
6666 2000 2000 0 fold 
1111 1800 2000 40 check 
8888 1800 2000 40 check 
2222 1960 2000 0 fold 
7777 1960 2000 0 fold 
4444 1960 2000 40 call 
total pot: 200 
/inquire 
recv from player 4444: check 

turn/ 
SPADES J 
/turn 

---turn round bet---
valid player: 8, all in player: 0, fold player: 3
send inquire msg to player 8888 
inquire/ 
2222 1960 2000 0 fold 
7777 1960 2000 0 fold 
4444 1960 2000 40 check 
5555 2400 2000 40 check 
3333 1920 2000 40 check 
6666 2000 2000 0 fold 
1111 1800 2000 40 check 
8888 1800 2000 40 check 
total pot: 200 
/inquire 
recv from player 8888: raise 240 

send inquire msg to player 1111 
inquire/ 
8888 1560 2000 280 raise 
2222 1960 2000 0 fold 
7777 1960 2000 0 fold 
4444 1960 2000 40 check 
5555 2400 2000 40 check 
3333 1920 2000 40 check 
6666 2000 2000 0 fold 
1111 1800 2000 40 check 
total pot: 440 
/inquire 
recv from player 1111: fold 

send inquire msg to player 3333 
inquire/ 
6666 2000 2000 0 fold 
1111 1800 2000 40 fold 
8888 1560 2000 280 raise 
2222 1960 2000 0 fold 
7777 1960 2000 0 fold 
4444 1960 2000 40 check 
5555 2400 2000 40 check 
3333 1920 2000 40 check 
total pot: 440 
/inquire 
recv from player 3333: call 
send inquire msg to player 5555 
inquire/ 
3333 1680 2000 280 call 
6666 2000 2000 0 fold 
1111 1800 2000 40 fold 
8888 1560 2000 280 raise 
2222 1960 2000 0 fold 
7777 1960 2000 0 fold 
4444 1960 2000 40 check 
5555 2400 2000 40 check 
total pot: 680 
/inquire 
recv from player 5555: call 
send inquire msg to player 4444 
inquire/ 
5555 2160 2000 280 call 
3333 1680 2000 280 call 
6666 2000 2000 0 fold 
1111 1800 2000 40 fold 
8888 1560 2000 280 raise 
2222 1960 2000 0 fold 
7777 1960 2000 0 fold 
4444 1960 2000 40 check 
total pot: 920 
/inquire 
recv from player 4444: fold 

river/ 
SPADES 9 
/river 

---river round bet---
valid player: 8, all in player: 0, fold player: 5
send inquire msg to player 8888 
inquire/ 
2222 1960 2000 0 fold 
7777 1960 2000 0 fold 
4444 1960 2000 40 fold 
5555 2160 2000 280 call 
3333 1680 2000 280 call 
6666 2000 2000 0 fold 
1111 1800 2000 40 fold 
8888 1560 2000 280 raise 
total pot: 920 
/inquire 
recv from player 8888: raise 240 

send notify msg to player 1111 
notify/ 
8888 1320 2000 520 raise 
2222 1960 2000 0 fold 
7777 1960 2000 0 fold 
4444 1960 2000 40 fold 
5555 2160 2000 280 call 
3333 1680 2000 280 call 
6666 2000 2000 0 fold 
1111 1800 2000 40 fold 
total pot: 1160 
/notify 
send inquire msg to player 3333 
inquire/ 
6666 2000 2000 0 fold 
1111 1800 2000 40 fold 
8888 1320 2000 520 raise 
2222 1960 2000 0 fold 
7777 1960 2000 0 fold 
4444 1960 2000 40 fold 
5555 2160 2000 280 call 
3333 1680 2000 280 call 
total pot: 1160 
/inquire 
recv from player 3333: fold 
send inquire msg to player 5555 
inquire/ 
3333 1680 2000 280 fold 
6666 2000 2000 0 fold 
1111 1800 2000 40 fold 
8888 1320 2000 520 raise 
2222 1960 2000 0 fold 
7777 1960 2000 0 fold 
4444 1960 2000 40 fold 
5555 2160 2000 280 call 
total pot: 1160 
/inquire 
recv from player 5555: all_in 
send notify msg to player 4444 
notify/ 
5555 0 2000 2440 all_in 
3333 1680 2000 280 fold 
6666 2000 2000 0 fold 
1111 1800 2000 40 fold 
8888 1320 2000 520 raise 
2222 1960 2000 0 fold 
7777 1960 2000 0 fold 
4444 1960 2000 40 fold 
total pot: 3320 
/notify 
send notify msg to player 7777 
notify/ 
4444 1960 2000 40 fold 
5555 0 2000 2440 all_in 
3333 1680 2000 280 fold 
6666 2000 2000 0 fold 
1111 1800 2000 40 fold 
8888 1320 2000 520 raise 
2222 1960 2000 0 fold 
7777 1960 2000 0 fold 
total pot: 3320 
/notify 
send inquire msg to player 8888 
inquire/ 
2222 1960 2000 0 fold 
7777 1960 2000 0 fold 
4444 1960 2000 40 fold 
5555 0 2000 2440 all_in 
3333 1680 2000 280 fold 
6666 2000 2000 0 fold 
1111 1800 2000 40 fold 
8888 1320 2000 520 raise 
total pot: 3320 
/inquire 
recv from player 8888: raise 240 


----- notify msg last round -----
send notify msg to player 1111 
notify/ 
8888 0 2000 1840 all_in 
2222 1960 2000 0 fold 
7777 1960 2000 0 fold 
4444 1960 2000 40 fold 
5555 0 2000 2440 all_in 
3333 1680 2000 280 fold 
6666 2000 2000 0 fold 
1111 1800 2000 40 fold 
total pot: 4640 
/notify 
send notify msg to player 4444 
notify/ 
5555 0 2000 2440 all_in 
3333 1680 2000 280 fold 
6666 2000 2000 0 fold 
1111 1800 2000 40 fold 
8888 0 2000 1840 all_in 
2222 1960 2000 0 fold 
7777 1960 2000 0 fold 
4444 1960 2000 40 fold 
total pot: 4640 
/notify 
send notify msg to player 7777 
notify/ 
4444 1960 2000 40 fold 
5555 0 2000 2440 all_in 
3333 1680 2000 280 fold 
6666 2000 2000 0 fold 
1111 1800 2000 40 fold 
8888 0 2000 1840 all_in 
2222 1960 2000 0 fold 
7777 1960 2000 0 fold 
total pot: 4640 
/notify 

---show down---
showdown/ 
common/ 
HEARTS 8 
DIAMONDS 7 
CLUBS J 
SPADES J 
SPADES 9 
/common 
2: 8888 SPADES K HEARTS J THREE_OF_A_KIND 
1: 5555 HEARTS 9 DIAMONDS J FULL_HOUSE 
/showdown 

---Allocate pot---
pot-win/ 
5555: 4640 
/pot-win 
it is player 8888's turn to be button

-----3 Hand-----

----- clean player data in socket -----
seat/ 
button: 8888 2000 0 
small blind: 1111 1800 2000 
big blind: 6666 2000 2000 
3333 1680 2000 
5555 4640 2000 
4444 1960 2000 
7777 1960 2000 
2222 1960 2000 
/seat 
blind/ 
1111: 20 
6666: 40 
/blind 
player 1111:hold/ 
HEARTS 5 
DIAMONDS 5 
/hold 
player 6666:hold/ 
HEARTS 10 
DIAMONDS 3 
/hold 
player 3333:hold/ 
CLUBS K 
DIAMONDS J 
/hold 
player 5555:hold/ 
CLUBS Q 
DIAMONDS 6 
/hold 
player 4444:hold/ 
HEARTS 8 
HEARTS 2 
/hold 
player 7777:hold/ 
CLUBS 10 
SPADES 10 
/hold 
player 2222:hold/ 
SPADES A 
DIAMONDS A 
/hold 
player 8888:hold/ 
SPADES Q 
SPADES K 
/hold 

---pre flop round bet---
valid player: 8, all in player: 0, fold player: 0
send inquire msg to player 3333 
inquire/ 
6666 1960 2000 40 blind 
1111 1780 2000 20 blind 
total pot: 60 
/inquire 
recv from player 3333: call 
send inquire msg to player 5555 
inquire/ 
3333 1640 2000 40 call 
6666 1960 2000 40 blind 
1111 1780 2000 20 blind 
total pot: 100 
/inquire 
recv from player 5555: call 
send inquire msg to player 4444 
inquire/ 
5555 4600 2000 40 call 
3333 1640 2000 40 call 
6666 1960 2000 40 blind 
1111 1780 2000 20 blind 
total pot: 140 
/inquire 
recv from player 4444: fold 

send inquire msg to player 7777 
inquire/ 
4444 1960 2000 0 fold 
5555 4600 2000 40 call 
3333 1640 2000 40 call 
6666 1960 2000 40 blind 
1111 1780 2000 20 blind 
total pot: 140 
/inquire 
recv from player 7777: fold 

send inquire msg to player 2222 
inquire/ 
7777 1960 2000 0 fold 
4444 1960 2000 0 fold 
5555 4600 2000 40 call 
3333 1640 2000 40 call 
6666 1960 2000 40 blind 
1111 1780 2000 20 blind 
total pot: 140 
/inquire 
recv from player 2222: raise 80 

send inquire msg to player 8888 
inquire/ 
2222 1840 2000 120 raise 
7777 1960 2000 0 fold 
4444 1960 2000 0 fold 
5555 4600 2000 40 call 
3333 1640 2000 40 call 
6666 1960 2000 40 blind 
1111 1780 2000 20 blind 
total pot: 260 
/inquire 
recv from player 8888: fold 

send inquire msg to player 1111 
inquire/ 
8888 2000 0 0 fold 
2222 1840 2000 120 raise 
7777 1960 2000 0 fold 
4444 1960 2000 0 fold 
5555 4600 2000 40 call 
3333 1640 2000 40 call 
6666 1960 2000 40 blind 
1111 1780 2000 20 blind 
total pot: 260 
/inquire 
recv from player 1111: fold 

send inquire msg to player 6666 
inquire/ 
1111 1780 2000 20 fold 
8888 2000 0 0 fold 
2222 1840 2000 120 raise 
7777 1960 2000 0 fold 
4444 1960 2000 0 fold 
5555 4600 2000 40 call 
3333 1640 2000 40 call 
6666 1960 2000 40 blind 
total pot: 260 
/inquire 
recv from player 6666: fold 

send inquire msg to player 3333 
inquire/ 
6666 1960 2000 40 fold 
1111 1780 2000 20 fold 
8888 2000 0 0 fold 
2222 1840 2000 120 raise 
7777 1960 2000 0 fold 
4444 1960 2000 0 fold 
5555 4600 2000 40 call 
3333 1640 2000 40 call 
total pot: 260 
/inquire 
recv from player 3333: call 
send inquire msg to player 5555 
inquire/ 
3333 1560 2000 120 call 
6666 1960 2000 40 fold 
1111 1780 2000 20 fold 
8888 2000 0 0 fold 
2222 1840 2000 120 raise 
7777 1960 2000 0 fold 
4444 1960 2000 0 fold 
5555 4600 2000 40 call 
total pot: 340 
/inquire 
recv from player 5555: fold 
flop/ 
HEARTS 3 
HEARTS J 
DIAMONDS K 
/flop 

---flop round bet---
valid player: 8, all in player: 0, fold player: 6
send notify msg to player 1111 
notify/ 
8888 2000 0 0 fold 
2222 1840 2000 120 raise 
7777 1960 2000 0 fold 
4444 1960 2000 0 fold 
5555 4600 2000 40 fold 
3333 1560 2000 120 call 
6666 1960 2000 40 fold 
1111 1780 2000 20 fold 
total pot: 340 
/notify 
send inquire msg to player 3333 
inquire/ 
6666 1960 2000 40 fold 
1111 1780 2000 20 fold 
8888 2000 0 0 fold 
2222 1840 2000 120 raise 
7777 1960 2000 0 fold 
4444 1960 2000 0 fold 
5555 4600 2000 40 fold 
3333 1560 2000 120 call 
total pot: 340 
/inquire 
recv from player 3333: call 
send notify msg to player 4444 
notify/ 
5555 4600 2000 40 fold 
3333 1560 2000 120 check 
6666 1960 2000 40 fold 
1111 1780 2000 20 fold 
8888 2000 0 0 fold 
2222 1840 2000 120 raise 
7777 1960 2000 0 fold 
4444 1960 2000 0 fold 
total pot: 340 
/notify 
send notify msg to player 7777 
notify/ 
4444 1960 2000 0 fold 
5555 4600 2000 40 fold 
3333 1560 2000 120 check 
6666 1960 2000 40 fold 
1111 1780 2000 20 fold 
8888 2000 0 0 fold 
2222 1840 2000 120 raise 
7777 1960 2000 0 fold 
total pot: 340 
/notify 
send inquire msg to player 2222 
inquire/ 
7777 1960 2000 0 fold 
4444 1960 2000 0 fold 
5555 4600 2000 40 fold 
3333 1560 2000 120 check 
6666 1960 2000 40 fold 
1111 1780 2000 20 fold 
8888 2000 0 0 fold 
2222 1840 2000 120 raise 
total pot: 340 
/inquire 
recv from player 2222: raise 40 

send notify msg to player 1111 
notify/ 
8888 2000 0 0 fold 
2222 1800 2000 160 raise 
7777 1960 2000 0 fold 
4444 1960 2000 0 fold 
5555 4600 2000 40 fold 
3333 1560 2000 120 check 
6666 1960 2000 40 fold 
1111 1780 2000 20 fold 
total pot: 380 
/notify 
send inquire msg to player 3333 
inquire/ 
6666 1960 2000 40 fold 
1111 1780 2000 20 fold 
8888 2000 0 0 fold 
2222 1800 2000 160 raise 
7777 1960 2000 0 fold 
4444 1960 2000 0 fold 
5555 4600 2000 40 fold 
3333 1560 2000 120 check 
total pot: 380 
/inquire 
recv from player 3333: call 
turn/ 
DIAMONDS Q 
/turn 

---turn round bet---
valid player: 8, all in player: 0, fold player: 6
send notify msg to player 1111 
notify/ 
8888 2000 0 0 fold 
2222 1800 2000 160 raise 
7777 1960 2000 0 fold 
4444 1960 2000 0 fold 
5555 4600 2000 40 fold 
3333 1520 2000 160 call 
6666 1960 2000 40 fold 
1111 1780 2000 20 fold 
total pot: 420 
/notify 
send inquire msg to player 3333 
inquire/ 
6666 1960 2000 40 fold 
1111 1780 2000 20 fold 
8888 2000 0 0 fold 
2222 1800 2000 160 raise 
7777 1960 2000 0 fold 
4444 1960 2000 0 fold 
5555 4600 2000 40 fold 
3333 1520 2000 160 call 
total pot: 420 
/inquire 
recv from player 3333: call 
send notify msg to player 4444 
notify/ 
5555 4600 2000 40 fold 
3333 1520 2000 160 check 
6666 1960 2000 40 fold 
1111 1780 2000 20 fold 
8888 2000 0 0 fold 
2222 1800 2000 160 raise 
7777 1960 2000 0 fold 
4444 1960 2000 0 fold 
total pot: 420 
/notify 
send notify msg to player 7777 
notify/ 
4444 1960 2000 0 fold 
5555 4600 2000 40 fold 
3333 1520 2000 160 check 
6666 1960 2000 40 fold 
1111 1780 2000 20 fold 
8888 2000 0 0 fold 
2222 1800 2000 160 raise 
7777 1960 2000 0 fold 
total pot: 420 
/notify 
send inquire msg to player 2222 
inquire/ 
7777 1960 2000 0 fold 
4444 1960 2000 0 fold 
5555 4600 2000 40 fold 
3333 1520 2000 160 check 
6666 1960 2000 40 fold 
1111 1780 2000 20 fold 
8888 2000 0 0 fold 
2222 1800 2000 160 raise 
total pot: 420 
/inquire 
recv from player 2222: raise 40 

send notify msg to player 1111 
notify/ 
8888 2000 0 0 fold 
2222 1760 2000 200 raise 
7777 1960 2000 0 fold 
4444 1960 2000 0 fold 
5555 4600 2000 40 fold 
3333 1520 2000 160 check 
6666 1960 2000 40 fold 
1111 1780 2000 20 fold 
total pot: 460 
/notify 
send inquire msg to player 3333 
inquire/ 
6666 1960 2000 40 fold 
1111 1780 2000 20 fold 
8888 2000 0 0 fold 
2222 1760 2000 200 raise 
7777 1960 2000 0 fold 
4444 1960 2000 0 fold 
5555 4600 2000 40 fold 
3333 1520 2000 160 check 
total pot: 460 
/inquire 
recv from player 3333: call 
river/ 
CLUBS 9 
/river 

---river round bet---
valid player: 8, all in player: 0, fold player: 6
send notify msg to player 1111 
notify/ 
8888 2000 0 0 fold 
2222 1760 2000 200 raise 
7777 1960 2000 0 fold 
4444 1960 2000 0 fold 
5555 4600 2000 40 fold 
3333 1480 2000 200 call 
6666 1960 2000 40 fold 
1111 1780 2000 20 fold 
total pot: 500 
/notify 
send inquire msg to player 3333 
inquire/ 
6666 1960 2000 40 fold 
1111 1780 2000 20 fold 
8888 2000 0 0 fold 
2222 1760 2000 200 raise 
7777 1960 2000 0 fold 
4444 1960 2000 0 fold 
5555 4600 2000 40 fold 
3333 1480 2000 200 call 
total pot: 500 
/inquire 
recv from player 3333: call 
send notify msg to player 4444 
notify/ 
5555 4600 2000 40 fold 
3333 1480 2000 200 check 
6666 1960 2000 40 fold 
1111 1780 2000 20 fold 
8888 2000 0 0 fold 
2222 1760 2000 200 raise 
7777 1960 2000 0 fold 
4444 1960 2000 0 fold 
total pot: 500 
/notify 
send notify msg to player 7777 
notify/ 
4444 1960 2000 0 fold 
5555 4600 2000 40 fold 
3333 1480 2000 200 check 
6666 1960 2000 40 fold 
1111 1780 2000 20 fold 
8888 2000 0 0 fold 
2222 1760 2000 200 raise 
7777 1960 2000 0 fold 
total pot: 500 
/notify 
send inquire msg to player 2222 
inquire/ 
7777 1960 2000 0 fold 
4444 1960 2000 0 fold 
5555 4600 2000 40 fold 
3333 1480 2000 200 check 
6666 1960 2000 40 fold 
1111 1780 2000 20 fold 
8888 2000 0 0 fold 
2222 1760 2000 200 raise 
total pot: 500 
/inquire 
recv from player 2222: raise 40 

send notify msg to player 1111 
notify/ 
8888 2000 0 0 fold 
2222 1720 2000 240 raise 
7777 1960 2000 0 fold 
4444 1960 2000 0 fold 
5555 4600 2000 40 fold 
3333 1480 2000 200 check 
6666 1960 2000 40 fold 
1111 1780 2000 20 fold 
total pot: 540 
/notify 
send inquire msg to player 3333 
inquire/ 
6666 1960 2000 40 fold 
1111 1780 2000 20 fold 
8888 2000 0 0 fold 
2222 1720 2000 240 raise 
7777 1960 2000 0 fold 
4444 1960 2000 0 fold 
5555 4600 2000 40 fold 
3333 1480 2000 200 check 
total pot: 540 
/inquire 
recv from player 3333: call 

----- notify msg last round -----
send notify msg to player 4444 
notify/ 
5555 4600 2000 40 fold 
3333 1440 2000 240 call 
6666 1960 2000 40 fold 
1111 1780 2000 20 fold 
8888 2000 0 0 fold 
2222 1720 2000 240 raise 
7777 1960 2000 0 fold 
4444 1960 2000 0 fold 
total pot: 580 
/notify 
send notify msg to player 7777 
notify/ 
4444 1960 2000 0 fold 
5555 4600 2000 40 fold 
3333 1440 2000 240 call 
6666 1960 2000 40 fold 
1111 1780 2000 20 fold 
8888 2000 0 0 fold 
2222 1720 2000 240 raise 
7777 1960 2000 0 fold 
total pot: 580 
/notify 
send notify msg to player 1111 
notify/ 
8888 2000 0 0 fold 
2222 1720 2000 240 raise 
7777 1960 2000 0 fold 
4444 1960 2000 0 fold 
5555 4600 2000 40 fold 
3333 1440 2000 240 call 
6666 1960 2000 40 fold 
1111 1780 2000 20 fold 
total pot: 580 
/notify 

---show down---
showdown/ 
common/ 
HEARTS 3 
HEARTS J 
DIAMONDS K 
DIAMONDS Q 
CLUBS 9 
/common 
1: 3333 CLUBS K DIAMONDS J TWO_PAIR 
2: 2222 SPADES A DIAMONDS A ONE_PAIR 
/showdown 

---Allocate pot---
pot-win/ 
3333: 580 
/pot-win 
it is player 1111's turn to be button

-----4 Hand-----

----- clean player data in socket -----
seat/ 
button: 1111 1780 2000 
small blind: 6666 1960 2000 
big blind: 3333 2020 2000 
5555 4600 2000 
4444 1960 2000 
7777 1960 2000 
2222 1720 2000 
8888 2000 0 
/seat 
blind/ 
6666: 20 
3333: 40 
/blind 
player 6666:hold/ 
SPADES 6 
HEARTS 8 
/hold 
player 3333:hold/ 
DIAMONDS 4 
HEARTS 9 
/hold 
player 5555:hold/ 
SPADES Q 
CLUBS A 
/hold 
player 4444:hold/ 
CLUBS K 
DIAMONDS 5 
/hold 
player 7777:hold/ 
SPADES 4 
HEARTS 10 
/hold 
player 2222:hold/ 
CLUBS J 
SPADES A 
/hold 
player 8888:hold/ 
DIAMONDS K 
HEARTS 6 
/hold 
player 1111:hold/ 
DIAMONDS A 
DIAMONDS 2 
/hold 

---pre flop round bet---
valid player: 8, all in player: 0, fold player: 0
send inquire msg to player 5555 
inquire/ 
3333 1980 2000 40 blind 
6666 1940 2000 20 blind 
total pot: 60 
/inquire 
recv from player 5555: raise 100 
send inquire msg to player 4444 
inquire/ 
5555 4460 2000 140 raise 
3333 1980 2000 40 blind 
6666 1940 2000 20 blind 
total pot: 200 
/inquire 
recv from player 4444: call 

send inquire msg to player 7777 
inquire/ 
4444 1820 2000 140 call 
5555 4460 2000 140 raise 
3333 1980 2000 40 blind 
6666 1940 2000 20 blind 
total pot: 340 
/inquire 
recv from player 7777: fold 

send inquire msg to player 2222 
inquire/ 
7777 1960 2000 0 fold 
4444 1820 2000 140 call 
5555 4460 2000 140 raise 
3333 1980 2000 40 blind 
6666 1940 2000 20 blind 
total pot: 340 
/inquire 
recv from player 2222: call 

send inquire msg to player 8888 
inquire/ 
2222 1580 2000 140 call 
7777 1960 2000 0 fold 
4444 1820 2000 140 call 
5555 4460 2000 140 raise 
3333 1980 2000 40 blind 
6666 1940 2000 20 blind 
total pot: 480 
/inquire 
recv from player 8888: fold 

send inquire msg to player 1111 
inquire/ 
8888 2000 0 0 fold 
2222 1580 2000 140 call 
7777 1960 2000 0 fold 
4444 1820 2000 140 call 
5555 4460 2000 140 raise 
3333 1980 2000 40 blind 
6666 1940 2000 20 blind 
total pot: 480 
/inquire 
recv from player 1111: fold 

send inquire msg to player 6666 
inquire/ 
1111 1780 2000 0 fold 
8888 2000 0 0 fold 
2222 1580 2000 140 call 
7777 1960 2000 0 fold 
4444 1820 2000 140 call 
5555 4460 2000 140 raise 
3333 1980 2000 40 blind 
6666 1940 2000 20 blind 
total pot: 480 
/inquire 
recv from player 6666: fold 

send inquire msg to player 3333 
inquire/ 
6666 1940 2000 20 fold 
1111 1780 2000 0 fold 
8888 2000 0 0 fold 
2222 1580 2000 140 call 
7777 1960 2000 0 fold 
4444 1820 2000 140 call 
5555 4460 2000 140 raise 
3333 1980 2000 40 blind 
total pot: 480 
/inquire 
recv from player 3333: fold 
flop/ 
CLUBS 2 
SPADES 7 
HEARTS J 
/flop 

---flop round bet---
valid player: 8, all in player: 0, fold player: 5
send inquire msg to player 5555 
inquire/ 
3333 1980 2000 40 fold 
6666 1940 2000 20 fold 
1111 1780 2000 0 fold 
8888 2000 0 0 fold 
2222 1580 2000 140 call 
7777 1960 2000 0 fold 
4444 1820 2000 140 call 
5555 4460 2000 140 raise 
total pot: 480 
/inquire 
recv from player 5555: call 
send inquire msg to player 4444 
inquire/ 
5555 4460 2000 140 check 
3333 1980 2000 40 fold 
6666 1940 2000 20 fold 
1111 1780 2000 0 fold 
8888 2000 0 0 fold 
2222 1580 2000 140 call 
7777 1960 2000 0 fold 
4444 1820 2000 140 call 
total pot: 480 
/inquire 
recv from player 4444: check 

send notify msg to player 7777 
notify/ 
4444 1820 2000 140 check 
5555 4460 2000 140 check 
3333 1980 2000 40 fold 
6666 1940 2000 20 fold 
1111 1780 2000 0 fold 
8888 2000 0 0 fold 
2222 1580 2000 140 call 
7777 1960 2000 0 fold 
total pot: 480 
/notify 
send inquire msg to player 2222 
inquire/ 
7777 1960 2000 0 fold 
4444 1820 2000 140 check 
5555 4460 2000 140 check 
3333 1980 2000 40 fold 
6666 1940 2000 20 fold 
1111 1780 2000 0 fold 
8888 2000 0 0 fold 
2222 1580 2000 140 call 
total pot: 480 
/inquire 
recv from player 2222: raise 40 

send notify msg to player 1111 
notify/ 
8888 2000 0 0 fold 
2222 1540 2000 180 raise 
7777 1960 2000 0 fold 
4444 1820 2000 140 check 
5555 4460 2000 140 check 
3333 1980 2000 40 fold 
6666 1940 2000 20 fold 
1111 1780 2000 0 fold 
total pot: 520 
/notify 
send inquire msg to player 5555 
inquire/ 
3333 1980 2000 40 fold 
6666 1940 2000 20 fold 
1111 1780 2000 0 fold 
8888 2000 0 0 fold 
2222 1540 2000 180 raise 
7777 1960 2000 0 fold 
4444 1820 2000 140 check 
5555 4460 2000 140 check 
total pot: 520 
/inquire 
recv from player 5555: call 
send inquire msg to player 4444 
inquire/ 
5555 4420 2000 180 call 
3333 1980 2000 40 fold 
6666 1940 2000 20 fold 
1111 1780 2000 0 fold 
8888 2000 0 0 fold 
2222 1540 2000 180 raise 
7777 1960 2000 0 fold 
4444 1820 2000 140 check 
total pot: 560 
/inquire 
recv from player 4444: fold 

turn/ 
SPADES 3 
/turn 

---turn round bet---
valid player: 8, all in player: 0, fold player: 6
send inquire msg to player 5555 
inquire/ 
3333 1980 2000 40 fold 
6666 1940 2000 20 fold 
1111 1780 2000 0 fold 
8888 2000 0 0 fold 
2222 1540 2000 180 raise 
7777 1960 2000 0 fold 
4444 1820 2000 140 fold 
5555 4420 2000 180 call 
total pot: 560 
/inquire 
recv from player 5555: fold 
send notify msg to player 4444 
notify/ 
5555 4420 2000 180 fold 
3333 1980 2000 40 fold 
6666 1940 2000 20 fold 
1111 1780 2000 0 fold 
8888 2000 0 0 fold 
2222 1540 2000 180 raise 
7777 1960 2000 0 fold 
4444 1820 2000 140 fold 
total pot: 560 
/notify 
send notify msg to player 7777 
notify/ 
4444 1820 2000 140 fold 
5555 4420 2000 180 fold 
3333 1980 2000 40 fold 
6666 1940 2000 20 fold 
1111 1780 2000 0 fold 
8888 2000 0 0 fold 
2222 1540 2000 180 raise 
7777 1960 2000 0 fold 
total pot: 560 
/notify 
send inquire msg to player 2222 
inquire/ 
7777 1960 2000 0 fold 
4444 1820 2000 140 fold 
5555 4420 2000 180 fold 
3333 1980 2000 40 fold 
6666 1940 2000 20 fold 
1111 1780 2000 0 fold 
8888 2000 0 0 fold 
2222 1540 2000 180 raise 
total pot: 560 
/inquire 
recv from player 2222: call 


---river round bet---
valid player: 8, all in player: 0, fold player: 7

----- notify msg last round -----
send notify msg to player 1111 
notify/ 
8888 2000 0 0 fold 
2222 1540 2000 180 check 
7777 1960 2000 0 fold 
4444 1820 2000 140 fold 
5555 4420 2000 180 fold 
3333 1980 2000 40 fold 
6666 1940 2000 20 fold 
1111 1780 2000 0 fold 
total pot: 560 
/notify 
send notify msg to player 4444 
notify/ 
5555 4420 2000 180 fold 
3333 1980 2000 40 fold 
6666 1940 2000 20 fold 
1111 1780 2000 0 fold 
8888 2000 0 0 fold 
2222 1540 2000 180 check 
7777 1960 2000 0 fold 
4444 1820 2000 140 fold 
total pot: 560 
/notify 
send notify msg to player 7777 
notify/ 
4444 1820 2000 140 fold 
5555 4420 2000 180 fold 
3333 1980 2000 40 fold 
6666 1940 2000 20 fold 
1111 1780 2000 0 fold 
8888 2000 0 0 fold 
2222 1540 2000 180 check 
7777 1960 2000 0 fold 
total pot: 560 
/notify 

--- 1 players not fold, don't need show down---

---Allocate pot---
Only player at seat 5 not fold, win all the pot 560
pot-win/ 
2222: 560 
/pot-win 
it is player 6666's turn to be button

-----5 Hand-----

----- clean player data in socket -----
seat/ 
button: 6666 1940 2000 
small blind: 3333 1980 2000 
big blind: 5555 4420 2000 
4444 1820 2000 
7777 1960 2000 
2222 2100 2000 
8888 2000 0 
1111 1780 2000 
/seat 
blind/ 
3333: 20 
5555: 40 
/blind 
player 3333:hold/ 
DIAMONDS 3 
SPADES J 
/hold 
player 5555:hold/ 
SPADES 5 
HEARTS 6 
/hold 
player 4444:hold/ 
SPADES 6 
HEARTS 2 
/hold 
player 7777:hold/ 
CLUBS 10 
DIAMONDS 10 
/hold 
player 2222:hold/ 
CLUBS 7 
CLUBS J 
/hold 
player 8888:hold/ 
CLUBS 6 
CLUBS 5 
/hold 
player 1111:hold/ 
DIAMONDS 8 
HEARTS 3 
/hold 
player 6666:hold/ 
CLUBS Q 
HEARTS K 
/hold 

---pre flop round bet---
valid player: 8, all in player: 0, fold player: 0
send inquire msg to player 4444 
inquire/ 
5555 4380 2000 40 blind 
3333 1960 2000 20 blind 
total pot: 60 
/inquire 
recv from player 4444: fold 

send inquire msg to player 7777 
inquire/ 
4444 1820 2000 0 fold 
5555 4380 2000 40 blind 
3333 1960 2000 20 blind 
total pot: 60 
/inquire 
recv from player 7777: fold 

send inquire msg to player 2222 
inquire/ 
7777 1960 2000 0 fold 
4444 1820 2000 0 fold 
5555 4380 2000 40 blind 
3333 1960 2000 20 blind 
total pot: 60 
/inquire 
recv from player 2222: fold 

send inquire msg to player 8888 
inquire/ 
2222 2100 2000 0 fold 
7777 1960 2000 0 fold 
4444 1820 2000 0 fold 
5555 4380 2000 40 blind 
3333 1960 2000 20 blind 
total pot: 60 
/inquire 
recv from player 8888: fold 

send inquire msg to player 1111 
inquire/ 
8888 2000 0 0 fold 
2222 2100 2000 0 fold 
7777 1960 2000 0 fold 
4444 1820 2000 0 fold 
5555 4380 2000 40 blind 
3333 1960 2000 20 blind 
total pot: 60 
/inquire 
recv from player 1111: fold 

send inquire msg to player 6666 
inquire/ 
1111 1780 2000 0 fold 
8888 2000 0 0 fold 
2222 2100 2000 0 fold 
7777 1960 2000 0 fold 
4444 1820 2000 0 fold 
5555 4380 2000 40 blind 
3333 1960 2000 20 blind 
total pot: 60 
/inquire 
recv from player 6666: raise 120 

send inquire msg to player 3333 
inquire/ 
6666 1780 2000 160 raise 
1111 1780 2000 0 fold 
8888 2000 0 0 fold 
2222 2100 2000 0 fold 
7777 1960 2000 0 fold 
4444 1820 2000 0 fold 
5555 4380 2000 40 blind 
3333 1960 2000 20 blind 
total pot: 220 
/inquire 
recv from player 3333: fold 
send inquire msg to player 5555 
inquire/ 
3333 1960 2000 20 fold 
6666 1780 2000 160 raise 
1111 1780 2000 0 fold 
8888 2000 0 0 fold 
2222 2100 2000 0 fold 
7777 1960 2000 0 fold 
4444 1820 2000 0 fold 
5555 4380 2000 40 blind 
total pot: 220 
/inquire 
recv from player 5555: call 
flop/ 
HEARTS 4 
SPADES Q 
SPADES 4 
/flop 

---flop round bet---
valid player: 8, all in player: 0, fold player: 6
send inquire msg to player 5555 
inquire/ 
3333 1960 2000 20 fold 
6666 1780 2000 160 raise 
1111 1780 2000 0 fold 
8888 2000 0 0 fold 
2222 2100 2000 0 fold 
7777 1960 2000 0 fold 
4444 1820 2000 0 fold 
5555 4260 2000 160 call 
total pot: 340 
/inquire 
recv from player 5555: fold 
send notify msg to player 4444 
notify/ 
5555 4260 2000 160 fold 
3333 1960 2000 20 fold 
6666 1780 2000 160 raise 
1111 1780 2000 0 fold 
8888 2000 0 0 fold 
2222 2100 2000 0 fold 
7777 1960 2000 0 fold 
4444 1820 2000 0 fold 
total pot: 340 
/notify 
send notify msg to player 7777 
notify/ 
4444 1820 2000 0 fold 
5555 4260 2000 160 fold 
3333 1960 2000 20 fold 
6666 1780 2000 160 raise 
1111 1780 2000 0 fold 
8888 2000 0 0 fold 
2222 2100 2000 0 fold 
7777 1960 2000 0 fold 
total pot: 340 
/notify 
send notify msg to player 1111 
notify/ 
8888 2000 0 0 fold 
2222 2100 2000 0 fold 
7777 1960 2000 0 fold 
4444 1820 2000 0 fold 
5555 4260 2000 160 fold 
3333 1960 2000 20 fold 
6666 1780 2000 160 raise 
1111 1780 2000 0 fold 
total pot: 340 
/notify 
send inquire msg to player 6666 
inquire/ 
1111 1780 2000 0 fold 
8888 2000 0 0 fold 
2222 2100 2000 0 fold 
7777 1960 2000 0 fold 
4444 1820 2000 0 fold 
5555 4260 2000 160 fold 
3333 1960 2000 20 fold 
6666 1780 2000 160 raise 
total pot: 340 
/inquire 
recv from player 6666: raise 240 


---turn round bet---
valid player: 8, all in player: 0, fold player: 7

---river round bet---
valid player: 8, all in player: 0, fold player: 7

----- notify msg last round -----
send notify msg to player 4444 
notify/ 
5555 4260 2000 160 fold 
3333 1960 2000 20 fold 
6666 1540 2000 400 raise 
1111 1780 2000 0 fold 
8888 2000 0 0 fold 
2222 2100 2000 0 fold 
7777 1960 2000 0 fold 
4444 1820 2000 0 fold 
total pot: 580 
/notify 
send notify msg to player 7777 
notify/ 
4444 1820 2000 0 fold 
5555 4260 2000 160 fold 
3333 1960 2000 20 fold 
6666 1540 2000 400 raise 
1111 1780 2000 0 fold 
8888 2000 0 0 fold 
2222 2100 2000 0 fold 
7777 1960 2000 0 fold 
total pot: 580 
/notify 
send notify msg to player 1111 
notify/ 
8888 2000 0 0 fold 
2222 2100 2000 0 fold 
7777 1960 2000 0 fold 
4444 1820 2000 0 fold 
5555 4260 2000 160 fold 
3333 1960 2000 20 fold 
6666 1540 2000 400 raise 
1111 1780 2000 0 fold 
total pot: 580 
/notify 

--- 1 players not fold, don't need show down---

---Allocate pot---
Only player at seat 7 not fold, win all the pot 580
pot-win/ 
6666: 580 
/pot-win 
it is player 3333's turn to be button

-----6 Hand-----

----- clean player data in socket -----
seat/ 
button: 3333 1960 2000 
small blind: 5555 4260 2000 
big blind: 4444 1820 2000 
7777 1960 2000 
2222 2100 2000 
8888 2000 0 
1111 1780 2000 
6666 2120 2000 
/seat 
blind/ 
