

===VERSION 1.24===
---GAME START @ 2015-5-26-0-38-35---

wait registration for 30 seconds
invalid player with unknown ip or port(127.0.0.1, 34731)
reg: 5555 DSB  reg: 4444 DSB  reg: 6666 DSB  reg: 8888 DSB  reg:3333 tnt
reg: 1111 Young need_notify  
reg: 7777 cleverbot need_notify 
close registration

-----1 Hand-----

----- clean player data in socket -----
seat/ 
button: 5555 2000 2000 
small blind: 4444 2000 2000 
big blind: 8888 2000 2000 
6666 2000 2000 
3333 2000 2000 
7777 2000 2000 
1111 2000 2000 
/seat 
blind/ 
4444: 20 
8888: 40 
/blind 
player 4444:hold/ 
DIAMONDS 3 
DIAMONDS 2 
/hold 
player 8888:hold/ 
SPADES 4 
CLUBS 8 
/hold 
player 6666:hold/ 
HEARTS A 
CLUBS 9 
/hold 
player 3333:hold/ 
CLUBS A 
SPADES J 
/hold 
player 7777:hold/ 
DIAMONDS 10 
HEARTS 4 
/hold 
player 1111:hold/ 
CLUBS K 
HEARTS 8 
/hold 
player 5555:hold/ 
HEARTS 9 
HEARTS 10 
/hold 

---pre flop round bet---
valid player: 7, all in player: 0, fold player: 0
send inquire msg to player 6666 
inquire/ 
8888 1960 2000 40 blind 
4444 1980 2000 20 blind 
total pot: 60 
/inquire 
recv from player 6666: call 
send inquire msg to player 3333 
inquire/ 
6666 1960 2000 40 call 
8888 1960 2000 40 blind 
4444 1980 2000 20 blind 
total pot: 100 
/inquire 
recv from player 3333: raise 0
send inquire msg to player 7777 
inquire/ 
3333 1920 2000 80 raise 
6666 1960 2000 40 call 
8888 1960 2000 40 blind 
4444 1980 2000 20 blind 
total pot: 180 
/inquire 
recv from player 7777: fold 

send inquire msg to player 1111 
inquire/ 
7777 2000 2000 0 fold 
3333 1920 2000 80 raise 
6666 1960 2000 40 call 
8888 1960 2000 40 blind 
4444 1980 2000 20 blind 
total pot: 180 
/inquire 
recv from player 1111: fold 

send inquire msg to player 5555 
inquire/ 
1111 2000 2000 0 fold 
7777 2000 2000 0 fold 
3333 1920 2000 80 raise 
6666 1960 2000 40 call 
8888 1960 2000 40 blind 
4444 1980 2000 20 blind 
total pot: 180 
/inquire 
recv from player 5555: call 
send inquire msg to player 4444 
inquire/ 
5555 1920 2000 80 call 
1111 2000 2000 0 fold 
7777 2000 2000 0 fold 
3333 1920 2000 80 raise 
6666 1960 2000 40 call 
8888 1960 2000 40 blind 
4444 1980 2000 20 blind 
total pot: 260 
/inquire 
recv from player 4444: call 
send inquire msg to player 8888 
inquire/ 
4444 1920 2000 80 call 
5555 1920 2000 80 call 
1111 2000 2000 0 fold 
7777 2000 2000 0 fold 
3333 1920 2000 80 raise 
6666 1960 2000 40 call 
8888 1960 2000 40 blind 
total pot: 320 
/inquire 
recv from player 8888: call 
send inquire msg to player 6666 
inquire/ 
8888 1920 2000 80 call 
4444 1920 2000 80 call 
5555 1920 2000 80 call 
1111 2000 2000 0 fold 
7777 2000 2000 0 fold 
3333 1920 2000 80 raise 
6666 1960 2000 40 call 
total pot: 360 
/inquire 
recv from player 6666: call 
flop/ 
CLUBS 7 
CLUBS 5 
CLUBS 10 
/flop 

---flop round bet---
valid player: 7, all in player: 0, fold player: 2
send inquire msg to player 4444 
inquire/ 
5555 1920 2000 80 call 
1111 2000 2000 0 fold 
7777 2000 2000 0 fold 
3333 1920 2000 80 raise 
6666 1920 2000 80 call 
8888 1920 2000 80 call 
4444 1920 2000 80 call 
total pot: 400 
/inquire 
recv from player 4444: fold 
send inquire msg to player 8888 
inquire/ 
4444 1920 2000 80 fold 
5555 1920 2000 80 call 
1111 2000 2000 0 fold 
7777 2000 2000 0 fold 
3333 1920 2000 80 raise 
6666 1920 2000 80 call 
8888 1920 2000 80 call 
total pot: 400 
/inquire 
recv from player 8888: call 
send inquire msg to player 6666 
inquire/ 
8888 1920 2000 80 check 
4444 1920 2000 80 fold 
5555 1920 2000 80 call 
1111 2000 2000 0 fold 
7777 2000 2000 0 fold 
3333 1920 2000 80 raise 
6666 1920 2000 80 call 
total pot: 400 
/inquire 
recv from player 6666: call 
send inquire msg to player 3333 
inquire/ 
6666 1920 2000 80 check 
8888 1920 2000 80 check 
4444 1920 2000 80 fold 
5555 1920 2000 80 call 
1111 2000 2000 0 fold 
7777 2000 2000 0 fold 
3333 1920 2000 80 raise 
total pot: 400 
/inquire 
recv from player 3333: call
send notify msg to player 7777 
notify/ 
3333 1920 2000 80 check 
6666 1920 2000 80 check 
8888 1920 2000 80 check 
4444 1920 2000 80 fold 
5555 1920 2000 80 call 
1111 2000 2000 0 fold 
7777 2000 2000 0 fold 
total pot: 400 
/notify 
send notify msg to player 1111 
notify/ 
7777 2000 2000 0 fold 
3333 1920 2000 80 check 
6666 1920 2000 80 check 
8888 1920 2000 80 check 
4444 1920 2000 80 fold 
5555 1920 2000 80 call 
1111 2000 2000 0 fold 
total pot: 400 
/notify 
send inquire msg to player 5555 
inquire/ 
1111 2000 2000 0 fold 
7777 2000 2000 0 fold 
3333 1920 2000 80 check 
6666 1920 2000 80 check 
8888 1920 2000 80 check 
4444 1920 2000 80 fold 
5555 1920 2000 80 call 
total pot: 400 
/inquire 
recv from player 5555: call 
turn/ 
SPADES 9 
/turn 

---turn round bet---
valid player: 7, all in player: 0, fold player: 3
send inquire msg to player 8888 
inquire/ 
4444 1920 2000 80 fold 
5555 1920 2000 80 check 
1111 2000 2000 0 fold 
7777 2000 2000 0 fold 
3333 1920 2000 80 check 
6666 1920 2000 80 check 
8888 1920 2000 80 check 
total pot: 400 
/inquire 
recv from player 8888: check 
send inquire msg to player 6666 
inquire/ 
8888 1920 2000 80 check 
4444 1920 2000 80 fold 
5555 1920 2000 80 check 
1111 2000 2000 0 fold 
7777 2000 2000 0 fold 
3333 1920 2000 80 check 
6666 1920 2000 80 check 
total pot: 400 
/inquire 
recv from player 6666: raise 500 
send inquire msg to player 3333 
inquire/ 
6666 1420 2000 580 raise 
8888 1920 2000 80 check 
4444 1920 2000 80 fold 
5555 1920 2000 80 check 
1111 2000 2000 0 fold 
7777 2000 2000 0 fold 
3333 1920 2000 80 check 
total pot: 900 
/inquire 
recv from player 3333: call
send notify msg to player 7777 
notify/ 
3333 1420 2000 580 call 
6666 1420 2000 580 raise 
8888 1920 2000 80 check 
4444 1920 2000 80 fold 
5555 1920 2000 80 check 
1111 2000 2000 0 fold 
7777 2000 2000 0 fold 
total pot: 1400 
/notify 
send notify msg to player 1111 
notify/ 
7777 2000 2000 0 fold 
3333 1420 2000 580 call 
6666 1420 2000 580 raise 
8888 1920 2000 80 check 
4444 1920 2000 80 fold 
5555 1920 2000 80 check 
1111 2000 2000 0 fold 
total pot: 1400 
/notify 
send inquire msg to player 5555 
inquire/ 
1111 2000 2000 0 fold 
7777 2000 2000 0 fold 
3333 1420 2000 580 call 
6666 1420 2000 580 raise 
8888 1920 2000 80 check 
4444 1920 2000 80 fold 
5555 1920 2000 80 check 
total pot: 1400 
/inquire 
recv from player 5555: call 
send inquire msg to player 8888 
inquire/ 
4444 1920 2000 80 fold 
5555 1420 2000 580 call 
1111 2000 2000 0 fold 
7777 2000 2000 0 fold 
3333 1420 2000 580 call 
6666 1420 2000 580 raise 
8888 1920 2000 80 check 
total pot: 1900 
/inquire 
recv from player 8888: fold 
river/ 
DIAMONDS K 
/river 

---river round bet---
valid player: 7, all in player: 0, fold player: 4
send inquire msg to player 6666 
inquire/ 
8888 1920 2000 80 fold 
4444 1920 2000 80 fold 
5555 1420 2000 580 call 
1111 2000 2000 0 fold 
7777 2000 2000 0 fold 
3333 1420 2000 580 call 
6666 1420 2000 580 raise 
total pot: 1900 
/inquire 
recv from player 6666: fold 
send inquire msg to player 3333 
inquire/ 
6666 1420 2000 580 fold 
8888 1920 2000 80 fold 
4444 1920 2000 80 fold 
5555 1420 2000 580 call 
1111 2000 2000 0 fold 
7777 2000 2000 0 fold 
3333 1420 2000 580 call 
total pot: 1900 
/inquire 
recv from player 3333: call
send notify msg to player 7777 
notify/ 
3333 1420 2000 580 check 
6666 1420 2000 580 fold 
8888 1920 2000 80 fold 
4444 1920 2000 80 fold 
5555 1420 2000 580 call 
1111 2000 2000 0 fold 
7777 2000 2000 0 fold 
total pot: 1900 
/notify 
send notify msg to player 1111 
notify/ 
7777 2000 2000 0 fold 
3333 1420 2000 580 check 
6666 1420 2000 580 fold 
8888 1920 2000 80 fold 
4444 1920 2000 80 fold 
5555 1420 2000 580 call 
1111 2000 2000 0 fold 
total pot: 1900 
/notify 
send inquire msg to player 5555 
inquire/ 
1111 2000 2000 0 fold 
7777 2000 2000 0 fold 
3333 1420 2000 580 check 
6666 1420 2000 580 fold 
8888 1920 2000 80 fold 
4444 1920 2000 80 fold 
5555 1420 2000 580 call 
total pot: 1900 
/inquire 
recv from player 5555: call 

----- notify msg last round -----
send notify msg to player 7777 
notify/ 
3333 1420 2000 580 check 
6666 1420 2000 580 fold 
8888 1920 2000 80 fold 
4444 1920 2000 80 fold 
5555 1420 2000 580 check 
1111 2000 2000 0 fold 
7777 2000 2000 0 fold 
total pot: 1900 
/notify 
send notify msg to player 1111 
notify/ 
7777 2000 2000 0 fold 
3333 1420 2000 580 check 
6666 1420 2000 580 fold 
8888 1920 2000 80 fold 
4444 1920 2000 80 fold 
5555 1420 2000 580 check 
1111 2000 2000 0 fold 
total pot: 1900 
/notify 

---show down---
showdown/ 
common/ 
CLUBS 7 
CLUBS 5 
CLUBS 10 
SPADES 9 
DIAMONDS K 
/common 
2: 3333 CLUBS A SPADES J HIGH_CARD 
1: 5555 HEARTS 9 HEARTS 10 TWO_PAIR 
/showdown 

---Allocate pot---
pot-win/ 
5555: 1900 
/pot-win 
it is player 4444's turn to be button

-----2 Hand-----

----- clean player data in socket -----
seat/ 
button: 4444 1920 2000 
small blind: 8888 1920 2000 
big blind: 6666 1420 2000 
3333 1420 2000 
7777 2000 2000 
1111 2000 2000 
5555 3320 2000 
/seat 
blind/ 
8888: 20 
6666: 40 
/blind 
player 8888:hold/ 
DIAMONDS 5 
HEARTS 6 
/hold 
player 6666:hold/ 
DIAMONDS 7 
SPADES 9 
/hold 
player 3333:hold/ 
DIAMONDS 3 
DIAMONDS A 
/hold 
player 7777:hold/ 
SPADES 3 
HEARTS 7 
/hold 
player 1111:hold/ 
DIAMONDS 10 
DIAMONDS 8 
/hold 
player 5555:hold/ 
CLUBS 4 
SPADES Q 
/hold 
player 4444:hold/ 
HEARTS K 
HEARTS Q 
/hold 

---pre flop round bet---
valid player: 7, all in player: 0, fold player: 0
send inquire msg to player 3333 
inquire/ 
6666 1380 2000 40 blind 
8888 1900 2000 20 blind 
total pot: 60 
/inquire 
recv from player 3333: call
send inquire msg to player 7777 
inquire/ 
3333 1380 2000 40 call 
6666 1380 2000 40 blind 
8888 1900 2000 20 blind 
total pot: 100 
/inquire 
recv from player 7777: fold 

send inquire msg to player 1111 
inquire/ 
7777 2000 2000 0 fold 
3333 1380 2000 40 call 
6666 1380 2000 40 blind 
8888 1900 2000 20 blind 
total pot: 100 
/inquire 
recv from player 1111: call 

send inquire msg to player 5555 
inquire/ 
1111 1960 2000 40 call 
7777 2000 2000 0 fold 
3333 1380 2000 40 call 
6666 1380 2000 40 blind 
8888 1900 2000 20 blind 
total pot: 140 
/inquire 
recv from player 5555: call 
send inquire msg to player 4444 
inquire/ 
5555 3280 2000 40 call 
1111 1960 2000 40 call 
7777 2000 2000 0 fold 
3333 1380 2000 40 call 
6666 1380 2000 40 blind 
8888 1900 2000 20 blind 
total pot: 180 
/inquire 
recv from player 4444: raise 200 
send inquire msg to player 8888 
inquire/ 
4444 1680 2000 240 raise 
5555 3280 2000 40 call 
1111 1960 2000 40 call 
7777 2000 2000 0 fold 
3333 1380 2000 40 call 
6666 1380 2000 40 blind 
8888 1900 2000 20 blind 
total pot: 420 
/inquire 
recv from player 8888: fold 
send inquire msg to player 6666 
inquire/ 
8888 1900 2000 20 fold 
4444 1680 2000 240 raise 
5555 3280 2000 40 call 
1111 1960 2000 40 call 
7777 2000 2000 0 fold 
3333 1380 2000 40 call 
6666 1380 2000 40 blind 
total pot: 420 
/inquire 
recv from player 6666: fold 
send inquire msg to player 3333 
inquire/ 
6666 1380 2000 40 fold 
8888 1900 2000 20 fold 
4444 1680 2000 240 raise 
5555 3280 2000 40 call 
1111 1960 2000 40 call 
7777 2000 2000 0 fold 
3333 1380 2000 40 call 
total pot: 420 
/inquire 
recv from player 3333: fold
send notify msg to player 7777 
notify/ 
3333 1380 2000 40 fold 
6666 1380 2000 40 fold 
8888 1900 2000 20 fold 
4444 1680 2000 240 raise 
5555 3280 2000 40 call 
1111 1960 2000 40 call 
7777 2000 2000 0 fold 
total pot: 420 
/notify 
send inquire msg to player 1111 
inquire/ 
7777 2000 2000 0 fold 
3333 1380 2000 40 fold 
6666 1380 2000 40 fold 
8888 1900 2000 20 fold 
4444 1680 2000 240 raise 
5555 3280 2000 40 call 
1111 1960 2000 40 call 
total pot: 420 
/inquire 
recv from player 1111: fold 

send inquire msg to player 5555 
inquire/ 
1111 1960 2000 40 fold 
7777 2000 2000 0 fold 
3333 1380 2000 40 fold 
6666 1380 2000 40 fold 
8888 1900 2000 20 fold 
4444 1680 2000 240 raise 
5555 3280 2000 40 call 
total pot: 420 
/inquire 
recv from player 5555: fold 

---flop round bet---
valid player: 7, all in player: 0, fold player: 6

---turn round bet---
valid player: 7, all in player: 0, fold player: 6

---river round bet---
valid player: 7, all in player: 0, fold player: 6

----- notify msg last round -----
send notify msg to player 7777 
notify/ 
3333 1380 2000 40 fold 
6666 1380 2000 40 fold 
8888 1900 2000 20 fold 
4444 1680 2000 240 raise 
5555 3280 2000 40 fold 
1111 1960 2000 40 fold 
7777 2000 2000 0 fold 
total pot: 420 
/notify 
send notify msg to player 1111 
notify/ 
7777 2000 2000 0 fold 
3333 1380 2000 40 fold 
6666 1380 2000 40 fold 
8888 1900 2000 20 fold 
4444 1680 2000 240 raise 
5555 3280 2000 40 fold 
1111 1960 2000 40 fold 
total pot: 420 
/notify 

--- 1 players not fold, don't need show down---

---Allocate pot---
Only player at seat 7 not fold, win all the pot 420
pot-win/ 
4444: 420 
/pot-win 
it is player 8888's turn to be button

-----3 Hand-----

----- clean player data in socket -----
seat/ 
button: 8888 1900 2000 
small blind: 6666 1380 2000 
big blind: 3333 1380 2000 
7777 2000 2000 
1111 1960 2000 
5555 3280 2000 
4444 2100 2000 
/seat 
blind/ 
6666: 20 
3333: 40 
/blind 
player 6666:hold/ 
DIAMONDS 3 
CLUBS 9 
/hold 
player 3333:hold/ 
SPADES 6 
CLUBS 3 
/hold 
player 7777:hold/ 
SPADES 5 
HEARTS 10 
/hold 
player 1111:hold/ 
CLUBS K 
HEARTS 2 
/hold 
player 5555:hold/ 
DIAMONDS 10 
CLUBS 8 
/hold 
player 4444:hold/ 
SPADES 8 
CLUBS A 
/hold 
player 8888:hold/ 
SPADES 9 
CLUBS 6 
/hold 

---pre flop round bet---
valid player: 7, all in player: 0, fold player: 0
send inquire msg to player 7777 
inquire/ 
3333 1340 2000 40 blind 
6666 1360 2000 20 blind 
total pot: 60 
/inquire 
recv from player 7777: fold 

send inquire msg to player 1111 
inquire/ 
7777 2000 2000 0 fold 
3333 1340 2000 40 blind 
6666 1360 2000 20 blind 
total pot: 60 
/inquire 
recv from player 1111: fold 

send inquire msg to player 5555 
inquire/ 
1111 1960 2000 0 fold 
7777 2000 2000 0 fold 
3333 1340 2000 40 blind 
6666 1360 2000 20 blind 
total pot: 60 
/inquire 
recv from player 5555: call 
send inquire msg to player 4444 
inquire/ 
5555 3240 2000 40 call 
1111 1960 2000 0 fold 
7777 2000 2000 0 fold 
3333 1340 2000 40 blind 
6666 1360 2000 20 blind 
total pot: 100 
/inquire 
recv from player 4444: fold 
send inquire msg to player 8888 
inquire/ 
4444 2100 2000 0 fold 
5555 3240 2000 40 call 
1111 1960 2000 0 fold 
7777 2000 2000 0 fold 
3333 1340 2000 40 blind 
6666 1360 2000 20 blind 
total pot: 100 
/inquire 
recv from player 8888: call 
send inquire msg to player 6666 
inquire/ 
8888 1860 2000 40 call 
4444 2100 2000 0 fold 
5555 3240 2000 40 call 
1111 1960 2000 0 fold 
7777 2000 2000 0 fold 
3333 1340 2000 40 blind 
6666 1360 2000 20 blind 
total pot: 140 
/inquire 
recv from player 6666: call 
send inquire msg to player 3333 
inquire/ 
6666 1340 2000 40 call 
8888 1860 2000 40 call 
4444 2100 2000 0 fold 
5555 3240 2000 40 call 
1111 1960 2000 0 fold 
7777 2000 2000 0 fold 
3333 1340 2000 40 blind 
total pot: 160 
/inquire 
recv from player 3333: fold
flop/ 
SPADES Q 
SPADES 3 
CLUBS 10 
/flop 

---flop round bet---
valid player: 7, all in player: 0, fold player: 4
send inquire msg to player 6666 
inquire/ 
8888 1860 2000 40 call 
4444 2100 2000 0 fold 
5555 3240 2000 40 call 
1111 1960 2000 0 fold 
7777 2000 2000 0 fold 
3333 1340 2000 40 fold 
6666 1340 2000 40 call 
total pot: 160 
/inquire 
recv from player 6666: call 
send notify msg to player 7777 
notify/ 
3333 1340 2000 40 fold 
6666 1340 2000 40 check 
8888 1860 2000 40 call 
4444 2100 2000 0 fold 
5555 3240 2000 40 call 
1111 1960 2000 0 fold 
7777 2000 2000 0 fold 
total pot: 160 
/notify 
send notify msg to player 1111 
notify/ 
7777 2000 2000 0 fold 
3333 1340 2000 40 fold 
6666 1340 2000 40 check 
8888 1860 2000 40 call 
4444 2100 2000 0 fold 
5555 3240 2000 40 call 
1111 1960 2000 0 fold 
total pot: 160 
/notify 
send inquire msg to player 5555 
inquire/ 
1111 1960 2000 0 fold 
7777 2000 2000 0 fold 
3333 1340 2000 40 fold 
6666 1340 2000 40 check 
8888 1860 2000 40 call 
4444 2100 2000 0 fold 
5555 3240 2000 40 call 
total pot: 160 
/inquire 
recv from player 5555: call 
send inquire msg to player 8888 
inquire/ 
4444 2100 2000 0 fold 
5555 3240 2000 40 check 
1111 1960 2000 0 fold 
7777 2000 2000 0 fold 
3333 1340 2000 40 fold 
6666 1340 2000 40 check 
8888 1860 2000 40 call 
total pot: 160 
/inquire 
recv from player 8888: fold 
turn/ 
SPADES 7 
/turn 

---turn round bet---
valid player: 7, all in player: 0, fold player: 5
send inquire msg to player 6666 
inquire/ 
8888 1860 2000 40 fold 
4444 2100 2000 0 fold 
5555 3240 2000 40 check 
1111 1960 2000 0 fold 
7777 2000 2000 0 fold 
3333 1340 2000 40 fold 
6666 1340 2000 40 check 
total pot: 160 
/inquire 
recv from player 6666: check 
send notify msg to player 7777 
notify/ 
3333 1340 2000 40 fold 
6666 1340 2000 40 check 
8888 1860 2000 40 fold 
4444 2100 2000 0 fold 
5555 3240 2000 40 check 
1111 1960 2000 0 fold 
7777 2000 2000 0 fold 
total pot: 160 
/notify 
send notify msg to player 1111 
notify/ 
7777 2000 2000 0 fold 
3333 1340 2000 40 fold 
6666 1340 2000 40 check 
8888 1860 2000 40 fold 
4444 2100 2000 0 fold 
5555 3240 2000 40 check 
1111 1960 2000 0 fold 
total pot: 160 
/notify 
send inquire msg to player 5555 
inquire/ 
1111 1960 2000 0 fold 
7777 2000 2000 0 fold 
3333 1340 2000 40 fold 
6666 1340 2000 40 check 
8888 1860 2000 40 fold 
4444 2100 2000 0 fold 
5555 3240 2000 40 check 
total pot: 160 
/inquire 
recv from player 5555: check 
river/ 
SPADES A 
/river 

---river round bet---
valid player: 7, all in player: 0, fold player: 5
send inquire msg to player 6666 
inquire/ 
8888 1860 2000 40 fold 
4444 2100 2000 0 fold 
5555 3240 2000 40 check 
1111 1960 2000 0 fold 
7777 2000 2000 0 fold 
3333 1340 2000 40 fold 
6666 1340 2000 40 check 
total pot: 160 
/inquire 
recv from player 6666: check 
send notify msg to player 7777 
notify/ 
3333 1340 2000 40 fold 
6666 1340 2000 40 check 
8888 1860 2000 40 fold 
4444 2100 2000 0 fold 
5555 3240 2000 40 check 
1111 1960 2000 0 fold 
7777 2000 2000 0 fold 
total pot: 160 
/notify 
send notify msg to player 1111 
notify/ 
7777 2000 2000 0 fold 
3333 1340 2000 40 fold 
6666 1340 2000 40 check 
8888 1860 2000 40 fold 
4444 2100 2000 0 fold 
5555 3240 2000 40 check 
1111 1960 2000 0 fold 
total pot: 160 
/notify 
send inquire msg to player 5555 
inquire/ 
1111 1960 2000 0 fold 
7777 2000 2000 0 fold 
3333 1340 2000 40 fold 
6666 1340 2000 40 check 
8888 1860 2000 40 fold 
4444 2100 2000 0 fold 
5555 3240 2000 40 check 
total pot: 160 
/inquire 
recv from player 5555: check 

----- notify msg last round -----
send notify msg to player 7777 
notify/ 
3333 1340 2000 40 fold 
6666 1340 2000 40 check 
8888 1860 2000 40 fold 
4444 2100 2000 0 fold 
5555 3240 2000 40 check 
1111 1960 2000 0 fold 
7777 2000 2000 0 fold 
total pot: 160 
/notify 
send notify msg to player 1111 
notify/ 
7777 2000 2000 0 fold 
3333 1340 2000 40 fold 
6666 1340 2000 40 check 
8888 1860 2000 40 fold 
4444 2100 2000 0 fold 
5555 3240 2000 40 check 
1111 1960 2000 0 fold 
total pot: 160 
/notify 

---show down---
showdown/ 
common/ 
SPADES Q 
SPADES 3 
CLUBS 10 
SPADES 7 
SPADES A 
/common 
2: 6666 DIAMONDS 3 CLUBS 9 ONE_PAIR 
1: 5555 DIAMONDS 10 CLUBS 8 ONE_PAIR 
/showdown 

---Allocate pot---
pot-win/ 
5555: 160 
/pot-win 
it is player 6666's turn to be button

-----4 Hand-----

----- clean player data in socket -----
seat/ 
button: 6666 1340 2000 
small blind: 3333 1340 2000 
big blind: 7777 2000 2000 
1111 1960 2000 
5555 3400 2000 
4444 2100 2000 
8888 1860 2000 
/seat 
blind/ 
3333: 20 
7777: 40 
/blind 
player 3333:hold/ 
HEARTS 7 
CLUBS A 
/hold 
player 7777:hold/ 
CLUBS 4 
SPADES 7 
/hold 
player 1111:hold/ 
DIAMONDS K 
SPADES 9 
/hold 
player 5555:hold/ 
DIAMONDS A 
DIAMONDS 7 
/hold 
player 4444:hold/ 
CLUBS 5 
CLUBS J 
/hold 
player 8888:hold/ 
HEARTS 8 
SPADES 3 
/hold 
player 6666:hold/ 
SPADES 8 
CLUBS 6 
/hold 

---pre flop round bet---
valid player: 7, all in player: 0, fold player: 0
send inquire msg to player 1111 
inquire/ 
7777 1960 2000 40 blind 
3333 1320 2000 20 blind 
total pot: 60 
/inquire 
recv from player 1111: fold 

send inquire msg to player 5555 
inquire/ 
1111 1960 2000 0 fold 
7777 1960 2000 40 blind 
3333 1320 2000 20 blind 
total pot: 60 
/inquire 
recv from player 5555: call 
send inquire msg to player 4444 
inquire/ 
5555 3360 2000 40 call 
1111 1960 2000 0 fold 
7777 1960 2000 40 blind 
3333 1320 2000 20 blind 
total pot: 100 
/inquire 
recv from player 4444: fold 
send inquire msg to player 8888 
inquire/ 
4444 2100 2000 0 fold 
5555 3360 2000 40 call 
1111 1960 2000 0 fold 
7777 1960 2000 40 blind 
3333 1320 2000 20 blind 
total pot: 100 
/inquire 
recv from player 8888: call 
send inquire msg to player 6666 
inquire/ 
8888 1820 2000 40 call 
4444 2100 2000 0 fold 
5555 3360 2000 40 call 
1111 1960 2000 0 fold 
7777 1960 2000 40 blind 
3333 1320 2000 20 blind 
total pot: 140 
/inquire 
recv from player 6666: call 
send inquire msg to player 3333 
inquire/ 
6666 1300 2000 40 call 
8888 1820 2000 40 call 
4444 2100 2000 0 fold 
5555 3360 2000 40 call 
1111 1960 2000 0 fold 
7777 1960 2000 40 blind 
3333 1320 2000 20 blind 
total pot: 180 
/inquire 
recv from player 3333: call
send inquire msg to player 7777 
inquire/ 
3333 1300 2000 40 call 
6666 1300 2000 40 call 
8888 1820 2000 40 call 
4444 2100 2000 0 fold 
5555 3360 2000 40 call 
1111 1960 2000 0 fold 
7777 1960 2000 40 blind 
total pot: 200 
/inquire 
recv from player 7777: check 

flop/ 
HEARTS 6 
HEARTS 2 
CLUBS K 
/flop 

---flop round bet---
valid player: 7, all in player: 0, fold player: 2
send inquire msg to player 3333 
inquire/ 
6666 1300 2000 40 call 
8888 1820 2000 40 call 
4444 2100 2000 0 fold 
5555 3360 2000 40 call 
1111 1960 2000 0 fold 
7777 1960 2000 40 check 
3333 1300 2000 40 call 
total pot: 200 
/inquire 
recv from player 3333: fold
send inquire msg to player 7777 
inquire/ 
3333 1300 2000 40 fold 
6666 1300 2000 40 call 
8888 1820 2000 40 call 
4444 2100 2000 0 fold 
5555 3360 2000 40 call 
1111 1960 2000 0 fold 
7777 1960 2000 40 check 
total pot: 200 
/inquire 
recv from player 7777: call 

send notify msg to player 1111 
notify/ 
7777 1960 2000 40 check 
3333 1300 2000 40 fold 
6666 1300 2000 40 call 
8888 1820 2000 40 call 
4444 2100 2000 0 fold 
5555 3360 2000 40 call 
1111 1960 2000 0 fold 
total pot: 200 
/notify 
send inquire msg to player 5555 
inquire/ 
1111 1960 2000 0 fold 
7777 1960 2000 40 check 
3333 1300 2000 40 fold 
6666 1300 2000 40 call 
8888 1820 2000 40 call 
4444 2100 2000 0 fold 
5555 3360 2000 40 call 
total pot: 200 
/inquire 
recv from player 5555: call 
send inquire msg to player 8888 
inquire/ 
4444 2100 2000 0 fold 
5555 3360 2000 40 check 
1111 1960 2000 0 fold 
7777 1960 2000 40 check 
3333 1300 2000 40 fold 
6666 1300 2000 40 call 
8888 1820 2000 40 call 
total pot: 200 
/inquire 
recv from player 8888: fold 
send inquire msg to player 6666 
inquire/ 
8888 1820 2000 40 fold 
4444 2100 2000 0 fold 
5555 3360 2000 40 check 
1111 1960 2000 0 fold 
7777 1960 2000 40 check 
3333 1300 2000 40 fold 
6666 1300 2000 40 call 
total pot: 200 
/inquire 
recv from player 6666: call 
turn/ 
SPADES J 
/turn 

---turn round bet---
valid player: 7, all in player: 0, fold player: 4
send inquire msg to player 7777 
inquire/ 
3333 1300 2000 40 fold 
6666 1300 2000 40 check 
8888 1820 2000 40 fold 
4444 2100 2000 0 fold 
5555 3360 2000 40 check 
1111 1960 2000 0 fold 
7777 1960 2000 40 check 
total pot: 200 
/inquire 
recv from player 7777: call 

send notify msg to player 1111 
notify/ 
7777 1960 2000 40 check 
3333 1300 2000 40 fold 
6666 1300 2000 40 check 
8888 1820 2000 40 fold 
4444 2100 2000 0 fold 
5555 3360 2000 40 check 
1111 1960 2000 0 fold 
total pot: 200 
/notify 
send inquire msg to player 5555 
inquire/ 
1111 1960 2000 0 fold 
7777 1960 2000 40 check 
3333 1300 2000 40 fold 
6666 1300 2000 40 check 
8888 1820 2000 40 fold 
4444 2100 2000 0 fold 
5555 3360 2000 40 check 
total pot: 200 
/inquire 
recv from player 5555: check 
send inquire msg to player 6666 
inquire/ 
8888 1820 2000 40 fold 
4444 2100 2000 0 fold 
5555 3360 2000 40 check 
1111 1960 2000 0 fold 
7777 1960 2000 40 check 
3333 1300 2000 40 fold 
6666 1300 2000 40 check 
total pot: 200 
/inquire 
recv from player 6666: check 
river/ 
CLUBS 3 
/river 

---river round bet---
valid player: 7, all in player: 0, fold player: 4
send inquire msg to player 7777 
inquire/ 
3333 1300 2000 40 fold 
6666 1300 2000 40 check 
8888 1820 2000 40 fold 
4444 2100 2000 0 fold 
5555 3360 2000 40 check 
1111 1960 2000 0 fold 
7777 1960 2000 40 check 
total pot: 200 
/inquire 
recv from player 7777: call 

send notify msg to player 1111 
notify/ 
7777 1960 2000 40 check 
3333 1300 2000 40 fold 
6666 1300 2000 40 check 
8888 1820 2000 40 fold 
4444 2100 2000 0 fold 
5555 3360 2000 40 check 
1111 1960 2000 0 fold 
total pot: 200 
/notify 
send inquire msg to player 5555 
inquire/ 
1111 1960 2000 0 fold 
7777 1960 2000 40 check 
3333 1300 2000 40 fold 
6666 1300 2000 40 check 
8888 1820 2000 40 fold 
4444 2100 2000 0 fold 
5555 3360 2000 40 check 
total pot: 200 
/inquire 
recv from player 5555: check 
send inquire msg to player 6666 
inquire/ 
8888 1820 2000 40 fold 
4444 2100 2000 0 fold 
5555 3360 2000 40 check 
1111 1960 2000 0 fold 
7777 1960 2000 40 check 
3333 1300 2000 40 fold 
6666 1300 2000 40 check 
total pot: 200 
/inquire 
recv from player 6666: check 

----- notify msg last round -----
send notify msg to player 7777 
notify/ 
3333 1300 2000 40 fold 
6666 1300 2000 40 check 
8888 1820 2000 40 fold 
4444 2100 2000 0 fold 
5555 3360 2000 40 check 
1111 1960 2000 0 fold 
7777 1960 2000 40 check 
total pot: 200 
/notify 
send notify msg to player 1111 
notify/ 
7777 1960 2000 40 check 
3333 1300 2000 40 fold 
6666 1300 2000 40 check 
8888 1820 2000 40 fold 
4444 2100 2000 0 fold 
5555 3360 2000 40 check 
1111 1960 2000 0 fold 
total pot: 200 
/notify 

---show down---
showdown/ 
common/ 
HEARTS 6 
HEARTS 2 
CLUBS K 
SPADES J 
CLUBS 3 
/common 
3: 7777 CLUBS 4 SPADES 7 HIGH_CARD 
2: 5555 DIAMONDS A DIAMONDS 7 HIGH_CARD 
1: 6666 SPADES 8 CLUBS 6 ONE_PAIR 
/showdown 

---Allocate pot---
pot-win/ 
6666: 200 
/pot-win 
it is player 3333's turn to be button

-----5 Hand-----

----- clean player data in socket -----
seat/ 
button: 3333 1300 2000 
small blind: 7777 1960 2000 
big blind: 1111 1960 2000 
5555 3360 2000 
4444 2100 2000 
8888 1820 2000 
6666 1500 2000 
/seat 
blind/ 
7777: 20 
1111: 40 
/blind 
player 7777:hold/ 
HEARTS Q 
DIAMONDS 10 
/hold 
player 1111:hold/ 
HEARTS 3 
DIAMONDS 2 
/hold 
player 5555:hold/ 
HEARTS 9 
SPADES 9 
/hold 
player 4444:hold/ 
SPADES 8 
HEARTS 5 
/hold 
player 8888:hold/ 
DIAMONDS 9 
CLUBS A 
/hold 
player 6666:hold/ 
SPADES J 
CLUBS 2 
/hold 
player 3333:hold/ 
DIAMONDS Q 
CLUBS 3 
/hold 

---pre flop round bet---
valid player: 7, all in player: 0, fold player: 0
send inquire msg to player 5555 
inquire/ 
1111 1920 2000 40 blind 
7777 1940 2000 20 blind 
total pot: 60 
/inquire 
recv from player 5555: call 
send inquire msg to player 4444 
inquire/ 
5555 3320 2000 40 call 
1111 1920 2000 40 blind 
7777 1940 2000 20 blind 
total pot: 100 
/inquire 
recv from player 4444: fold 
send inquire msg to player 8888 
inquire/ 
4444 2100 2000 0 fold 
5555 3320 2000 40 call 
1111 1920 2000 40 blind 
7777 1940 2000 20 blind 
total pot: 100 
/inquire 
recv from player 8888: call 
send inquire msg to player 6666 
inquire/ 
8888 1780 2000 40 call 
4444 2100 2000 0 fold 
5555 3320 2000 40 call 
1111 1920 2000 40 blind 
7777 1940 2000 20 blind 
total pot: 140 
/inquire 
recv from player 6666: call 
send inquire msg to player 3333 
inquire/ 
6666 1460 2000 40 call 
8888 1780 2000 40 call 
4444 2100 2000 0 fold 
5555 3320 2000 40 call 
1111 1920 2000 40 blind 
7777 1940 2000 20 blind 
total pot: 180 
/inquire 
recv from player 3333: fold
send inquire msg to player 7777 
inquire/ 
3333 1300 2000 0 fold 
6666 1460 2000 40 call 
8888 1780 2000 40 call 
4444 2100 2000 0 fold 
5555 3320 2000 40 call 
1111 1920 2000 40 blind 
7777 1940 2000 20 blind 
total pot: 180 
/inquire 
recv from player 7777: fold 

send inquire msg to player 1111 
inquire/ 
7777 1940 2000 20 fold 
3333 1300 2000 0 fold 
6666 1460 2000 40 call 
8888 1780 2000 40 call 
4444 2100 2000 0 fold 
5555 3320 2000 40 call 
1111 1920 2000 40 blind 
total pot: 180 
/inquire 
recv from player 1111: check 

flop/ 
CLUBS 7 
DIAMONDS 8 
DIAMONDS K 
/flop 

---flop round bet---
valid player: 7, all in player: 0, fold player: 3
send notify msg to player 7777 
notify/ 
3333 1300 2000 0 fold 
6666 1460 2000 40 call 
8888 1780 2000 40 call 
4444 2100 2000 0 fold 
5555 3320 2000 40 call 
1111 1920 2000 40 check 
7777 1940 2000 20 fold 
total pot: 180 
/notify 
send inquire msg to player 1111 
inquire/ 
7777 1940 2000 20 fold 
3333 1300 2000 0 fold 
6666 1460 2000 40 call 
8888 1780 2000 40 call 
4444 2100 2000 0 fold 
5555 3320 2000 40 call 
1111 1920 2000 40 check 
total pot: 180 
/inquire 
recv from player 1111: check 

send inquire msg to player 5555 
inquire/ 
1111 1920 2000 40 check 
7777 1940 2000 20 fold 
3333 1300 2000 0 fold 
6666 1460 2000 40 call 
8888 1780 2000 40 call 
4444 2100 2000 0 fold 
5555 3320 2000 40 call 
total pot: 180 
/inquire 
recv from player 5555: call 
send inquire msg to player 8888 
inquire/ 
4444 2100 2000 0 fold 
5555 3320 2000 40 check 
1111 1920 2000 40 check 
7777 1940 2000 20 fold 
3333 1300 2000 0 fold 
6666 1460 2000 40 call 
8888 1780 2000 40 call 
total pot: 180 
/inquire 
recv from player 8888: call 
send inquire msg to player 6666 
inquire/ 
8888 1780 2000 40 check 
4444 2100 2000 0 fold 
5555 3320 2000 40 check 
1111 1920 2000 40 check 
7777 1940 2000 20 fold 
3333 1300 2000 0 fold 
6666 1460 2000 40 call 
total pot: 180 
/inquire 
recv from player 6666: fold 
turn/ 
SPADES K 
/turn 

---turn round bet---
valid player: 7, all in player: 0, fold player: 4
send notify msg to player 7777 
notify/ 
3333 1300 2000 0 fold 
6666 1460 2000 40 fold 
8888 1780 2000 40 check 
4444 2100 2000 0 fold 
5555 3320 2000 40 check 
1111 1920 2000 40 check 
7777 1940 2000 20 fold 
total pot: 180 
/notify 
send inquire msg to player 1111 
inquire/ 
7777 1940 2000 20 fold 
3333 1300 2000 0 fold 
6666 1460 2000 40 fold 
8888 1780 2000 40 check 
4444 2100 2000 0 fold 
5555 3320 2000 40 check 
1111 1920 2000 40 check 
total pot: 180 
/inquire 
recv from player 1111: check 

send inquire msg to player 5555 
inquire/ 
1111 1920 2000 40 check 
7777 1940 2000 20 fold 
3333 1300 2000 0 fold 
6666 1460 2000 40 fold 
8888 1780 2000 40 check 
4444 2100 2000 0 fold 
5555 3320 2000 40 check 
total pot: 180 
/inquire 
recv from player 5555: raise 500 
send inquire msg to player 8888 
inquire/ 
4444 2100 2000 0 fold 
5555 2820 2000 540 raise 
1111 1920 2000 40 check 
7777 1940 2000 20 fold 
3333 1300 2000 0 fold 
6666 1460 2000 40 fold 
8888 1780 2000 40 check 
total pot: 680 
/inquire 
recv from player 8888: call 
send notify msg to player 7777 
notify/ 
3333 1300 2000 0 fold 
6666 1460 2000 40 fold 
8888 1280 2000 540 call 
4444 2100 2000 0 fold 
5555 2820 2000 540 raise 
1111 1920 2000 40 check 
7777 1940 2000 20 fold 
total pot: 1180 
/notify 
send inquire msg to player 1111 
inquire/ 
7777 1940 2000 20 fold 
3333 1300 2000 0 fold 
6666 1460 2000 40 fold 
8888 1280 2000 540 call 
4444 2100 2000 0 fold 
5555 2820 2000 540 raise 
1111 1920 2000 40 check 
total pot: 1180 
/inquire 
recv from player 1111: fold 

river/ 
SPADES 7 
/river 

---river round bet---
valid player: 7, all in player: 0, fold player: 5
send notify msg to player 7777 
notify/ 
3333 1300 2000 0 fold 
6666 1460 2000 40 fold 
8888 1280 2000 540 call 
4444 2100 2000 0 fold 
5555 2820 2000 540 raise 
1111 1920 2000 40 fold 
7777 1940 2000 20 fold 
total pot: 1180 
/notify 
send notify msg to player 1111 
notify/ 
7777 1940 2000 20 fold 
3333 1300 2000 0 fold 
6666 1460 2000 40 fold 
8888 1280 2000 540 call 
4444 2100 2000 0 fold 
5555 2820 2000 540 raise 
1111 1920 2000 40 fold 
total pot: 1180 
/notify 
send inquire msg to player 5555 
inquire/ 
1111 1920 2000 40 fold 
7777 1940 2000 20 fold 
3333 1300 2000 0 fold 
6666 1460 2000 40 fold 
8888 1280 2000 540 call 
4444 2100 2000 0 fold 
5555 2820 2000 540 raise 
total pot: 1180 
/inquire 
recv from player 5555: call 
send inquire msg to player 8888 
inquire/ 
4444 2100 2000 0 fold 
5555 2820 2000 540 check 
1111 1920 2000 40 fold 
7777 1940 2000 20 fold 
3333 1300 2000 0 fold 
6666 1460 2000 40 fold 
8888 1280 2000 540 call 
total pot: 1180 
/inquire 
recv from player 8888: fold 

----- notify msg last round -----
send notify msg to player 7777 
notify/ 
3333 1300 2000 0 fold 
6666 1460 2000 40 fold 
8888 1280 2000 540 fold 
4444 2100 2000 0 fold 
5555 2820 2000 540 check 
1111 1920 2000 40 fold 
7777 1940 2000 20 fold 
total pot: 1180 
/notify 
send notify msg to player 1111 
notify/ 
7777 1940 2000 20 fold 
3333 1300 2000 0 fold 
6666 1460 2000 40 fold 
8888 1280 2000 540 fold 
4444 2100 2000 0 fold 
5555 2820 2000 540 check 
1111 1920 2000 40 fold 
total pot: 1180 
/notify 

--- 1 players not fold, don't need show down---

---Allocate pot---
Only player at seat 2 not fold, win all the pot 1180
pot-win/ 
5555: 1180 
/pot-win 
it is player 7777's turn to be button

-----6 Hand-----

----- clean player data in socket -----
seat/ 
button: 7777 1940 2000 
small blind: 1111 1920 2000 
big blind: 5555 4000 2000 
4444 2100 2000 
8888 1280 2000 
6666 1460 2000 
3333 1300 2000 
/seat 
blind/ 
1111: 20 
5555: 40 
/blind 
player 1111:hold/ 
DIAMONDS Q 
CLUBS A 
/hold 
player 5555:hold/ 
SPADES 8 
DIAMONDS 2 
/hold 
player 4444:hold/ 
HEARTS 10 
DIAMONDS A 
/hold 
player 8888:hold/ 
HEARTS Q 
HEARTS 5 
/hold 
player 6666:hold/ 
HEARTS 2 
CLUBS 8 
/hold 
player 3333:hold/ 
DIAMONDS 6 
SPADES J 
/hold 
player 7777:hold/ 
DIAMONDS 4 
CLUBS 5 
/hold 

---pre flop round bet---
valid player: 7, all in player: 0, fold player: 0
send inquire msg to player 4444 
inquire/ 
5555 3960 2000 40 blind 
1111 1900 2000 20 blind 
total pot: 60 
/inquire 
recv from player 4444: call 
send inquire msg to player 8888 
inquire/ 
4444 2060 2000 40 call 
5555 3960 2000 40 blind 
1111 1900 2000 20 blind 
total pot: 100 
/inquire 
recv from player 8888: call 
send inquire msg to player 6666 
inquire/ 
8888 1240 2000 40 call 
4444 2060 2000 40 call 
5555 3960 2000 40 blind 
1111 1900 2000 20 blind 
total pot: 140 
/inquire 
recv from player 6666: call 
send inquire msg to player 3333 
inquire/ 
6666 1420 2000 40 call 
8888 1240 2000 40 call 
4444 2060 2000 40 call 
5555 3960 2000 40 blind 
1111 1900 2000 20 blind 
total pot: 180 
/inquire 
recv from player 3333: fold
send inquire msg to player 7777 
inquire/ 
3333 1300 2000 0 fold 
6666 1420 2000 40 call 
8888 1240 2000 40 call 
4444 2060 2000 40 call 
5555 3960 2000 40 blind 
1111 1900 2000 20 blind 
total pot: 180 
/inquire 
recv from player 7777: fold 

send inquire msg to player 1111 
inquire/ 
7777 1940 2000 0 fold 
3333 1300 2000 0 fold 
6666 1420 2000 40 call 
8888 1240 2000 40 call 
4444 2060 2000 40 call 
5555 3960 2000 40 blind 
1111 1900 2000 20 blind 
total pot: 180 
/inquire 
recv from player 1111: call 

send inquire msg to player 5555 
inquire/ 
1111 1880 2000 40 call 
7777 1940 2000 0 fold 
3333 1300 2000 0 fold 
6666 1420 2000 40 call 
8888 1240 2000 40 call 
4444 2060 2000 40 call 
5555 3960 2000 40 blind 
total pot: 200 
/inquire 
recv from player 5555: call 
flop/ 
CLUBS 4 
CLUBS 3 
SPADES 6 
/flop 

---flop round bet---
valid player: 7, all in player: 0, fold player: 2
send inquire msg to player 1111 
inquire/ 
7777 1940 2000 0 fold 
3333 1300 2000 0 fold 
6666 1420 2000 40 call 
8888 1240 2000 40 call 
4444 2060 2000 40 call 
5555 3960 2000 40 check 
1111 1880 2000 40 call 
total pot: 200 
/inquire 
recv from player 1111: check 

send inquire msg to player 5555 
inquire/ 
1111 1880 2000 40 check 
7777 1940 2000 0 fold 
3333 1300 2000 0 fold 
6666 1420 2000 40 call 
8888 1240 2000 40 call 
4444 2060 2000 40 call 
5555 3960 2000 40 check 
total pot: 200 
/inquire 
recv from player 5555: check 
send inquire msg to player 4444 
inquire/ 
5555 3960 2000 40 check 
1111 1880 2000 40 check 
7777 1940 2000 0 fold 
3333 1300 2000 0 fold 
6666 1420 2000 40 call 
8888 1240 2000 40 call 
4444 2060 2000 40 call 
total pot: 200 
/inquire 
recv from player 4444: call 
send inquire msg to player 8888 
inquire/ 
4444 2060 2000 40 check 
5555 3960 2000 40 check 
1111 1880 2000 40 check 
7777 1940 2000 0 fold 
3333 1300 2000 0 fold 
6666 1420 2000 40 call 
8888 1240 2000 40 call 
total pot: 200 
/inquire 
recv from player 8888: call 
send inquire msg to player 6666 
inquire/ 
8888 1240 2000 40 check 
4444 2060 2000 40 check 
5555 3960 2000 40 check 
1111 1880 2000 40 check 
7777 1940 2000 0 fold 
3333 1300 2000 0 fold 
6666 1420 2000 40 call 
total pot: 200 
/inquire 
recv from player 6666: fold 
turn/ 
SPADES 4 
/turn 

---turn round bet---
valid player: 7, all in player: 0, fold player: 3
send inquire msg to player 1111 
inquire/ 
7777 1940 2000 0 fold 
3333 1300 2000 0 fold 
6666 1420 2000 40 fold 
8888 1240 2000 40 check 
4444 2060 2000 40 check 
5555 3960 2000 40 check 
1111 1880 2000 40 check 
total pot: 200 
/inquire 
recv from player 1111: check 

send inquire msg to player 5555 
inquire/ 
1111 1880 2000 40 check 
7777 1940 2000 0 fold 
3333 1300 2000 0 fold 
6666 1420 2000 40 fold 
8888 1240 2000 40 check 
4444 2060 2000 40 check 
5555 3960 2000 40 check 
total pot: 200 
/inquire 
recv from player 5555: check 
send inquire msg to player 4444 
inquire/ 
5555 3960 2000 40 check 
1111 1880 2000 40 check 
7777 1940 2000 0 fold 
3333 1300 2000 0 fold 
6666 1420 2000 40 fold 
8888 1240 2000 40 check 
4444 2060 2000 40 check 
total pot: 200 
/inquire 
recv from player 4444: check 
send inquire msg to player 8888 
inquire/ 
4444 2060 2000 40 check 
5555 3960 2000 40 check 
1111 1880 2000 40 check 
7777 1940 2000 0 fold 
3333 1300 2000 0 fold 
6666 1420 2000 40 fold 
8888 1240 2000 40 check 
total pot: 200 
/inquire 
recv from player 8888: check 
river/ 
CLUBS 2 
/river 

---river round bet---
valid player: 7, all in player: 0, fold player: 3
send inquire msg to player 1111 
inquire/ 
7777 1940 2000 0 fold 
3333 1300 2000 0 fold 
6666 1420 2000 40 fold 
8888 1240 2000 40 check 
4444 2060 2000 40 check 
5555 3960 2000 40 check 
1111 1880 2000 40 check 
total pot: 200 
/inquire 
recv from player 1111: check 

send inquire msg to player 5555 
inquire/ 
1111 1880 2000 40 check 
7777 1940 2000 0 fold 
3333 1300 2000 0 fold 
6666 1420 2000 40 fold 
8888 1240 2000 40 check 
4444 2060 2000 40 check 
5555 3960 2000 40 check 
total pot: 200 
/inquire 
recv from player 5555: check 
send inquire msg to player 4444 
inquire/ 
5555 3960 2000 40 check 
1111 1880 2000 40 check 
7777 1940 2000 0 fold 
3333 1300 2000 0 fold 
6666 1420 2000 40 fold 
8888 1240 2000 40 check 
4444 2060 2000 40 check 
total pot: 200 
/inquire 
recv from player 4444: check 
send inquire msg to player 8888 
inquire/ 
4444 2060 2000 40 check 
5555 3960 2000 40 check 
1111 1880 2000 40 check 
7777 1940 2000 0 fold 
3333 1300 2000 0 fold 
6666 1420 2000 40 fold 
8888 1240 2000 40 check 
total pot: 200 
/inquire 
recv from player 8888: raise 1000 
send notify msg to player 7777 
notify/ 
3333 1300 2000 0 fold 
6666 1420 2000 40 fold 
8888 240 2000 1040 raise 
4444 2060 2000 40 check 
5555 3960 2000 40 check 
1111 1880 2000 40 check 
7777 1940 2000 0 fold 
total pot: 1200 
/notify 
send inquire msg to player 1111 
inquire/ 
7777 1940 2000 0 fold 
3333 1300 2000 0 fold 
6666 1420 2000 40 fold 
8888 240 2000 1040 raise 
4444 2060 2000 40 check 
5555 3960 2000 40 check 
1111 1880 2000 40 check 
total pot: 1200 
/inquire 
recv from player 1111: fold 

send inquire msg to player 5555 
inquire/ 
1111 1880 2000 40 fold 
7777 1940 2000 0 fold 
3333 1300 2000 0 fold 
6666 1420 2000 40 fold 
8888 240 2000 1040 raise 
4444 2060 2000 40 check 
5555 3960 2000 40 check 
