

===VERSION 1.31===
---GAME START @ 2015-6-19-21-22-47---

wait registration for 30 seconds
reg: 1111 yifeichongtian 
reg: 3333 JunLinTianXia 
reg: 8888 thisAmateur need_notify 
reg: 2222 HJ  need_notify  
reg: 5555 DSNJU 
reg: 4444 DSNJU 
reg: 7777 CQchappie need_notify 
reg: 6666 CQchappie need_notify 
close registration

-----1 Hand-----

----- clean player data in socket -----
seat/ 
button: 2222 2000 2000 
small blind: 4444 2000 2000 
big blind: 8888 2000 2000 
3333 2000 2000 
1111 2000 2000 
5555 2000 2000 
7777 2000 2000 
6666 2000 2000 
/seat 
blind/ 
4444: 20 
8888: 40 
/blind 
player 4444:hold/ 
HEARTS 3 
HEARTS 4 
/hold 
player 8888:hold/ 
DIAMONDS 7 
CLUBS Q 
/hold 
player 3333:hold/ 
HEARTS 10 
HEARTS 2 
/hold 
player 1111:hold/ 
HEARTS 7 
SPADES K 
/hold 
player 5555:hold/ 
CLUBS 9 
SPADES 7 
/hold 
player 7777:hold/ 
DIAMONDS 10 
CLUBS A 
/hold 
player 6666:hold/ 
DIAMONDS J 
DIAMONDS 5 
/hold 
player 2222:hold/ 
HEARTS A 
HEARTS 6 
/hold 

---pre flop round bet---
valid player: 8, all in player: 0, fold player: 0

send inquire msg to player 3333(seat:2) 
inquire/ 
8888 1960 2000 40 blind 
4444 1980 2000 20 blind 
total pot: 60 
/inquire 
recv from player 3333: fold 


send inquire msg to player 1111(seat:3) 
inquire/ 
3333 2000 2000 0 fold 
8888 1960 2000 40 blind 
4444 1980 2000 20 blind 
total pot: 60 
/inquire 
recv from player 1111: fold 


send inquire msg to player 5555(seat:4) 
inquire/ 
1111 2000 2000 0 fold 
3333 2000 2000 0 fold 
8888 1960 2000 40 blind 
4444 1980 2000 20 blind 
total pot: 60 
/inquire 
recv from player 5555: fold


send inquire msg to player 7777(seat:5) 
inquire/ 
5555 2000 2000 0 fold 
1111 2000 2000 0 fold 
3333 2000 2000 0 fold 
8888 1960 2000 40 blind 
4444 1980 2000 20 blind 
total pot: 60 
/inquire 
recv from player 7777: raise 40 


send inquire msg to player 6666(seat:6) 
inquire/ 
7777 1920 2000 80 raise 
5555 2000 2000 0 fold 
1111 2000 2000 0 fold 
3333 2000 2000 0 fold 
8888 1960 2000 40 blind 
4444 1980 2000 20 blind 
total pot: 140 
/inquire 
recv from player 6666: fold 


send inquire msg to player 2222(seat:7) 
inquire/ 
6666 2000 2000 0 fold 
7777 1920 2000 80 raise 
5555 2000 2000 0 fold 
1111 2000 2000 0 fold 
3333 2000 2000 0 fold 
8888 1960 2000 40 blind 
4444 1980 2000 20 blind 
total pot: 140 
/inquire 
recv from player 2222: call 

send inquire msg to player 4444(seat:0) 
inquire/ 
2222 1920 2000 80 call 
6666 2000 2000 0 fold 
7777 1920 2000 80 raise 
5555 2000 2000 0 fold 
1111 2000 2000 0 fold 
3333 2000 2000 0 fold 
8888 1960 2000 40 blind 
4444 1980 2000 20 blind 
total pot: 220 
/inquire 
recv from player 4444: fold


send inquire msg to player 8888(seat:1) 
inquire/ 
4444 1980 2000 20 fold 
2222 1920 2000 80 call 
6666 2000 2000 0 fold 
7777 1920 2000 80 raise 
5555 2000 2000 0 fold 
1111 2000 2000 0 fold 
3333 2000 2000 0 fold 
8888 1960 2000 40 blind 
total pot: 220 
/inquire 
recv from player 8888: raise 401 


player 3333(seat:2) doesn't need notify-msg

player 1111(seat:3) doesn't need notify-msg

player 5555(seat:4) doesn't need notify-msg

send inquire msg to player 7777(seat:5) 
inquire/ 
5555 2000 2000 0 fold 
1111 2000 2000 0 fold 
3333 2000 2000 0 fold 
8888 1519 2000 481 raise 
4444 1980 2000 20 fold 
2222 1920 2000 80 call 
6666 2000 2000 0 fold 
7777 1920 2000 80 raise 
total pot: 661 
/inquire 
recv from player 7777: raise 40 


send notify msg to player 6666(seat:6) 
notify/ 
7777 1118 2000 882 raise 
5555 2000 2000 0 fold 
1111 2000 2000 0 fold 
3333 2000 2000 0 fold 
8888 1519 2000 481 raise 
4444 1980 2000 20 fold 
2222 1920 2000 80 call 
6666 2000 2000 0 fold 
total pot: 1463 
/notify 

send inquire msg to player 2222(seat:7) 
inquire/ 
6666 2000 2000 0 fold 
7777 1118 2000 882 raise 
5555 2000 2000 0 fold 
1111 2000 2000 0 fold 
3333 2000 2000 0 fold 
8888 1519 2000 481 raise 
4444 1980 2000 20 fold 
2222 1920 2000 80 call 
total pot: 1463 
/inquire 
recv from player 2222: fold 

player 4444(seat:0) doesn't need notify-msg

send inquire msg to player 8888(seat:1) 
inquire/ 
4444 1980 2000 20 fold 
2222 1920 2000 80 fold 
6666 2000 2000 0 fold 
7777 1118 2000 882 raise 
5555 2000 2000 0 fold 
1111 2000 2000 0 fold 
3333 2000 2000 0 fold 
8888 1519 2000 481 raise 
total pot: 1463 
/inquire 
recv from player 8888: fold 

valid player: 8, all in player: 0, fold player: 7

----- send notify msg from 2 to 1(exclude) -----

player 3333(seat:2) doesn't need notify-msg

player 1111(seat:3) doesn't need notify-msg

player 5555(seat:4) doesn't need notify-msg

send notify msg to player 7777(seat:5) 
notify/ 
5555 2000 2000 0 fold 
1111 2000 2000 0 fold 
3333 2000 2000 0 fold 
8888 1519 2000 481 fold 
4444 1980 2000 20 fold 
2222 1920 2000 80 fold 
6666 2000 2000 0 fold 
7777 1118 2000 882 raise 
total pot: 1463 
/notify 

send notify msg to player 6666(seat:6) 
notify/ 
7777 1118 2000 882 raise 
5555 2000 2000 0 fold 
1111 2000 2000 0 fold 
3333 2000 2000 0 fold 
8888 1519 2000 481 fold 
4444 1980 2000 20 fold 
2222 1920 2000 80 fold 
6666 2000 2000 0 fold 
total pot: 1463 
/notify 

send notify msg to player 2222(seat:7) 
notify/ 
6666 2000 2000 0 fold 
7777 1118 2000 882 raise 
5555 2000 2000 0 fold 
1111 2000 2000 0 fold 
3333 2000 2000 0 fold 
8888 1519 2000 481 fold 
4444 1980 2000 20 fold 
2222 1920 2000 80 fold 
total pot: 1463 
/notify 

player 4444(seat:0) doesn't need notify-msg

---flop round bet---
valid player: 8, all in player: 0, fold player: 7

---turn round bet---
valid player: 8, all in player: 0, fold player: 7

---river round bet---
valid player: 8, all in player: 0, fold player: 7

--- 1 players not fold, don't need show down---

---Allocate pot---
Only player at seat 5 not fold, win all the pot 1463
pot-win/ 
7777: 1463 
/pot-win 
it is player 4444's turn to be button

-----2 Hand-----

----- clean player data in socket -----
seat/ 
button: 4444 1980 2000 
small blind: 8888 1519 2000 
big blind: 3333 2000 2000 
1111 2000 2000 
5555 2000 2000 
7777 2581 2000 
6666 2000 2000 
2222 1920 2000 
/seat 
blind/ 
8888: 20 
3333: 40 
/blind 
player 8888:hold/ 
SPADES 5 
DIAMONDS 3 
/hold 
player 3333:hold/ 
DIAMONDS 7 
SPADES Q 
/hold 
player 1111:hold/ 
HEARTS 3 
SPADES 3 
/hold 
player 5555:hold/ 
CLUBS 8 
SPADES 4 
/hold 
player 7777:hold/ 
DIAMONDS 9 
HEARTS 5 
/hold 
player 6666:hold/ 
CLUBS 10 
CLUBS 3 
/hold 
player 2222:hold/ 
CLUBS A 
SPADES 7 
/hold 
player 4444:hold/ 
DIAMONDS J 
CLUBS 2 
/hold 

---pre flop round bet---
valid player: 8, all in player: 0, fold player: 0

send inquire msg to player 1111(seat:2) 
inquire/ 
3333 1960 2000 40 blind 
8888 1499 2000 20 blind 
total pot: 60 
/inquire 
recv from player 1111: call 


send inquire msg to player 5555(seat:3) 
inquire/ 
1111 1960 2000 40 call 
3333 1960 2000 40 blind 
8888 1499 2000 20 blind 
total pot: 100 
/inquire 
recv from player 5555: fold


send inquire msg to player 7777(seat:4) 
inquire/ 
5555 2000 2000 0 fold 
1111 1960 2000 40 call 
3333 1960 2000 40 blind 
8888 1499 2000 20 blind 
total pot: 100 
/inquire 
recv from player 7777: fold 


send inquire msg to player 6666(seat:5) 
inquire/ 
7777 2581 2000 0 fold 
5555 2000 2000 0 fold 
1111 1960 2000 40 call 
3333 1960 2000 40 blind 
8888 1499 2000 20 blind 
total pot: 100 
/inquire 
recv from player 6666: fold 


send inquire msg to player 2222(seat:6) 
inquire/ 
6666 2000 2000 0 fold 
7777 2581 2000 0 fold 
5555 2000 2000 0 fold 
1111 1960 2000 40 call 
3333 1960 2000 40 blind 
8888 1499 2000 20 blind 
total pot: 100 
/inquire 
recv from player 2222: raise 65


send inquire msg to player 4444(seat:7) 
inquire/ 
2222 1815 2000 105 raise 
6666 2000 2000 0 fold 
7777 2581 2000 0 fold 
5555 2000 2000 0 fold 
1111 1960 2000 40 call 
3333 1960 2000 40 blind 
8888 1499 2000 20 blind 
total pot: 205 
/inquire 
recv from player 4444: fold


send inquire msg to player 8888(seat:0) 
inquire/ 
4444 1980 2000 0 fold 
2222 1815 2000 105 raise 
6666 2000 2000 0 fold 
7777 2581 2000 0 fold 
5555 2000 2000 0 fold 
1111 1960 2000 40 call 
3333 1960 2000 40 blind 
8888 1499 2000 20 blind 
total pot: 205 
/inquire 
recv from player 8888: raise 401 


send inquire msg to player 3333(seat:1) 
inquire/ 
8888 1013 2000 506 raise 
4444 1980 2000 0 fold 
2222 1815 2000 105 raise 
6666 2000 2000 0 fold 
7777 2581 2000 0 fold 
5555 2000 2000 0 fold 
1111 1960 2000 40 call 
3333 1960 2000 40 blind 
total pot: 691 
/inquire 
recv from player 3333: fold 


send inquire msg to player 1111(seat:2) 
inquire/ 
3333 1960 2000 40 fold 
8888 1013 2000 506 raise 
4444 1980 2000 0 fold 
2222 1815 2000 105 raise 
6666 2000 2000 0 fold 
7777 2581 2000 0 fold 
5555 2000 2000 0 fold 
1111 1960 2000 40 call 
total pot: 691 
/inquire 
recv from player 1111: fold 


player 5555(seat:3) doesn't need notify-msg

send notify msg to player 7777(seat:4) 
notify/ 
5555 2000 2000 0 fold 
1111 1960 2000 40 fold 
3333 1960 2000 40 fold 
8888 1013 2000 506 raise 
4444 1980 2000 0 fold 
2222 1815 2000 105 raise 
6666 2000 2000 0 fold 
7777 2581 2000 0 fold 
total pot: 691 
/notify 

send notify msg to player 6666(seat:5) 
notify/ 
7777 2581 2000 0 fold 
5555 2000 2000 0 fold 
1111 1960 2000 40 fold 
3333 1960 2000 40 fold 
8888 1013 2000 506 raise 
4444 1980 2000 0 fold 
2222 1815 2000 105 raise 
6666 2000 2000 0 fold 
total pot: 691 
/notify 

send inquire msg to player 2222(seat:6) 
inquire/ 
6666 2000 2000 0 fold 
7777 2581 2000 0 fold 
5555 2000 2000 0 fold 
1111 1960 2000 40 fold 
3333 1960 2000 40 fold 
8888 1013 2000 506 raise 
4444 1980 2000 0 fold 
2222 1815 2000 105 raise 
total pot: 691 
/inquire 
recv from player 2222: fold 
valid player: 8, all in player: 0, fold player: 7

----- send notify msg from 7 to 6(exclude) -----

player 4444(seat:7) doesn't need notify-msg

send notify msg to player 8888(seat:0) 
notify/ 
4444 1980 2000 0 fold 
2222 1815 2000 105 fold 
6666 2000 2000 0 fold 
7777 2581 2000 0 fold 
5555 2000 2000 0 fold 
1111 1960 2000 40 fold 
3333 1960 2000 40 fold 
8888 1013 2000 506 raise 
total pot: 691 
/notify 

player 3333(seat:1) doesn't need notify-msg

player 1111(seat:2) doesn't need notify-msg

player 5555(seat:3) doesn't need notify-msg

send notify msg to player 7777(seat:4) 
notify/ 
5555 2000 2000 0 fold 
1111 1960 2000 40 fold 
3333 1960 2000 40 fold 
8888 1013 2000 506 raise 
4444 1980 2000 0 fold 
2222 1815 2000 105 fold 
6666 2000 2000 0 fold 
7777 2581 2000 0 fold 
total pot: 691 
/notify 

send notify msg to player 6666(seat:5) 
notify/ 
7777 2581 2000 0 fold 
5555 2000 2000 0 fold 
1111 1960 2000 40 fold 
3333 1960 2000 40 fold 
8888 1013 2000 506 raise 
4444 1980 2000 0 fold 
2222 1815 2000 105 fold 
6666 2000 2000 0 fold 
total pot: 691 
/notify 

---flop round bet---
valid player: 8, all in player: 0, fold player: 7

---turn round bet---
valid player: 8, all in player: 0, fold player: 7

---river round bet---
valid player: 8, all in player: 0, fold player: 7

--- 1 players not fold, don't need show down---

---Allocate pot---
Only player at seat 0 not fold, win all the pot 691
pot-win/ 
8888: 691 
/pot-win 
it is player 8888's turn to be button

-----3 Hand-----

----- clean player data in socket -----
seat/ 
button: 8888 1704 2000 
small blind: 3333 1960 2000 
big blind: 1111 1960 2000 
5555 2000 2000 
7777 2581 2000 
6666 2000 2000 
2222 1815 2000 
4444 1980 2000 
/seat 
blind/ 
3333: 20 
1111: 40 
/blind 
player 3333:hold/ 
SPADES 3 
SPADES 7 
/hold 
player 1111:hold/ 
DIAMONDS 8 
CLUBS 3 
/hold 
player 5555:hold/ 
SPADES 8 
SPADES 9 
/hold 
player 7777:hold/ 
HEARTS 10 
HEARTS 2 
/hold 
player 6666:hold/ 
CLUBS 7 
DIAMONDS 2 
/hold 
player 2222:hold/ 
SPADES 6 
HEARTS 7 
/hold 
player 4444:hold/ 
DIAMONDS Q 
CLUBS 9 
/hold 
player 8888:hold/ 
DIAMONDS J 
SPADES A 
/hold 

---pre flop round bet---
valid player: 8, all in player: 0, fold player: 0

send inquire msg to player 5555(seat:2) 
inquire/ 
1111 1920 2000 40 blind 
3333 1940 2000 20 blind 
total pot: 60 
/inquire 
recv from player 5555: fold


send inquire msg to player 7777(seat:3) 
inquire/ 
5555 2000 2000 0 fold 
1111 1920 2000 40 blind 
3333 1940 2000 20 blind 
total pot: 60 
/inquire 
recv from player 7777: fold 


send inquire msg to player 6666(seat:4) 
inquire/ 
7777 2581 2000 0 fold 
5555 2000 2000 0 fold 
1111 1920 2000 40 blind 
3333 1940 2000 20 blind 
total pot: 60 
/inquire 
recv from player 6666: fold 


send inquire msg to player 2222(seat:5) 
inquire/ 
6666 2000 2000 0 fold 
7777 2581 2000 0 fold 
5555 2000 2000 0 fold 
1111 1920 2000 40 blind 
3333 1940 2000 20 blind 
total pot: 60 
/inquire 
recv from player 2222: fold 

send inquire msg to player 4444(seat:6) 
inquire/ 
2222 1815 2000 0 fold 
6666 2000 2000 0 fold 
7777 2581 2000 0 fold 
5555 2000 2000 0 fold 
1111 1920 2000 40 blind 
3333 1940 2000 20 blind 
total pot: 60 
/inquire 
recv from player 4444: fold


send inquire msg to player 8888(seat:7) 
inquire/ 
4444 1980 2000 0 fold 
2222 1815 2000 0 fold 
6666 2000 2000 0 fold 
7777 2581 2000 0 fold 
5555 2000 2000 0 fold 
1111 1920 2000 40 blind 
3333 1940 2000 20 blind 
total pot: 60 
/inquire 
recv from player 8888: raise 41 


send inquire msg to player 3333(seat:0) 
inquire/ 
8888 1623 2000 81 raise 
4444 1980 2000 0 fold 
2222 1815 2000 0 fold 
6666 2000 2000 0 fold 
7777 2581 2000 0 fold 
5555 2000 2000 0 fold 
1111 1920 2000 40 blind 
3333 1940 2000 20 blind 
total pot: 141 
/inquire 
recv from player 3333: fold 


send inquire msg to player 1111(seat:1) 
inquire/ 
3333 1940 2000 20 fold 
8888 1623 2000 81 raise 
4444 1980 2000 0 fold 
2222 1815 2000 0 fold 
6666 2000 2000 0 fold 
7777 2581 2000 0 fold 
5555 2000 2000 0 fold 
1111 1920 2000 40 blind 
total pot: 141 
/inquire 
recv from player 1111: fold 

valid player: 8, all in player: 0, fold player: 7

----- send notify msg from 2 to 1(exclude) -----

player 5555(seat:2) doesn't need notify-msg

send notify msg to player 7777(seat:3) 
notify/ 
5555 2000 2000 0 fold 
1111 1920 2000 40 fold 
3333 1940 2000 20 fold 
8888 1623 2000 81 raise 
4444 1980 2000 0 fold 
2222 1815 2000 0 fold 
6666 2000 2000 0 fold 
7777 2581 2000 0 fold 
total pot: 141 
/notify 

send notify msg to player 6666(seat:4) 
notify/ 
7777 2581 2000 0 fold 
5555 2000 2000 0 fold 
1111 1920 2000 40 fold 
3333 1940 2000 20 fold 
8888 1623 2000 81 raise 
4444 1980 2000 0 fold 
2222 1815 2000 0 fold 
6666 2000 2000 0 fold 
total pot: 141 
/notify 

send notify msg to player 2222(seat:5) 
notify/ 
6666 2000 2000 0 fold 
7777 2581 2000 0 fold 
5555 2000 2000 0 fold 
1111 1920 2000 40 fold 
3333 1940 2000 20 fold 
8888 1623 2000 81 raise 
4444 1980 2000 0 fold 
2222 1815 2000 0 fold 
total pot: 141 
/notify 

player 4444(seat:6) doesn't need notify-msg

send notify msg to player 8888(seat:7) 
notify/ 
4444 1980 2000 0 fold 
2222 1815 2000 0 fold 
6666 2000 2000 0 fold 
7777 2581 2000 0 fold 
5555 2000 2000 0 fold 
1111 1920 2000 40 fold 
3333 1940 2000 20 fold 
8888 1623 2000 81 raise 
total pot: 141 
/notify 

player 3333(seat:0) doesn't need notify-msg

---flop round bet---
valid player: 8, all in player: 0, fold player: 7

---turn round bet---
valid player: 8, all in player: 0, fold player: 7

---river round bet---
valid player: 8, all in player: 0, fold player: 7

--- 1 players not fold, don't need show down---

---Allocate pot---
Only player at seat 7 not fold, win all the pot 141
pot-win/ 
8888: 141 
/pot-win 
it is player 3333's turn to be button

-----4 Hand-----

----- clean player data in socket -----
seat/ 
button: 3333 1940 2000 
small blind: 1111 1920 2000 
big blind: 5555 2000 2000 
7777 2581 2000 
6666 2000 2000 
2222 1815 2000 
4444 1980 2000 
8888 1764 2000 
/seat 
blind/ 
1111: 20 
5555: 40 
/blind 
player 1111:hold/ 
DIAMONDS 2 
SPADES 3 
/hold 
player 5555:hold/ 
SPADES 10 
HEARTS 4 
/hold 
player 7777:hold/ 
DIAMONDS 5 
HEARTS 5 
/hold 
player 6666:hold/ 
CLUBS 10 
DIAMONDS 9 
/hold 
player 2222:hold/ 
DIAMONDS 7 
CLUBS 9 
/hold 
player 4444:hold/ 
DIAMONDS 3 
DIAMONDS 6 
/hold 
player 8888:hold/ 
CLUBS 3 
DIAMONDS A 
/hold 
player 3333:hold/ 
SPADES 7 
DIAMONDS 10 
/hold 

---pre flop round bet---
valid player: 8, all in player: 0, fold player: 0

send inquire msg to player 7777(seat:2) 
inquire/ 
5555 1960 2000 40 blind 
1111 1900 2000 20 blind 
total pot: 60 
/inquire 
recv from player 7777: fold 


send inquire msg to player 6666(seat:3) 
inquire/ 
7777 2581 2000 0 fold 
5555 1960 2000 40 blind 
1111 1900 2000 20 blind 
total pot: 60 
/inquire 
recv from player 6666: fold 


send inquire msg to player 2222(seat:4) 
inquire/ 
6666 2000 2000 0 fold 
7777 2581 2000 0 fold 
5555 1960 2000 40 blind 
1111 1900 2000 20 blind 
total pot: 60 
/inquire 
recv from player 2222: fold 

send inquire msg to player 4444(seat:5) 
inquire/ 
2222 1815 2000 0 fold 
6666 2000 2000 0 fold 
7777 2581 2000 0 fold 
5555 1960 2000 40 blind 
1111 1900 2000 20 blind 
total pot: 60 
/inquire 
recv from player 4444: fold


send inquire msg to player 8888(seat:6) 
inquire/ 
4444 1980 2000 0 fold 
2222 1815 2000 0 fold 
6666 2000 2000 0 fold 
7777 2581 2000 0 fold 
5555 1960 2000 40 blind 
1111 1900 2000 20 blind 
total pot: 60 
/inquire 
recv from player 8888: raise 41 


send inquire msg to player 3333(seat:7) 
inquire/ 
8888 1683 2000 81 raise 
4444 1980 2000 0 fold 
2222 1815 2000 0 fold 
6666 2000 2000 0 fold 
7777 2581 2000 0 fold 
5555 1960 2000 40 blind 
1111 1900 2000 20 blind 
total pot: 141 
/inquire 
recv from player 3333: fold 


send inquire msg to player 1111(seat:0) 
inquire/ 
3333 1940 2000 0 fold 
8888 1683 2000 81 raise 
4444 1980 2000 0 fold 
2222 1815 2000 0 fold 
6666 2000 2000 0 fold 
7777 2581 2000 0 fold 
5555 1960 2000 40 blind 
1111 1900 2000 20 blind 
total pot: 141 
/inquire 
recv from player 1111: fold 


send inquire msg to player 5555(seat:1) 
inquire/ 
1111 1900 2000 20 fold 
3333 1940 2000 0 fold 
8888 1683 2000 81 raise 
4444 1980 2000 0 fold 
2222 1815 2000 0 fold 
6666 2000 2000 0 fold 
7777 2581 2000 0 fold 
5555 1960 2000 40 blind 
total pot: 141 
/inquire 
recv from player 5555: fold

valid player: 8, all in player: 0, fold player: 7

----- send notify msg from 2 to 1(exclude) -----

send notify msg to player 7777(seat:2) 
notify/ 
5555 1960 2000 40 fold 
1111 1900 2000 20 fold 
3333 1940 2000 0 fold 
8888 1683 2000 81 raise 
4444 1980 2000 0 fold 
2222 1815 2000 0 fold 
6666 2000 2000 0 fold 
7777 2581 2000 0 fold 
total pot: 141 
/notify 

send notify msg to player 6666(seat:3) 
notify/ 
7777 2581 2000 0 fold 
5555 1960 2000 40 fold 
1111 1900 2000 20 fold 
3333 1940 2000 0 fold 
8888 1683 2000 81 raise 
4444 1980 2000 0 fold 
2222 1815 2000 0 fold 
6666 2000 2000 0 fold 
total pot: 141 
/notify 

send notify msg to player 2222(seat:4) 
notify/ 
6666 2000 2000 0 fold 
7777 2581 2000 0 fold 
5555 1960 2000 40 fold 
1111 1900 2000 20 fold 
3333 1940 2000 0 fold 
8888 1683 2000 81 raise 
4444 1980 2000 0 fold 
2222 1815 2000 0 fold 
total pot: 141 
/notify 

player 4444(seat:5) doesn't need notify-msg

send notify msg to player 8888(seat:6) 
notify/ 
4444 1980 2000 0 fold 
2222 1815 2000 0 fold 
6666 2000 2000 0 fold 
7777 2581 2000 0 fold 
5555 1960 2000 40 fold 
1111 1900 2000 20 fold 
3333 1940 2000 0 fold 
8888 1683 2000 81 raise 
total pot: 141 
/notify 

player 3333(seat:7) doesn't need notify-msg

player 1111(seat:0) doesn't need notify-msg

---flop round bet---
valid player: 8, all in player: 0, fold player: 7

---turn round bet---
valid player: 8, all in player: 0, fold player: 7

---river round bet---
valid player: 8, all in player: 0, fold player: 7

--- 1 players not fold, don't need show down---

---Allocate pot---
Only player at seat 6 not fold, win all the pot 141
pot-win/ 
8888: 141 
/pot-win 
it is player 1111's turn to be button

-----5 Hand-----

----- clean player data in socket -----
seat/ 
button: 1111 1900 2000 
small blind: 5555 1960 2000 
big blind: 7777 2581 2000 
6666 2000 2000 
2222 1815 2000 
4444 1980 2000 
8888 1824 2000 
3333 1940 2000 
/seat 
blind/ 
5555: 20 
7777: 40 
/blind 
player 5555:hold/ 
CLUBS 7 
DIAMONDS 6 
/hold 
player 7777:hold/ 
CLUBS 4 
DIAMONDS 8 
/hold 
player 6666:hold/ 
CLUBS A 
HEARTS 10 
/hold 
player 2222:hold/ 
CLUBS 2 
CLUBS 9 
/hold 
player 4444:hold/ 
HEARTS 2 
SPADES 7 
/hold 
player 8888:hold/ 
HEARTS K 
SPADES 5 
/hold 
player 3333:hold/ 
HEARTS 6 
SPADES 6 
/hold 
player 1111:hold/ 
DIAMONDS Q 
CLUBS Q 
/hold 

---pre flop round bet---
valid player: 8, all in player: 0, fold player: 0

send inquire msg to player 6666(seat:2) 
inquire/ 
7777 2541 2000 40 blind 
5555 1940 2000 20 blind 
total pot: 60 
/inquire 
recv from player 6666: fold 


send inquire msg to player 2222(seat:3) 
inquire/ 
6666 2000 2000 0 fold 
7777 2541 2000 40 blind 
5555 1940 2000 20 blind 
total pot: 60 
/inquire 
recv from player 2222: fold 

send inquire msg to player 4444(seat:4) 
inquire/ 
2222 1815 2000 0 fold 
6666 2000 2000 0 fold 
7777 2541 2000 40 blind 
5555 1940 2000 20 blind 
total pot: 60 
/inquire 
recv from player 4444: fold


send inquire msg to player 8888(seat:5) 
inquire/ 
4444 1980 2000 0 fold 
2222 1815 2000 0 fold 
6666 2000 2000 0 fold 
7777 2541 2000 40 blind 
5555 1940 2000 20 blind 
total pot: 60 
/inquire 
recv from player 8888: fold 


send inquire msg to player 3333(seat:6) 
inquire/ 
8888 1824 2000 0 fold 
4444 1980 2000 0 fold 
2222 1815 2000 0 fold 
6666 2000 2000 0 fold 
7777 2541 2000 40 blind 
5555 1940 2000 20 blind 
total pot: 60 
/inquire 
recv from player 3333: raise 43 


send inquire msg to player 1111(seat:7) 
inquire/ 
3333 1857 2000 83 raise 
8888 1824 2000 0 fold 
4444 1980 2000 0 fold 
2222 1815 2000 0 fold 
6666 2000 2000 0 fold 
7777 2541 2000 40 blind 
5555 1940 2000 20 blind 
total pot: 143 
/inquire 
recv from player 1111: raise 84 


send inquire msg to player 5555(seat:0) 
inquire/ 
1111 1733 2000 167 raise 
3333 1857 2000 83 raise 
8888 1824 2000 0 fold 
4444 1980 2000 0 fold 
2222 1815 2000 0 fold 
6666 2000 2000 0 fold 
7777 2541 2000 40 blind 
5555 1940 2000 20 blind 
total pot: 310 
/inquire 
recv from player 5555: fold


send inquire msg to player 7777(seat:1) 
inquire/ 
5555 1940 2000 20 fold 
1111 1733 2000 167 raise 
3333 1857 2000 83 raise 
8888 1824 2000 0 fold 
4444 1980 2000 0 fold 
2222 1815 2000 0 fold 
6666 2000 2000 0 fold 
7777 2541 2000 40 blind 
total pot: 310 
/inquire 
recv from player 7777: fold 


send notify msg to player 6666(seat:2) 
notify/ 
7777 2541 2000 40 fold 
5555 1940 2000 20 fold 
1111 1733 2000 167 raise 
3333 1857 2000 83 raise 
8888 1824 2000 0 fold 
4444 1980 2000 0 fold 
2222 1815 2000 0 fold 
6666 2000 2000 0 fold 
total pot: 310 
/notify 

send notify msg to player 2222(seat:3) 
notify/ 
6666 2000 2000 0 fold 
7777 2541 2000 40 fold 
5555 1940 2000 20 fold 
1111 1733 2000 167 raise 
3333 1857 2000 83 raise 
8888 1824 2000 0 fold 
4444 1980 2000 0 fold 
2222 1815 2000 0 fold 
total pot: 310 
/notify 

player 4444(seat:4) doesn't need notify-msg

send notify msg to player 8888(seat:5) 
notify/ 
4444 1980 2000 0 fold 
2222 1815 2000 0 fold 
6666 2000 2000 0 fold 
7777 2541 2000 40 fold 
5555 1940 2000 20 fold 
1111 1733 2000 167 raise 
3333 1857 2000 83 raise 
8888 1824 2000 0 fold 
total pot: 310 
/notify 

send inquire msg to player 3333(seat:6) 
inquire/ 
8888 1824 2000 0 fold 
4444 1980 2000 0 fold 
2222 1815 2000 0 fold 
6666 2000 2000 0 fold 
7777 2541 2000 40 fold 
5555 1940 2000 20 fold 
1111 1733 2000 167 raise 
3333 1857 2000 83 raise 
total pot: 310 
/inquire 
recv from player 3333: check 

valid player: 8, all in player: 0, fold player: 6

----- send notify msg from 7 to 0(exclude) -----

player 1111(seat:7) doesn't need notify-msg
flop/ 
CLUBS 5 
CLUBS 6 
HEARTS 4 
/flop 

---flop round bet---
valid player: 8, all in player: 0, fold player: 6

player 5555(seat:0) doesn't need notify-msg

send notify msg to player 7777(seat:1) 
notify/ 
5555 1940 2000 20 fold 
1111 1733 2000 167 raise 
3333 1773 2000 167 call 
8888 1824 2000 0 fold 
4444 1980 2000 0 fold 
2222 1815 2000 0 fold 
6666 2000 2000 0 fold 
7777 2541 2000 40 fold 
total pot: 394 
/notify 

send notify msg to player 6666(seat:2) 
notify/ 
7777 2541 2000 40 fold 
5555 1940 2000 20 fold 
1111 1733 2000 167 raise 
3333 1773 2000 167 call 
8888 1824 2000 0 fold 
4444 1980 2000 0 fold 
2222 1815 2000 0 fold 
6666 2000 2000 0 fold 
total pot: 394 
/notify 

send notify msg to player 2222(seat:3) 
notify/ 
6666 2000 2000 0 fold 
7777 2541 2000 40 fold 
5555 1940 2000 20 fold 
1111 1733 2000 167 raise 
3333 1773 2000 167 call 
8888 1824 2000 0 fold 
4444 1980 2000 0 fold 
2222 1815 2000 0 fold 
total pot: 394 
/notify 

player 4444(seat:4) doesn't need notify-msg

send notify msg to player 8888(seat:5) 
notify/ 
4444 1980 2000 0 fold 
2222 1815 2000 0 fold 
6666 2000 2000 0 fold 
7777 2541 2000 40 fold 
5555 1940 2000 20 fold 
1111 1733 2000 167 raise 
3333 1773 2000 167 call 
8888 1824 2000 0 fold 
total pot: 394 
/notify 

send inquire msg to player 3333(seat:6) 
inquire/ 
8888 1824 2000 0 fold 
4444 1980 2000 0 fold 
2222 1815 2000 0 fold 
6666 2000 2000 0 fold 
7777 2541 2000 40 fold 
5555 1940 2000 20 fold 
1111 1733 2000 167 raise 
3333 1773 2000 167 call 
total pot: 394 
/inquire 
recv from player 3333: raise 83 


send inquire msg to player 1111(seat:7) 
inquire/ 
3333 1690 2000 250 raise 
8888 1824 2000 0 fold 
4444 1980 2000 0 fold 
2222 1815 2000 0 fold 
6666 2000 2000 0 fold 
7777 2541 2000 40 fold 
5555 1940 2000 20 fold 
1111 1733 2000 167 raise 
total pot: 477 
/inquire 
recv from player 1111: raise 84 


player 5555(seat:0) doesn't need notify-msg

send notify msg to player 7777(seat:1) 
notify/ 
5555 1940 2000 20 fold 
1111 1566 2000 334 raise 
3333 1690 2000 250 raise 
8888 1824 2000 0 fold 
4444 1980 2000 0 fold 
2222 1815 2000 0 fold 
6666 2000 2000 0 fold 
7777 2541 2000 40 fold 
total pot: 644 
/notify 

send notify msg to player 6666(seat:2) 
notify/ 
7777 2541 2000 40 fold 
5555 1940 2000 20 fold 
1111 1566 2000 334 raise 
3333 1690 2000 250 raise 
8888 1824 2000 0 fold 
4444 1980 2000 0 fold 
2222 1815 2000 0 fold 
6666 2000 2000 0 fold 
total pot: 644 
/notify 

send notify msg to player 2222(seat:3) 
notify/ 
6666 2000 2000 0 fold 
7777 2541 2000 40 fold 
5555 1940 2000 20 fold 
1111 1566 2000 334 raise 
3333 1690 2000 250 raise 
8888 1824 2000 0 fold 
4444 1980 2000 0 fold 
2222 1815 2000 0 fold 
total pot: 644 
/notify 

player 4444(seat:4) doesn't need notify-msg

send notify msg to player 8888(seat:5) 
notify/ 
4444 1980 2000 0 fold 
2222 1815 2000 0 fold 
6666 2000 2000 0 fold 
7777 2541 2000 40 fold 
5555 1940 2000 20 fold 
1111 1566 2000 334 raise 
3333 1690 2000 250 raise 
8888 1824 2000 0 fold 
total pot: 644 
/notify 

send inquire msg to player 3333(seat:6) 
inquire/ 
8888 1824 2000 0 fold 
4444 1980 2000 0 fold 
2222 1815 2000 0 fold 
6666 2000 2000 0 fold 
7777 2541 2000 40 fold 
5555 1940 2000 20 fold 
1111 1566 2000 334 raise 
3333 1690 2000 250 raise 
total pot: 644 
/inquire 
recv from player 3333: raise 80 


send inquire msg to player 1111(seat:7) 
inquire/ 
3333 1522 2000 418 raise 
8888 1824 2000 0 fold 
4444 1980 2000 0 fold 
2222 1815 2000 0 fold 
6666 2000 2000 0 fold 
7777 2541 2000 40 fold 
5555 1940 2000 20 fold 
1111 1566 2000 334 raise 
total pot: 812 
/inquire 
recv from player 1111: call 

valid player: 8, all in player: 0, fold player: 6

----- send notify msg from 0 to 0(exclude) -----
turn/ 
SPADES J 
/turn 

---turn round bet---
valid player: 8, all in player: 0, fold player: 6

player 5555(seat:0) doesn't need notify-msg

send notify msg to player 7777(seat:1) 
notify/ 
5555 1940 2000 20 fold 
1111 1482 2000 418 call 
3333 1522 2000 418 raise 
8888 1824 2000 0 fold 
4444 1980 2000 0 fold 
2222 1815 2000 0 fold 
6666 2000 2000 0 fold 
7777 2541 2000 40 fold 
total pot: 896 
/notify 

send notify msg to player 6666(seat:2) 
notify/ 
7777 2541 2000 40 fold 
5555 1940 2000 20 fold 
1111 1482 2000 418 call 
3333 1522 2000 418 raise 
8888 1824 2000 0 fold 
4444 1980 2000 0 fold 
2222 1815 2000 0 fold 
6666 2000 2000 0 fold 
total pot: 896 
/notify 

send notify msg to player 2222(seat:3) 
notify/ 
6666 2000 2000 0 fold 
7777 2541 2000 40 fold 
5555 1940 2000 20 fold 
1111 1482 2000 418 call 
3333 1522 2000 418 raise 
8888 1824 2000 0 fold 
4444 1980 2000 0 fold 
2222 1815 2000 0 fold 
total pot: 896 
/notify 

player 4444(seat:4) doesn't need notify-msg

send notify msg to player 8888(seat:5) 
notify/ 
4444 1980 2000 0 fold 
2222 1815 2000 0 fold 
6666 2000 2000 0 fold 
7777 2541 2000 40 fold 
5555 1940 2000 20 fold 
1111 1482 2000 418 call 
3333 1522 2000 418 raise 
8888 1824 2000 0 fold 
total pot: 896 
/notify 

send inquire msg to player 3333(seat:6) 
inquire/ 
8888 1824 2000 0 fold 
4444 1980 2000 0 fold 
2222 1815 2000 0 fold 
6666 2000 2000 0 fold 
7777 2541 2000 40 fold 
5555 1940 2000 20 fold 
1111 1482 2000 418 call 
3333 1522 2000 418 raise 
total pot: 896 
/inquire 
recv from player 3333: raise 83 


send inquire msg to player 1111(seat:7) 
inquire/ 
3333 1439 2000 501 raise 
8888 1824 2000 0 fold 
4444 1980 2000 0 fold 
2222 1815 2000 0 fold 
6666 2000 2000 0 fold 
7777 2541 2000 40 fold 
5555 1940 2000 20 fold 
1111 1482 2000 418 call 
total pot: 979 
/inquire 
recv from player 1111: call 

valid player: 8, all in player: 0, fold player: 6

----- send notify msg from 0 to 0(exclude) -----
river/ 
SPADES 2 
/river 

---river round bet---
valid player: 8, all in player: 0, fold player: 6

player 5555(seat:0) doesn't need notify-msg

send notify msg to player 7777(seat:1) 
notify/ 
5555 1940 2000 20 fold 
1111 1399 2000 501 call 
3333 1439 2000 501 raise 
8888 1824 2000 0 fold 
4444 1980 2000 0 fold 
2222 1815 2000 0 fold 
6666 2000 2000 0 fold 
7777 2541 2000 40 fold 
total pot: 1062 
/notify 

send notify msg to player 6666(seat:2) 
notify/ 
7777 2541 2000 40 fold 
5555 1940 2000 20 fold 
1111 1399 2000 501 call 
3333 1439 2000 501 raise 
8888 1824 2000 0 fold 
4444 1980 2000 0 fold 
2222 1815 2000 0 fold 
6666 2000 2000 0 fold 
total pot: 1062 
/notify 

send notify msg to player 2222(seat:3) 
notify/ 
6666 2000 2000 0 fold 
7777 2541 2000 40 fold 
5555 1940 2000 20 fold 
1111 1399 2000 501 call 
3333 1439 2000 501 raise 
8888 1824 2000 0 fold 
4444 1980 2000 0 fold 
2222 1815 2000 0 fold 
total pot: 1062 
/notify 

player 4444(seat:4) doesn't need notify-msg

send notify msg to player 8888(seat:5) 
notify/ 
4444 1980 2000 0 fold 
2222 1815 2000 0 fold 
6666 2000 2000 0 fold 
7777 2541 2000 40 fold 
5555 1940 2000 20 fold 
1111 1399 2000 501 call 
3333 1439 2000 501 raise 
8888 1824 2000 0 fold 
total pot: 1062 
/notify 

send inquire msg to player 3333(seat:6) 
inquire/ 
8888 1824 2000 0 fold 
4444 1980 2000 0 fold 
2222 1815 2000 0 fold 
6666 2000 2000 0 fold 
7777 2541 2000 40 fold 
5555 1940 2000 20 fold 
1111 1399 2000 501 call 
3333 1439 2000 501 raise 
total pot: 1062 
/inquire 
recv from player 3333: raise 83 


send inquire msg to player 1111(seat:7) 
inquire/ 
3333 1356 2000 584 raise 
8888 1824 2000 0 fold 
4444 1980 2000 0 fold 
2222 1815 2000 0 fold 
6666 2000 2000 0 fold 
7777 2541 2000 40 fold 
5555 1940 2000 20 fold 
1111 1399 2000 501 call 
total pot: 1145 
/inquire 
recv from player 1111: call 

valid player: 8, all in player: 0, fold player: 6

----- send notify msg from 0 to 7(exclude) -----

player 5555(seat:0) doesn't need notify-msg

send notify msg to player 7777(seat:1) 
notify/ 
5555 1940 2000 20 fold 
1111 1316 2000 584 call 
3333 1356 2000 584 raise 
8888 1824 2000 0 fold 
4444 1980 2000 0 fold 
2222 1815 2000 0 fold 
6666 2000 2000 0 fold 
7777 2541 2000 40 fold 
total pot: 1228 
/notify 

send notify msg to player 6666(seat:2) 
notify/ 
7777 2541 2000 40 fold 
5555 1940 2000 20 fold 
1111 1316 2000 584 call 
3333 1356 2000 584 raise 
8888 1824 2000 0 fold 
4444 1980 2000 0 fold 
2222 1815 2000 0 fold 
6666 2000 2000 0 fold 
total pot: 1228 
/notify 

send notify msg to player 2222(seat:3) 
notify/ 
6666 2000 2000 0 fold 
7777 2541 2000 40 fold 
5555 1940 2000 20 fold 
1111 1316 2000 584 call 
3333 1356 2000 584 raise 
8888 1824 2000 0 fold 
4444 1980 2000 0 fold 
2222 1815 2000 0 fold 
total pot: 1228 
/notify 

player 4444(seat:4) doesn't need notify-msg

send notify msg to player 8888(seat:5) 
notify/ 
4444 1980 2000 0 fold 
2222 1815 2000 0 fold 
6666 2000 2000 0 fold 
7777 2541 2000 40 fold 
5555 1940 2000 20 fold 
1111 1316 2000 584 call 
3333 1356 2000 584 raise 
8888 1824 2000 0 fold 
total pot: 1228 
/notify 

player 3333(seat:6) doesn't need notify-msg

---show down---
showdown/ 
common/ 
CLUBS 5 
CLUBS 6 
HEARTS 4 
SPADES J 
SPADES 2 
/common 
1: 3333 HEARTS 6 SPADES 6 THREE_OF_A_KIND 
2: 1111 DIAMONDS Q CLUBS Q ONE_PAIR 
/showdown 

---Allocate pot---
pot-win/ 
3333: 1228 
/pot-win 
it is player 5555's turn to be button

-----6 Hand-----

----- clean player data in socket -----
seat/ 
button: 5555 1940 2000 
small blind: 7777 2541 2000 
big blind: 6666 2000 2000 
2222 1815 2000 
4444 1980 2000 
8888 1824 2000 
3333 2584 2000 
1111 1316 2000 
/seat 
blind/ 
7777: 20 
6666: 40 
/blind 
player 7777:hold/ 
CLUBS J 
CLUBS 7 
/hold 
player 6666:hold/ 
DIAMONDS 7 
CLUBS K 
/hold 
player 2222:hold/ 
SPADES 6 
SPADES 9 
/hold 
player 4444:hold/ 
DIAMONDS 4 
SPADES K 
/hold 
player 8888:hold/ 
DIAMONDS 10 
DIAMONDS 8 
/hold 
player 3333:hold/ 
SPADES 5 
SPADES 8 
/hold 
player 1111:hold/ 
HEARTS 5 
CLUBS 9 
/hold 
player 5555:hold/ 
SPADES 4 
CLUBS A 
/hold 

---pre flop round bet---
valid player: 8, all in player: 0, fold player: 0

send inquire msg to player 2222(seat:2) 
inquire/ 
6666 1960 2000 40 blind 
7777 2521 2000 20 blind 
total pot: 60 
/inquire 
recv from player 2222: fold 

send inquire msg to player 4444(seat:3) 
inquire/ 
2222 1815 2000 0 fold 
6666 1960 2000 40 blind 
7777 2521 2000 20 blind 
total pot: 60 
/inquire 
recv from player 4444: fold


send inquire msg to player 8888(seat:4) 
inquire/ 
4444 1980 2000 0 fold 
2222 1815 2000 0 fold 
6666 1960 2000 40 blind 
7777 2521 2000 20 blind 
total pot: 60 
/inquire 
recv from player 8888: raise 41 


send inquire msg to player 3333(seat:5) 
inquire/ 
8888 1743 2000 81 raise 
4444 1980 2000 0 fold 
2222 1815 2000 0 fold 
6666 1960 2000 40 blind 
7777 2521 2000 20 blind 
total pot: 141 
/inquire 
recv from player 3333: fold 


send inquire msg to player 1111(seat:6) 
inquire/ 
3333 2584 2000 0 fold 
8888 1743 2000 81 raise 
4444 1980 2000 0 fold 
2222 1815 2000 0 fold 
6666 1960 2000 40 blind 
7777 2521 2000 20 blind 
total pot: 141 
/inquire 
recv from player 1111: fold 


send inquire msg to player 5555(seat:7) 
inquire/ 
1111 1316 2000 0 fold 
3333 2584 2000 0 fold 
8888 1743 2000 81 raise 
4444 1980 2000 0 fold 
2222 1815 2000 0 fold 
6666 1960 2000 40 blind 
7777 2521 2000 20 blind 
total pot: 141 
/inquire 
recv from player 5555: fold


send inquire msg to player 7777(seat:0) 
inquire/ 
5555 1940 2000 0 fold 
1111 1316 2000 0 fold 
3333 2584 2000 0 fold 
8888 1743 2000 81 raise 
4444 1980 2000 0 fold 
2222 1815 2000 0 fold 
6666 1960 2000 40 blind 
7777 2521 2000 20 blind 
total pot: 141 
/inquire 
recv from player 7777: raise 225 


send inquire msg to player 6666(seat:1) 
inquire/ 
7777 2235 2000 306 raise 
5555 1940 2000 0 fold 
1111 1316 2000 0 fold 
3333 2584 2000 0 fold 
8888 1743 2000 81 raise 
4444 1980 2000 0 fold 
2222 1815 2000 0 fold 
6666 1960 2000 40 blind 
total pot: 427 
/inquire 
recv from player 6666: fold 


send notify msg to player 2222(seat:2) 
notify/ 
6666 1960 2000 40 fold 
7777 2235 2000 306 raise 
5555 1940 2000 0 fold 
1111 1316 2000 0 fold 
3333 2584 2000 0 fold 
8888 1743 2000 81 raise 
4444 1980 2000 0 fold 
2222 1815 2000 0 fold 
total pot: 427 
/notify 

player 4444(seat:3) doesn't need notify-msg

send inquire msg to player 8888(seat:4) 
inquire/ 
4444 1980 2000 0 fold 
2222 1815 2000 0 fold 
6666 1960 2000 40 fold 
7777 2235 2000 306 raise 
5555 1940 2000 0 fold 
1111 1316 2000 0 fold 
3333 2584 2000 0 fold 
8888 1743 2000 81 raise 
total pot: 427 
/inquire 
recv from player 8888: call 

valid player: 8, all in player: 0, fold player: 6

----- send notify msg from 5 to 0(exclude) -----

player 3333(seat:5) doesn't need notify-msg

player 1111(seat:6) doesn't need notify-msg

player 5555(seat:7) doesn't need notify-msg
flop/ 
SPADES 2 
HEARTS 7 
DIAMONDS J 
/flop 

---flop round bet---
valid player: 8, all in player: 0, fold player: 6

send inquire msg to player 7777(seat:0) 
inquire/ 
5555 1940 2000 0 fold 
1111 1316 2000 0 fold 
3333 2584 2000 0 fold 
8888 1518 2000 306 call 
4444 1980 2000 0 fold 
2222 1815 2000 0 fold 
6666 1960 2000 40 fold 
7777 2235 2000 306 raise 
total pot: 652 
/inquire 
recv from player 7777: raise 80 


send notify msg to player 6666(seat:1) 
notify/ 
7777 2155 2000 386 raise 
5555 1940 2000 0 fold 
1111 1316 2000 0 fold 
3333 2584 2000 0 fold 
8888 1518 2000 306 call 
4444 1980 2000 0 fold 
2222 1815 2000 0 fold 
6666 1960 2000 40 fold 
total pot: 732 
/notify 

send notify msg to player 2222(seat:2) 
notify/ 
6666 1960 2000 40 fold 
7777 2155 2000 386 raise 
5555 1940 2000 0 fold 
1111 1316 2000 0 fold 
3333 2584 2000 0 fold 
8888 1518 2000 306 call 
4444 1980 2000 0 fold 
2222 1815 2000 0 fold 
total pot: 732 
/notify 

player 4444(seat:3) doesn't need notify-msg

send inquire msg to player 8888(seat:4) 
inquire/ 
4444 1980 2000 0 fold 
2222 1815 2000 0 fold 
6666 1960 2000 40 fold 
7777 2155 2000 386 raise 
5555 1940 2000 0 fold 
1111 1316 2000 0 fold 
3333 2584 2000 0 fold 
8888 1518 2000 306 call 
total pot: 732 
/inquire 
recv from player 8888: raise 401 


player 3333(seat:5) doesn't need notify-msg

player 1111(seat:6) doesn't need notify-msg

player 5555(seat:7) doesn't need notify-msg

send inquire msg to player 7777(seat:0) 
inquire/ 
5555 1940 2000 0 fold 
1111 1316 2000 0 fold 
3333 2584 2000 0 fold 
8888 1037 2000 787 raise 
4444 1980 2000 0 fold 
2222 1815 2000 0 fold 
6666 1960 2000 40 fold 
7777 2155 2000 386 raise 
total pot: 1213 
/inquire 
recv from player 7777: raise 80 


send notify msg to player 6666(seat:1) 
notify/ 
7777 1353 2000 1188 raise 
5555 1940 2000 0 fold 
1111 1316 2000 0 fold 
3333 2584 2000 0 fold 
8888 1037 2000 787 raise 
4444 1980 2000 0 fold 
2222 1815 2000 0 fold 
6666 1960 2000 40 fold 
total pot: 2015 
/notify 

send notify msg to player 2222(seat:2) 
notify/ 
6666 1960 2000 40 fold 
7777 1353 2000 1188 raise 
5555 1940 2000 0 fold 
1111 1316 2000 0 fold 
3333 2584 2000 0 fold 
8888 1037 2000 787 raise 
4444 1980 2000 0 fold 
2222 1815 2000 0 fold 
total pot: 2015 
/notify 

player 4444(seat:3) doesn't need notify-msg

send inquire msg to player 8888(seat:4) 
inquire/ 
4444 1980 2000 0 fold 
2222 1815 2000 0 fold 
6666 1960 2000 40 fold 
7777 1353 2000 1188 raise 
5555 1940 2000 0 fold 
1111 1316 2000 0 fold 
3333 2584 2000 0 fold 
8888 1037 2000 787 raise 
total pot: 2015 
/inquire 
recv from player 8888: fold 

valid player: 8, all in player: 0, fold player: 7

----- send notify msg from 5 to 4(exclude) -----

player 3333(seat:5) doesn't need notify-msg

player 1111(seat:6) doesn't need notify-msg

player 5555(seat:7) doesn't need notify-msg

send notify msg to player 7777(seat:0) 
notify/ 
5555 1940 2000 0 fold 
1111 1316 2000 0 fold 
3333 2584 2000 0 fold 
8888 1037 2000 787 fold 
4444 1980 2000 0 fold 
2222 1815 2000 0 fold 
6666 1960 2000 40 fold 
7777 1353 2000 1188 raise 
total pot: 2015 
/notify 

send notify msg to player 6666(seat:1) 
notify/ 
7777 1353 2000 1188 raise 
5555 1940 2000 0 fold 
1111 1316 2000 0 fold 
3333 2584 2000 0 fold 
8888 1037 2000 787 fold 
4444 1980 2000 0 fold 
2222 1815 2000 0 fold 
6666 1960 2000 40 fold 
total pot: 2015 
/notify 

send notify msg to player 2222(seat:2) 
notify/ 
6666 1960 2000 40 fold 
7777 1353 2000 1188 raise 
5555 1940 2000 0 fold 
1111 1316 2000 0 fold 
3333 2584 2000 0 fold 
8888 1037 2000 787 fold 
4444 1980 2000 0 fold 
2222 1815 2000 0 fold 
total pot: 2015 
/notify 

player 4444(seat:3) doesn't need notify-msg

---turn round bet---
valid player: 8, all in player: 0, fold player: 7

---river round bet---
