

===VERSION 1.24===
---GAME START @ 2015-5-27-0-30-7---

wait registration for 30 seconds
reg: 2222 new 
reg: 5555 DSB  reg: 6666 wmml need_notify 
reg: 8888 DSB  reg: 3333 3333 
reg: 4444 DSB  reg: 1111 Young need_notify  
reg: 7777 CQchappie need_notify 
close registration

-----1 Hand-----

----- clean player data in socket -----
seat/ 
button: 7777 2000 2000 
small blind: 6666 2000 2000 
big blind: 5555 2000 2000 
2222 2000 2000 
1111 2000 2000 
4444 2000 2000 
3333 2000 2000 
8888 2000 2000 
/seat 
blind/ 
6666: 20 
5555: 40 
/blind 
player 6666:hold/ 
HEARTS 8 
SPADES 4 
/hold 
player 5555:hold/ 
HEARTS 3 
DIAMONDS 9 
/hold 
player 2222:hold/ 
HEARTS 6 
CLUBS 9 
/hold 
player 1111:hold/ 
DIAMONDS 6 
DIAMONDS 4 
/hold 
player 4444:hold/ 
DIAMONDS 5 
HEARTS 2 
/hold 
player 3333:hold/ 
DIAMONDS 3 
SPADES 9 
/hold 
player 8888:hold/ 
DIAMONDS 10 
CLUBS 3 
/hold 
player 7777:hold/ 
SPADES 10 
DIAMONDS 7 
/hold 

---pre flop round bet---
valid player: 8, all in player: 0, fold player: 0
send inquire msg to player 2222 
inquire/ 
5555 1960 2000 40 blind 
6666 1980 2000 20 blind 
total pot: 60 
/inquire 
recv from player 2222: fold 

send inquire msg to player 1111 
inquire/ 
2222 2000 2000 0 fold 
5555 1960 2000 40 blind 
6666 1980 2000 20 blind 
total pot: 60 
/inquire 
recv from player 1111: fold 

send inquire msg to player 4444 
inquire/ 
1111 2000 2000 0 fold 
2222 2000 2000 0 fold 
5555 1960 2000 40 blind 
6666 1980 2000 20 blind 
total pot: 60 
/inquire 
recv from player 4444: fold 
send inquire msg to player 3333 
inquire/ 
4444 2000 2000 0 fold 
1111 2000 2000 0 fold 
2222 2000 2000 0 fold 
5555 1960 2000 40 blind 
6666 1980 2000 20 blind 
total pot: 60 
/inquire 
recv from player 3333: fold 

send inquire msg to player 8888 
inquire/ 
3333 2000 2000 0 fold 
4444 2000 2000 0 fold 
1111 2000 2000 0 fold 
2222 2000 2000 0 fold 
5555 1960 2000 40 blind 
6666 1980 2000 20 blind 
total pot: 60 
/inquire 
recv from player 8888: call 
send inquire msg to player 7777 
inquire/ 
8888 1960 2000 40 call 
3333 2000 2000 0 fold 
4444 2000 2000 0 fold 
1111 2000 2000 0 fold 
2222 2000 2000 0 fold 
5555 1960 2000 40 blind 
6666 1980 2000 20 blind 
total pot: 100 
/inquire 
recv from player 7777: fold 

send inquire msg to player 6666 
inquire/ 
7777 2000 2000 0 fold 
8888 1960 2000 40 call 
3333 2000 2000 0 fold 
4444 2000 2000 0 fold 
1111 2000 2000 0 fold 
2222 2000 2000 0 fold 
5555 1960 2000 40 blind 
6666 1980 2000 20 blind 
total pot: 100 
/inquire 
recv from player 6666: fold 

send inquire msg to player 5555 
inquire/ 
6666 1980 2000 20 fold 
7777 2000 2000 0 fold 
8888 1960 2000 40 call 
3333 2000 2000 0 fold 
4444 2000 2000 0 fold 
1111 2000 2000 0 fold 
2222 2000 2000 0 fold 
5555 1960 2000 40 blind 
total pot: 100 
/inquire 
recv from player 5555: call 
flop/ 
DIAMONDS Q 
CLUBS 7 
CLUBS 6 
/flop 

---flop round bet---
valid player: 8, all in player: 0, fold player: 6
send notify msg to player 6666 
notify/ 
7777 2000 2000 0 fold 
8888 1960 2000 40 call 
3333 2000 2000 0 fold 
4444 2000 2000 0 fold 
1111 2000 2000 0 fold 
2222 2000 2000 0 fold 
5555 1960 2000 40 check 
6666 1980 2000 20 fold 
total pot: 100 
/notify 
send inquire msg to player 5555 
inquire/ 
6666 1980 2000 20 fold 
7777 2000 2000 0 fold 
8888 1960 2000 40 call 
3333 2000 2000 0 fold 
4444 2000 2000 0 fold 
1111 2000 2000 0 fold 
2222 2000 2000 0 fold 
5555 1960 2000 40 check 
total pot: 100 
/inquire 
recv from player 5555: check 
send notify msg to player 1111 
notify/ 
2222 2000 2000 0 fold 
5555 1960 2000 40 check 
6666 1980 2000 20 fold 
7777 2000 2000 0 fold 
8888 1960 2000 40 call 
3333 2000 2000 0 fold 
4444 2000 2000 0 fold 
1111 2000 2000 0 fold 
total pot: 100 
/notify 
send inquire msg to player 8888 
inquire/ 
3333 2000 2000 0 fold 
4444 2000 2000 0 fold 
1111 2000 2000 0 fold 
2222 2000 2000 0 fold 
5555 1960 2000 40 check 
6666 1980 2000 20 fold 
7777 2000 2000 0 fold 
8888 1960 2000 40 call 
total pot: 100 
/inquire 
recv from player 8888: fold 

---turn round bet---
valid player: 8, all in player: 0, fold player: 7

---river round bet---
valid player: 8, all in player: 0, fold player: 7

----- notify msg last round -----
send notify msg to player 7777 
notify/ 
8888 1960 2000 40 fold 
3333 2000 2000 0 fold 
4444 2000 2000 0 fold 
1111 2000 2000 0 fold 
2222 2000 2000 0 fold 
5555 1960 2000 40 check 
6666 1980 2000 20 fold 
7777 2000 2000 0 fold 
total pot: 100 
/notify 
send notify msg to player 6666 
notify/ 
7777 2000 2000 0 fold 
8888 1960 2000 40 fold 
3333 2000 2000 0 fold 
4444 2000 2000 0 fold 
1111 2000 2000 0 fold 
2222 2000 2000 0 fold 
5555 1960 2000 40 check 
6666 1980 2000 20 fold 
total pot: 100 
/notify 
send notify msg to player 1111 
notify/ 
2222 2000 2000 0 fold 
5555 1960 2000 40 check 
6666 1980 2000 20 fold 
7777 2000 2000 0 fold 
8888 1960 2000 40 fold 
3333 2000 2000 0 fold 
4444 2000 2000 0 fold 
1111 2000 2000 0 fold 
total pot: 100 
/notify 

--- 1 players not fold, don't need show down---

---Allocate pot---
Only player at seat 1 not fold, win all the pot 100
pot-win/ 
5555: 100 
/pot-win 
it is player 6666's turn to be button

-----2 Hand-----

----- clean player data in socket -----
seat/ 
button: 6666 1980 2000 
small blind: 5555 2060 2000 
big blind: 2222 2000 2000 
1111 2000 2000 
4444 2000 2000 
3333 2000 2000 
8888 1960 2000 
7777 2000 2000 
/seat 
blind/ 
5555: 20 
2222: 40 
/blind 
player 5555:hold/ 
HEARTS 10 
SPADES J 
/hold 
player 2222:hold/ 
CLUBS 4 
SPADES 5 
/hold 
player 1111:hold/ 
DIAMONDS 7 
HEARTS Q 
/hold 
player 4444:hold/ 
CLUBS A 
CLUBS Q 
/hold 
player 3333:hold/ 
DIAMONDS J 
SPADES 6 
/hold 
player 8888:hold/ 
HEARTS K 
CLUBS 6 
/hold 
player 7777:hold/ 
HEARTS 9 
SPADES 9 
/hold 
player 6666:hold/ 
CLUBS K 
CLUBS 2 
/hold 

---pre flop round bet---
valid player: 8, all in player: 0, fold player: 0
send inquire msg to player 1111 
inquire/ 
2222 1960 2000 40 blind 
5555 2040 2000 20 blind 
total pot: 60 
/inquire 
recv from player 1111: fold 

send inquire msg to player 4444 
inquire/ 
1111 2000 2000 0 fold 
2222 1960 2000 40 blind 
5555 2040 2000 20 blind 
total pot: 60 
/inquire 
recv from player 4444: raise 200 
send inquire msg to player 3333 
inquire/ 
4444 1760 2000 240 raise 
1111 2000 2000 0 fold 
2222 1960 2000 40 blind 
5555 2040 2000 20 blind 
total pot: 300 
/inquire 
recv from player 3333: fold 

send inquire msg to player 8888 
inquire/ 
3333 2000 2000 0 fold 
4444 1760 2000 240 raise 
1111 2000 2000 0 fold 
2222 1960 2000 40 blind 
5555 2040 2000 20 blind 
total pot: 300 
/inquire 
recv from player 8888: fold 
send inquire msg to player 7777 
inquire/ 
8888 1960 2000 0 fold 
3333 2000 2000 0 fold 
4444 1760 2000 240 raise 
1111 2000 2000 0 fold 
2222 1960 2000 40 blind 
5555 2040 2000 20 blind 
total pot: 300 
/inquire 
recv from player 7777: raise 40 

send inquire msg to player 6666 
inquire/ 
7777 1560 2000 440 raise 
8888 1960 2000 0 fold 
3333 2000 2000 0 fold 
4444 1760 2000 240 raise 
1111 2000 2000 0 fold 
2222 1960 2000 40 blind 
5555 2040 2000 20 blind 
total pot: 740 
/inquire 
recv from player 6666: fold 

send inquire msg to player 5555 
inquire/ 
6666 1980 2000 0 fold 
7777 1560 2000 440 raise 
8888 1960 2000 0 fold 
3333 2000 2000 0 fold 
4444 1760 2000 240 raise 
1111 2000 2000 0 fold 
2222 1960 2000 40 blind 
5555 2040 2000 20 blind 
total pot: 740 
/inquire 
recv from player 5555: fold 
send inquire msg to player 2222 
inquire/ 
5555 2040 2000 20 fold 
6666 1980 2000 0 fold 
7777 1560 2000 440 raise 
8888 1960 2000 0 fold 
3333 2000 2000 0 fold 
4444 1760 2000 240 raise 
1111 2000 2000 0 fold 
2222 1960 2000 40 blind 
total pot: 740 
/inquire 
recv from player 2222: fold 

send notify msg to player 1111 
notify/ 
2222 1960 2000 40 fold 
5555 2040 2000 20 fold 
6666 1980 2000 0 fold 
7777 1560 2000 440 raise 
8888 1960 2000 0 fold 
3333 2000 2000 0 fold 
4444 1760 2000 240 raise 
1111 2000 2000 0 fold 
total pot: 740 
/notify 
send inquire msg to player 4444 
inquire/ 
1111 2000 2000 0 fold 
2222 1960 2000 40 fold 
5555 2040 2000 20 fold 
6666 1980 2000 0 fold 
7777 1560 2000 440 raise 
8888 1960 2000 0 fold 
3333 2000 2000 0 fold 
4444 1760 2000 240 raise 
total pot: 740 
/inquire 
recv from player 4444: call 
flop/ 
DIAMONDS 9 
SPADES 8 
CLUBS 9 
/flop 

---flop round bet---
valid player: 8, all in player: 0, fold player: 6
send notify msg to player 1111 
notify/ 
2222 1960 2000 40 fold 
5555 2040 2000 20 fold 
6666 1980 2000 0 fold 
7777 1560 2000 440 raise 
8888 1960 2000 0 fold 
3333 2000 2000 0 fold 
4444 1560 2000 440 call 
1111 2000 2000 0 fold 
total pot: 940 
/notify 
send inquire msg to player 4444 
inquire/ 
1111 2000 2000 0 fold 
2222 1960 2000 40 fold 
5555 2040 2000 20 fold 
6666 1980 2000 0 fold 
7777 1560 2000 440 raise 
8888 1960 2000 0 fold 
3333 2000 2000 0 fold 
4444 1560 2000 440 call 
total pot: 940 
/inquire 
recv from player 4444: call 
send inquire msg to player 7777 
inquire/ 
8888 1960 2000 0 fold 
3333 2000 2000 0 fold 
4444 1560 2000 440 check 
1111 2000 2000 0 fold 
2222 1960 2000 40 fold 
5555 2040 2000 20 fold 
6666 1980 2000 0 fold 
7777 1560 2000 440 raise 
total pot: 940 
/inquire 
recv from player 7777: raise 120 

send notify msg to player 6666 
notify/ 
7777 1440 2000 560 raise 
8888 1960 2000 0 fold 
3333 2000 2000 0 fold 
4444 1560 2000 440 check 
1111 2000 2000 0 fold 
2222 1960 2000 40 fold 
5555 2040 2000 20 fold 
6666 1980 2000 0 fold 
total pot: 1060 
/notify 
send notify msg to player 1111 
notify/ 
2222 1960 2000 40 fold 
5555 2040 2000 20 fold 
6666 1980 2000 0 fold 
7777 1440 2000 560 raise 
8888 1960 2000 0 fold 
3333 2000 2000 0 fold 
4444 1560 2000 440 check 
1111 2000 2000 0 fold 
total pot: 1060 
/notify 
send inquire msg to player 4444 
inquire/ 
1111 2000 2000 0 fold 
2222 1960 2000 40 fold 
5555 2040 2000 20 fold 
6666 1980 2000 0 fold 
7777 1440 2000 560 raise 
8888 1960 2000 0 fold 
3333 2000 2000 0 fold 
4444 1560 2000 440 check 
total pot: 1060 
/inquire 
recv from player 4444: call 
turn/ 
HEARTS 2 
/turn 

---turn round bet---
valid player: 8, all in player: 0, fold player: 6
send notify msg to player 1111 
notify/ 
2222 1960 2000 40 fold 
5555 2040 2000 20 fold 
6666 1980 2000 0 fold 
7777 1440 2000 560 raise 
8888 1960 2000 0 fold 
3333 2000 2000 0 fold 
4444 1440 2000 560 call 
1111 2000 2000 0 fold 
total pot: 1180 
/notify 
send inquire msg to player 4444 
inquire/ 
1111 2000 2000 0 fold 
2222 1960 2000 40 fold 
5555 2040 2000 20 fold 
6666 1980 2000 0 fold 
7777 1440 2000 560 raise 
8888 1960 2000 0 fold 
3333 2000 2000 0 fold 
4444 1440 2000 560 call 
total pot: 1180 
/inquire 
recv from player 4444: call 
send inquire msg to player 7777 
inquire/ 
8888 1960 2000 0 fold 
3333 2000 2000 0 fold 
4444 1440 2000 560 check 
1111 2000 2000 0 fold 
2222 1960 2000 40 fold 
5555 2040 2000 20 fold 
6666 1980 2000 0 fold 
7777 1440 2000 560 raise 
total pot: 1180 
/inquire 
recv from player 7777: raise 1180 

send notify msg to player 6666 
notify/ 
7777 260 2000 1740 raise 
8888 1960 2000 0 fold 
3333 2000 2000 0 fold 
4444 1440 2000 560 check 
1111 2000 2000 0 fold 
2222 1960 2000 40 fold 
5555 2040 2000 20 fold 
6666 1980 2000 0 fold 
total pot: 2360 
/notify 
send notify msg to player 1111 
notify/ 
2222 1960 2000 40 fold 
5555 2040 2000 20 fold 
6666 1980 2000 0 fold 
7777 260 2000 1740 raise 
8888 1960 2000 0 fold 
3333 2000 2000 0 fold 
4444 1440 2000 560 check 
1111 2000 2000 0 fold 
total pot: 2360 
/notify 
send inquire msg to player 4444 
inquire/ 
1111 2000 2000 0 fold 
2222 1960 2000 40 fold 
5555 2040 2000 20 fold 
6666 1980 2000 0 fold 
7777 260 2000 1740 raise 
8888 1960 2000 0 fold 
3333 2000 2000 0 fold 
4444 1440 2000 560 check 
total pot: 2360 
/inquire 
recv from player 4444: fold 

---river round bet---
valid player: 8, all in player: 0, fold player: 7

----- notify msg last round -----
send notify msg to player 7777 
notify/ 
8888 1960 2000 0 fold 
3333 2000 2000 0 fold 
4444 1440 2000 560 fold 
1111 2000 2000 0 fold 
2222 1960 2000 40 fold 
5555 2040 2000 20 fold 
6666 1980 2000 0 fold 
7777 260 2000 1740 raise 
total pot: 2360 
/notify 
send notify msg to player 6666 
notify/ 
7777 260 2000 1740 raise 
8888 1960 2000 0 fold 
3333 2000 2000 0 fold 
4444 1440 2000 560 fold 
1111 2000 2000 0 fold 
2222 1960 2000 40 fold 
5555 2040 2000 20 fold 
6666 1980 2000 0 fold 
total pot: 2360 
/notify 
send notify msg to player 1111 
notify/ 
2222 1960 2000 40 fold 
5555 2040 2000 20 fold 
6666 1980 2000 0 fold 
7777 260 2000 1740 raise 
8888 1960 2000 0 fold 
3333 2000 2000 0 fold 
4444 1440 2000 560 fold 
1111 2000 2000 0 fold 
total pot: 2360 
/notify 

--- 1 players not fold, don't need show down---

---Allocate pot---
Only player at seat 6 not fold, win all the pot 2360
pot-win/ 
7777: 2360 
/pot-win 
it is player 5555's turn to be button

-----3 Hand-----

----- clean player data in socket -----
seat/ 
button: 5555 2040 2000 
small blind: 2222 1960 2000 
big blind: 1111 2000 2000 
4444 1440 2000 
3333 2000 2000 
8888 1960 2000 
7777 2620 2000 
6666 1980 2000 
/seat 
blind/ 
2222: 20 
1111: 40 
/blind 
player 2222:hold/ 
DIAMONDS 5 
CLUBS J 
/hold 
player 1111:hold/ 
SPADES 4 
CLUBS Q 
/hold 
player 4444:hold/ 
CLUBS 9 
CLUBS 2 
/hold 
player 3333:hold/ 
DIAMONDS Q 
CLUBS 6 
/hold 
player 8888:hold/ 
HEARTS A 
DIAMONDS 7 
/hold 
player 7777:hold/ 
HEARTS 4 
DIAMONDS 8 
/hold 
player 6666:hold/ 
SPADES 7 
CLUBS 5 
/hold 
player 5555:hold/ 
HEARTS 9 
SPADES 2 
/hold 

---pre flop round bet---
valid player: 8, all in player: 0, fold player: 0
send inquire msg to player 4444 
inquire/ 
1111 1960 2000 40 blind 
2222 1940 2000 20 blind 
total pot: 60 
/inquire 
recv from player 4444: call 
send inquire msg to player 3333 
inquire/ 
4444 1400 2000 40 call 
1111 1960 2000 40 blind 
2222 1940 2000 20 blind 
total pot: 100 
/inquire 
recv from player 3333: fold 

send inquire msg to player 8888 
inquire/ 
3333 2000 2000 0 fold 
4444 1400 2000 40 call 
1111 1960 2000 40 blind 
2222 1940 2000 20 blind 
total pot: 100 
/inquire 
recv from player 8888: call 
send inquire msg to player 7777 
inquire/ 
8888 1920 2000 40 call 
3333 2000 2000 0 fold 
4444 1400 2000 40 call 
1111 1960 2000 40 blind 
2222 1940 2000 20 blind 
total pot: 140 
/inquire 
recv from player 7777: fold 

send inquire msg to player 6666 
inquire/ 
7777 2620 2000 0 fold 
8888 1920 2000 40 call 
3333 2000 2000 0 fold 
4444 1400 2000 40 call 
1111 1960 2000 40 blind 
2222 1940 2000 20 blind 
total pot: 140 
/inquire 
recv from player 6666: fold 

send inquire msg to player 5555 
inquire/ 
6666 1980 2000 0 fold 
7777 2620 2000 0 fold 
8888 1920 2000 40 call 
3333 2000 2000 0 fold 
4444 1400 2000 40 call 
1111 1960 2000 40 blind 
2222 1940 2000 20 blind 
total pot: 140 
/inquire 
recv from player 5555: call 
send inquire msg to player 2222 
inquire/ 
5555 2000 2000 40 call 
6666 1980 2000 0 fold 
7777 2620 2000 0 fold 
8888 1920 2000 40 call 
3333 2000 2000 0 fold 
4444 1400 2000 40 call 
1111 1960 2000 40 blind 
2222 1940 2000 20 blind 
total pot: 180 
/inquire 
recv from player 2222: call 

send inquire msg to player 1111 
inquire/ 
2222 1920 2000 40 call 
5555 2000 2000 40 call 
6666 1980 2000 0 fold 
7777 2620 2000 0 fold 
8888 1920 2000 40 call 
3333 2000 2000 0 fold 
4444 1400 2000 40 call 
1111 1960 2000 40 blind 
total pot: 200 
/inquire 
recv from player 1111: check 

flop/ 
SPADES 10 
DIAMONDS 6 
HEARTS 3 
/flop 

---flop round bet---
valid player: 8, all in player: 0, fold player: 3
send inquire msg to player 2222 
inquire/ 
5555 2000 2000 40 call 
6666 1980 2000 0 fold 
7777 2620 2000 0 fold 
8888 1920 2000 40 call 
3333 2000 2000 0 fold 
4444 1400 2000 40 call 
1111 1960 2000 40 check 
2222 1920 2000 40 call 
total pot: 200 
/inquire 
recv from player 2222: call 

send inquire msg to player 1111 
inquire/ 
2222 1920 2000 40 check 
5555 2000 2000 40 call 
6666 1980 2000 0 fold 
7777 2620 2000 0 fold 
8888 1920 2000 40 call 
3333 2000 2000 0 fold 
4444 1400 2000 40 call 
1111 1960 2000 40 check 
total pot: 200 
/inquire 
recv from player 1111: check 

send inquire msg to player 4444 
inquire/ 
1111 1960 2000 40 check 
2222 1920 2000 40 check 
5555 2000 2000 40 call 
6666 1980 2000 0 fold 
7777 2620 2000 0 fold 
8888 1920 2000 40 call 
3333 2000 2000 0 fold 
4444 1400 2000 40 call 
total pot: 200 
/inquire 
recv from player 4444: fold 
send inquire msg to player 8888 
inquire/ 
3333 2000 2000 0 fold 
4444 1400 2000 40 fold 
1111 1960 2000 40 check 
2222 1920 2000 40 check 
5555 2000 2000 40 call 
6666 1980 2000 0 fold 
7777 2620 2000 0 fold 
8888 1920 2000 40 call 
total pot: 200 
/inquire 
recv from player 8888: call 
send notify msg to player 7777 
notify/ 
8888 1920 2000 40 check 
3333 2000 2000 0 fold 
4444 1400 2000 40 fold 
1111 1960 2000 40 check 
2222 1920 2000 40 check 
5555 2000 2000 40 call 
6666 1980 2000 0 fold 
7777 2620 2000 0 fold 
total pot: 200 
/notify 
send notify msg to player 6666 
notify/ 
7777 2620 2000 0 fold 
8888 1920 2000 40 check 
3333 2000 2000 0 fold 
4444 1400 2000 40 fold 
1111 1960 2000 40 check 
2222 1920 2000 40 check 
5555 2000 2000 40 call 
6666 1980 2000 0 fold 
total pot: 200 
/notify 
send inquire msg to player 5555 
inquire/ 
6666 1980 2000 0 fold 
7777 2620 2000 0 fold 
8888 1920 2000 40 check 
3333 2000 2000 0 fold 
4444 1400 2000 40 fold 
1111 1960 2000 40 check 
2222 1920 2000 40 check 
5555 2000 2000 40 call 
total pot: 200 
/inquire 
recv from player 5555: fold 
turn/ 
DIAMONDS 3 
/turn 

---turn round bet---
valid player: 8, all in player: 0, fold player: 5
send inquire msg to player 2222 
inquire/ 
5555 2000 2000 40 fold 
6666 1980 2000 0 fold 
7777 2620 2000 0 fold 
8888 1920 2000 40 check 
3333 2000 2000 0 fold 
4444 1400 2000 40 fold 
1111 1960 2000 40 check 
2222 1920 2000 40 check 
total pot: 200 
/inquire 
recv from player 2222: call 

send inquire msg to player 1111 
inquire/ 
2222 1920 2000 40 check 
5555 2000 2000 40 fold 
6666 1980 2000 0 fold 
7777 2620 2000 0 fold 
8888 1920 2000 40 check 
3333 2000 2000 0 fold 
4444 1400 2000 40 fold 
1111 1960 2000 40 check 
total pot: 200 
/inquire 
recv from player 1111: check 

send inquire msg to player 8888 
inquire/ 
3333 2000 2000 0 fold 
4444 1400 2000 40 fold 
1111 1960 2000 40 check 
2222 1920 2000 40 check 
5555 2000 2000 40 fold 
6666 1980 2000 0 fold 
7777 2620 2000 0 fold 
8888 1920 2000 40 check 
total pot: 200 
/inquire 
recv from player 8888: check 
river/ 
SPADES 9 
/river 

---river round bet---
valid player: 8, all in player: 0, fold player: 5
send inquire msg to player 2222 
inquire/ 
5555 2000 2000 40 fold 
6666 1980 2000 0 fold 
7777 2620 2000 0 fold 
8888 1920 2000 40 check 
3333 2000 2000 0 fold 
4444 1400 2000 40 fold 
1111 1960 2000 40 check 
2222 1920 2000 40 check 
total pot: 200 
/inquire 
recv from player 2222: call 

send inquire msg to player 1111 
inquire/ 
2222 1920 2000 40 check 
5555 2000 2000 40 fold 
6666 1980 2000 0 fold 
7777 2620 2000 0 fold 
8888 1920 2000 40 check 
3333 2000 2000 0 fold 
4444 1400 2000 40 fold 
1111 1960 2000 40 check 
total pot: 200 
/inquire 
recv from player 1111: check 

send inquire msg to player 8888 
inquire/ 
3333 2000 2000 0 fold 
4444 1400 2000 40 fold 
1111 1960 2000 40 check 
2222 1920 2000 40 check 
5555 2000 2000 40 fold 
6666 1980 2000 0 fold 
7777 2620 2000 0 fold 
8888 1920 2000 40 check 
total pot: 200 
/inquire 
recv from player 8888: check 

----- notify msg last round -----
send notify msg to player 7777 
notify/ 
8888 1920 2000 40 check 
3333 2000 2000 0 fold 
4444 1400 2000 40 fold 
1111 1960 2000 40 check 
2222 1920 2000 40 check 
5555 2000 2000 40 fold 
6666 1980 2000 0 fold 
7777 2620 2000 0 fold 
total pot: 200 
/notify 
send notify msg to player 6666 
notify/ 
7777 2620 2000 0 fold 
8888 1920 2000 40 check 
3333 2000 2000 0 fold 
4444 1400 2000 40 fold 
1111 1960 2000 40 check 
2222 1920 2000 40 check 
5555 2000 2000 40 fold 
6666 1980 2000 0 fold 
total pot: 200 
/notify 
send notify msg to player 1111 
notify/ 
2222 1920 2000 40 check 
5555 2000 2000 40 fold 
6666 1980 2000 0 fold 
7777 2620 2000 0 fold 
8888 1920 2000 40 check 
3333 2000 2000 0 fold 
4444 1400 2000 40 fold 
1111 1960 2000 40 check 
total pot: 200 
/notify 

---show down---
showdown/ 
common/ 
SPADES 10 
DIAMONDS 6 
HEARTS 3 
DIAMONDS 3 
SPADES 9 
/common 
3: 2222 DIAMONDS 5 CLUBS J ONE_PAIR 
2: 1111 SPADES 4 CLUBS Q ONE_PAIR 
1: 8888 HEARTS A DIAMONDS 7 ONE_PAIR 
/showdown 

---Allocate pot---
pot-win/ 
8888: 200 
/pot-win 
it is player 2222's turn to be button

-----4 Hand-----

----- clean player data in socket -----
seat/ 
button: 2222 1920 2000 
small blind: 1111 1960 2000 
big blind: 4444 1400 2000 
3333 2000 2000 
8888 2120 2000 
7777 2620 2000 
6666 1980 2000 
5555 2000 2000 
/seat 
blind/ 
1111: 20 
4444: 40 
/blind 
player 1111:hold/ 
DIAMONDS K 
HEARTS K 
/hold 
player 4444:hold/ 
DIAMONDS 5 
HEARTS Q 
/hold 
player 3333:hold/ 
CLUBS 8 
CLUBS K 
/hold 
player 8888:hold/ 
CLUBS 10 
SPADES 2 
/hold 
player 7777:hold/ 
DIAMONDS A 
HEARTS 7 
/hold 
player 6666:hold/ 
DIAMONDS 6 
HEARTS 8 
/hold 
player 5555:hold/ 
SPADES 10 
HEARTS 3 
/hold 
player 2222:hold/ 
SPADES 9 
CLUBS 5 
/hold 

---pre flop round bet---
valid player: 8, all in player: 0, fold player: 0
send inquire msg to player 3333 
inquire/ 
4444 1360 2000 40 blind 
1111 1940 2000 20 blind 
total pot: 60 
/inquire 
recv from player 3333: fold 

send inquire msg to player 8888 
inquire/ 
3333 2000 2000 0 fold 
4444 1360 2000 40 blind 
1111 1940 2000 20 blind 
total pot: 60 
/inquire 
recv from player 8888: call 
send inquire msg to player 7777 
inquire/ 
8888 2080 2000 40 call 
3333 2000 2000 0 fold 
4444 1360 2000 40 blind 
1111 1940 2000 20 blind 
total pot: 100 
/inquire 
recv from player 7777: fold 

send inquire msg to player 6666 
inquire/ 
7777 2620 2000 0 fold 
8888 2080 2000 40 call 
3333 2000 2000 0 fold 
4444 1360 2000 40 blind 
1111 1940 2000 20 blind 
total pot: 100 
/inquire 
recv from player 6666: fold 

send inquire msg to player 5555 
inquire/ 
6666 1980 2000 0 fold 
7777 2620 2000 0 fold 
8888 2080 2000 40 call 
3333 2000 2000 0 fold 
4444 1360 2000 40 blind 
1111 1940 2000 20 blind 
total pot: 100 
/inquire 
recv from player 5555: call 
send inquire msg to player 2222 
inquire/ 
5555 1960 2000 40 call 
6666 1980 2000 0 fold 
7777 2620 2000 0 fold 
8888 2080 2000 40 call 
3333 2000 2000 0 fold 
4444 1360 2000 40 blind 
1111 1940 2000 20 blind 
total pot: 140 
/inquire 
recv from player 2222: fold 

send inquire msg to player 1111 
inquire/ 
2222 1920 2000 0 fold 
5555 1960 2000 40 call 
6666 1980 2000 0 fold 
7777 2620 2000 0 fold 
8888 2080 2000 40 call 
3333 2000 2000 0 fold 
4444 1360 2000 40 blind 
1111 1940 2000 20 blind 
total pot: 140 
/inquire 
recv from player 1111: call 

send inquire msg to player 4444 
inquire/ 
1111 1920 2000 40 call 
2222 1920 2000 0 fold 
5555 1960 2000 40 call 
6666 1980 2000 0 fold 
7777 2620 2000 0 fold 
8888 2080 2000 40 call 
3333 2000 2000 0 fold 
4444 1360 2000 40 blind 
total pot: 160 
/inquire 
recv from player 4444: call 
flop/ 
CLUBS 9 
DIAMONDS 9 
DIAMONDS 7 
/flop 

---flop round bet---
valid player: 8, all in player: 0, fold player: 4
send inquire msg to player 1111 
inquire/ 
2222 1920 2000 0 fold 
5555 1960 2000 40 call 
6666 1980 2000 0 fold 
7777 2620 2000 0 fold 
8888 2080 2000 40 call 
3333 2000 2000 0 fold 
4444 1360 2000 40 check 
1111 1920 2000 40 call 
total pot: 160 
/inquire 
recv from player 1111: call 

send inquire msg to player 4444 
inquire/ 
1111 1920 2000 40 check 
2222 1920 2000 0 fold 
5555 1960 2000 40 call 
6666 1980 2000 0 fold 
7777 2620 2000 0 fold 
8888 2080 2000 40 call 
3333 2000 2000 0 fold 
4444 1360 2000 40 check 
total pot: 160 
/inquire 
recv from player 4444: check 
send inquire msg to player 8888 
inquire/ 
3333 2000 2000 0 fold 
4444 1360 2000 40 check 
1111 1920 2000 40 check 
2222 1920 2000 0 fold 
5555 1960 2000 40 call 
6666 1980 2000 0 fold 
7777 2620 2000 0 fold 
8888 2080 2000 40 call 
total pot: 160 
/inquire 
recv from player 8888: call 
send notify msg to player 7777 
notify/ 
8888 2080 2000 40 check 
3333 2000 2000 0 fold 
4444 1360 2000 40 check 
1111 1920 2000 40 check 
2222 1920 2000 0 fold 
5555 1960 2000 40 call 
6666 1980 2000 0 fold 
7777 2620 2000 0 fold 
total pot: 160 
/notify 
send notify msg to player 6666 
notify/ 
7777 2620 2000 0 fold 
8888 2080 2000 40 check 
3333 2000 2000 0 fold 
4444 1360 2000 40 check 
1111 1920 2000 40 check 
2222 1920 2000 0 fold 
5555 1960 2000 40 call 
6666 1980 2000 0 fold 
total pot: 160 
/notify 
send inquire msg to player 5555 
inquire/ 
6666 1980 2000 0 fold 
7777 2620 2000 0 fold 
8888 2080 2000 40 check 
3333 2000 2000 0 fold 
4444 1360 2000 40 check 
1111 1920 2000 40 check 
2222 1920 2000 0 fold 
5555 1960 2000 40 call 
total pot: 160 
/inquire 
recv from player 5555: call 
turn/ 
HEARTS 6 
/turn 

---turn round bet---
valid player: 8, all in player: 0, fold player: 4
send inquire msg to player 1111 
inquire/ 
2222 1920 2000 0 fold 
5555 1960 2000 40 check 
6666 1980 2000 0 fold 
7777 2620 2000 0 fold 
8888 2080 2000 40 check 
3333 2000 2000 0 fold 
4444 1360 2000 40 check 
1111 1920 2000 40 check 
total pot: 160 
/inquire 
recv from player 1111: call 

send inquire msg to player 4444 
inquire/ 
1111 1920 2000 40 check 
2222 1920 2000 0 fold 
5555 1960 2000 40 check 
6666 1980 2000 0 fold 
7777 2620 2000 0 fold 
8888 2080 2000 40 check 
3333 2000 2000 0 fold 
4444 1360 2000 40 check 
total pot: 160 
/inquire 
recv from player 4444: check 
send inquire msg to player 8888 
inquire/ 
3333 2000 2000 0 fold 
4444 1360 2000 40 check 
1111 1920 2000 40 check 
2222 1920 2000 0 fold 
5555 1960 2000 40 check 
6666 1980 2000 0 fold 
7777 2620 2000 0 fold 
8888 2080 2000 40 check 
total pot: 160 
/inquire 
recv from player 8888: check 
send notify msg to player 7777 
notify/ 
8888 2080 2000 40 check 
3333 2000 2000 0 fold 
4444 1360 2000 40 check 
1111 1920 2000 40 check 
2222 1920 2000 0 fold 
5555 1960 2000 40 check 
6666 1980 2000 0 fold 
7777 2620 2000 0 fold 
total pot: 160 
/notify 
send notify msg to player 6666 
notify/ 
7777 2620 2000 0 fold 
8888 2080 2000 40 check 
3333 2000 2000 0 fold 
4444 1360 2000 40 check 
1111 1920 2000 40 check 
2222 1920 2000 0 fold 
5555 1960 2000 40 check 
6666 1980 2000 0 fold 
total pot: 160 
/notify 
send inquire msg to player 5555 
inquire/ 
6666 1980 2000 0 fold 
7777 2620 2000 0 fold 
8888 2080 2000 40 check 
3333 2000 2000 0 fold 
4444 1360 2000 40 check 
1111 1920 2000 40 check 
2222 1920 2000 0 fold 
5555 1960 2000 40 check 
total pot: 160 
/inquire 
recv from player 5555: check 
river/ 
DIAMONDS Q 
/river 

---river round bet---
valid player: 8, all in player: 0, fold player: 4
send inquire msg to player 1111 
inquire/ 
2222 1920 2000 0 fold 
5555 1960 2000 40 check 
6666 1980 2000 0 fold 
7777 2620 2000 0 fold 
8888 2080 2000 40 check 
3333 2000 2000 0 fold 
4444 1360 2000 40 check 
1111 1920 2000 40 check 
total pot: 160 
/inquire 
recv from player 1111: check 

send inquire msg to player 4444 
inquire/ 
1111 1920 2000 40 check 
2222 1920 2000 0 fold 
5555 1960 2000 40 check 
6666 1980 2000 0 fold 
7777 2620 2000 0 fold 
8888 2080 2000 40 check 
3333 2000 2000 0 fold 
4444 1360 2000 40 check 
total pot: 160 
/inquire 
recv from player 4444: check 
send inquire msg to player 8888 
inquire/ 
3333 2000 2000 0 fold 
4444 1360 2000 40 check 
1111 1920 2000 40 check 
2222 1920 2000 0 fold 
5555 1960 2000 40 check 
6666 1980 2000 0 fold 
7777 2620 2000 0 fold 
8888 2080 2000 40 check 
total pot: 160 
/inquire 
recv from player 8888: check 
send notify msg to player 7777 
notify/ 
8888 2080 2000 40 check 
3333 2000 2000 0 fold 
4444 1360 2000 40 check 
1111 1920 2000 40 check 
2222 1920 2000 0 fold 
5555 1960 2000 40 check 
6666 1980 2000 0 fold 
7777 2620 2000 0 fold 
total pot: 160 
/notify 
send notify msg to player 6666 
notify/ 
7777 2620 2000 0 fold 
8888 2080 2000 40 check 
3333 2000 2000 0 fold 
4444 1360 2000 40 check 
1111 1920 2000 40 check 
2222 1920 2000 0 fold 
5555 1960 2000 40 check 
6666 1980 2000 0 fold 
total pot: 160 
/notify 
send inquire msg to player 5555 
inquire/ 
6666 1980 2000 0 fold 
7777 2620 2000 0 fold 
8888 2080 2000 40 check 
3333 2000 2000 0 fold 
4444 1360 2000 40 check 
1111 1920 2000 40 check 
2222 1920 2000 0 fold 
5555 1960 2000 40 check 
total pot: 160 
/inquire 
recv from player 5555: check 

----- notify msg last round -----
send notify msg to player 1111 
notify/ 
2222 1920 2000 0 fold 
5555 1960 2000 40 check 
6666 1980 2000 0 fold 
7777 2620 2000 0 fold 
8888 2080 2000 40 check 
3333 2000 2000 0 fold 
4444 1360 2000 40 check 
1111 1920 2000 40 check 
total pot: 160 
/notify 
send notify msg to player 7777 
notify/ 
8888 2080 2000 40 check 
3333 2000 2000 0 fold 
4444 1360 2000 40 check 
1111 1920 2000 40 check 
2222 1920 2000 0 fold 
5555 1960 2000 40 check 
6666 1980 2000 0 fold 
7777 2620 2000 0 fold 
total pot: 160 
/notify 
send notify msg to player 6666 
notify/ 
7777 2620 2000 0 fold 
8888 2080 2000 40 check 
3333 2000 2000 0 fold 
4444 1360 2000 40 check 
1111 1920 2000 40 check 
2222 1920 2000 0 fold 
5555 1960 2000 40 check 
6666 1980 2000 0 fold 
total pot: 160 
/notify 

---show down---
showdown/ 
common/ 
CLUBS 9 
DIAMONDS 9 
DIAMONDS 7 
HEARTS 6 
DIAMONDS Q 
/common 
1: 1111 DIAMONDS K HEARTS K TWO_PAIR 
2: 4444 DIAMONDS 5 HEARTS Q TWO_PAIR 
3: 8888 CLUBS 10 SPADES 2 ONE_PAIR 
3: 5555 SPADES 10 HEARTS 3 ONE_PAIR 
/showdown 

---Allocate pot---
pot-win/ 
1111: 160 
/pot-win 
it is player 1111's turn to be button

-----5 Hand-----

----- clean player data in socket -----
seat/ 
button: 1111 2080 2000 
small blind: 4444 1360 2000 
big blind: 3333 2000 2000 
8888 2080 2000 
7777 2620 2000 
6666 1980 2000 
5555 1960 2000 
2222 1920 2000 
/seat 
blind/ 
4444: 20 
3333: 40 
/blind 
player 4444:hold/ 
HEARTS Q 
SPADES 6 
/hold 
player 3333:hold/ 
DIAMONDS 9 
DIAMONDS 8 
/hold 
player 8888:hold/ 
CLUBS K 
CLUBS 9 
/hold 
player 7777:hold/ 
SPADES 7 
DIAMONDS 10 
/hold 
player 6666:hold/ 
DIAMONDS 4 
SPADES 2 
/hold 
player 5555:hold/ 
DIAMONDS 2 
SPADES 9 
/hold 
player 2222:hold/ 
SPADES 4 
SPADES 8 
/hold 
player 1111:hold/ 
DIAMONDS K 
HEARTS 4 
/hold 

---pre flop round bet---
valid player: 8, all in player: 0, fold player: 0
send inquire msg to player 8888 
inquire/ 
3333 1960 2000 40 blind 
4444 1340 2000 20 blind 
total pot: 60 
/inquire 
recv from player 8888: call 
send inquire msg to player 7777 
inquire/ 
8888 2040 2000 40 call 
3333 1960 2000 40 blind 
4444 1340 2000 20 blind 
total pot: 100 
/inquire 
recv from player 7777: fold 

send inquire msg to player 6666 
inquire/ 
7777 2620 2000 0 fold 
8888 2040 2000 40 call 
3333 1960 2000 40 blind 
4444 1340 2000 20 blind 
total pot: 100 
/inquire 
recv from player 6666: fold 

send inquire msg to player 5555 
inquire/ 
6666 1980 2000 0 fold 
7777 2620 2000 0 fold 
8888 2040 2000 40 call 
3333 1960 2000 40 blind 
4444 1340 2000 20 blind 
total pot: 100 
/inquire 
recv from player 5555: call 
send inquire msg to player 2222 
inquire/ 
5555 1920 2000 40 call 
6666 1980 2000 0 fold 
7777 2620 2000 0 fold 
8888 2040 2000 40 call 
3333 1960 2000 40 blind 
4444 1340 2000 20 blind 
total pot: 140 
/inquire 
recv from player 2222: fold 

send inquire msg to player 1111 
inquire/ 
2222 1920 2000 0 fold 
5555 1920 2000 40 call 
6666 1980 2000 0 fold 
7777 2620 2000 0 fold 
8888 2040 2000 40 call 
3333 1960 2000 40 blind 
4444 1340 2000 20 blind 
total pot: 140 
/inquire 
recv from player 1111: fold 

send inquire msg to player 4444 
inquire/ 
1111 2080 2000 0 fold 
2222 1920 2000 0 fold 
5555 1920 2000 40 call 
6666 1980 2000 0 fold 
7777 2620 2000 0 fold 
8888 2040 2000 40 call 
3333 1960 2000 40 blind 
4444 1340 2000 20 blind 
total pot: 140 
/inquire 
recv from player 4444: call 
send inquire msg to player 3333 
inquire/ 
4444 1320 2000 40 call 
1111 2080 2000 0 fold 
2222 1920 2000 0 fold 
5555 1920 2000 40 call 
6666 1980 2000 0 fold 
7777 2620 2000 0 fold 
8888 2040 2000 40 call 
3333 1960 2000 40 blind 
total pot: 160 
/inquire 
recv from player 3333: check 

flop/ 
HEARTS 5 
DIAMONDS J 
SPADES 5 
/flop 

---flop round bet---
valid player: 8, all in player: 0, fold player: 4
send inquire msg to player 4444 
inquire/ 
1111 2080 2000 0 fold 
2222 1920 2000 0 fold 
5555 1920 2000 40 call 
6666 1980 2000 0 fold 
7777 2620 2000 0 fold 
8888 2040 2000 40 call 
3333 1960 2000 40 check 
4444 1320 2000 40 call 
total pot: 160 
/inquire 
recv from player 4444: fold 
send inquire msg to player 3333 
inquire/ 
4444 1320 2000 40 fold 
1111 2080 2000 0 fold 
2222 1920 2000 0 fold 
5555 1920 2000 40 call 
6666 1980 2000 0 fold 
7777 2620 2000 0 fold 
8888 2040 2000 40 call 
3333 1960 2000 40 check 
total pot: 160 
/inquire 
recv from player 3333: check 

send inquire msg to player 8888 
inquire/ 
3333 1960 2000 40 check 
4444 1320 2000 40 fold 
1111 2080 2000 0 fold 
2222 1920 2000 0 fold 
5555 1920 2000 40 call 
6666 1980 2000 0 fold 
7777 2620 2000 0 fold 
8888 2040 2000 40 call 
total pot: 160 
/inquire 
recv from player 8888: call 
send notify msg to player 7777 
notify/ 
8888 2040 2000 40 check 
3333 1960 2000 40 check 
4444 1320 2000 40 fold 
1111 2080 2000 0 fold 
2222 1920 2000 0 fold 
5555 1920 2000 40 call 
6666 1980 2000 0 fold 
7777 2620 2000 0 fold 
total pot: 160 
/notify 
send notify msg to player 6666 
notify/ 
7777 2620 2000 0 fold 
8888 2040 2000 40 check 
3333 1960 2000 40 check 
4444 1320 2000 40 fold 
1111 2080 2000 0 fold 
2222 1920 2000 0 fold 
5555 1920 2000 40 call 
6666 1980 2000 0 fold 
total pot: 160 
/notify 
send inquire msg to player 5555 
inquire/ 
6666 1980 2000 0 fold 
7777 2620 2000 0 fold 
8888 2040 2000 40 check 
3333 1960 2000 40 check 
4444 1320 2000 40 fold 
1111 2080 2000 0 fold 
2222 1920 2000 0 fold 
5555 1920 2000 40 call 
total pot: 160 
/inquire 
recv from player 5555: call 
turn/ 
CLUBS 4 
/turn 

---turn round bet---
valid player: 8, all in player: 0, fold player: 5
send inquire msg to player 3333 
inquire/ 
4444 1320 2000 40 fold 
1111 2080 2000 0 fold 
2222 1920 2000 0 fold 
5555 1920 2000 40 check 
6666 1980 2000 0 fold 
7777 2620 2000 0 fold 
8888 2040 2000 40 check 
3333 1960 2000 40 check 
total pot: 160 
/inquire 
recv from player 3333: check 

send inquire msg to player 8888 
inquire/ 
3333 1960 2000 40 check 
4444 1320 2000 40 fold 
1111 2080 2000 0 fold 
2222 1920 2000 0 fold 
5555 1920 2000 40 check 
6666 1980 2000 0 fold 
7777 2620 2000 0 fold 
8888 2040 2000 40 check 
total pot: 160 
/inquire 
recv from player 8888: check 
send notify msg to player 7777 
notify/ 
8888 2040 2000 40 check 
3333 1960 2000 40 check 
4444 1320 2000 40 fold 
1111 2080 2000 0 fold 
2222 1920 2000 0 fold 
5555 1920 2000 40 check 
6666 1980 2000 0 fold 
7777 2620 2000 0 fold 
total pot: 160 
/notify 
send notify msg to player 6666 
notify/ 
7777 2620 2000 0 fold 
8888 2040 2000 40 check 
3333 1960 2000 40 check 
4444 1320 2000 40 fold 
1111 2080 2000 0 fold 
2222 1920 2000 0 fold 
5555 1920 2000 40 check 
6666 1980 2000 0 fold 
total pot: 160 
/notify 
send inquire msg to player 5555 
inquire/ 
6666 1980 2000 0 fold 
7777 2620 2000 0 fold 
8888 2040 2000 40 check 
3333 1960 2000 40 check 
4444 1320 2000 40 fold 
1111 2080 2000 0 fold 
2222 1920 2000 0 fold 
5555 1920 2000 40 check 
total pot: 160 
/inquire 
recv from player 5555: check 
river/ 
HEARTS 10 
/river 

---river round bet---
valid player: 8, all in player: 0, fold player: 5
send inquire msg to player 3333 
inquire/ 
4444 1320 2000 40 fold 
1111 2080 2000 0 fold 
2222 1920 2000 0 fold 
5555 1920 2000 40 check 
6666 1980 2000 0 fold 
7777 2620 2000 0 fold 
8888 2040 2000 40 check 
3333 1960 2000 40 check 
total pot: 160 
/inquire 
recv from player 3333: check 

send inquire msg to player 8888 
inquire/ 
3333 1960 2000 40 check 
4444 1320 2000 40 fold 
1111 2080 2000 0 fold 
2222 1920 2000 0 fold 
5555 1920 2000 40 check 
6666 1980 2000 0 fold 
7777 2620 2000 0 fold 
8888 2040 2000 40 check 
total pot: 160 
/inquire 
recv from player 8888: check 
send notify msg to player 7777 
notify/ 
8888 2040 2000 40 check 
3333 1960 2000 40 check 
4444 1320 2000 40 fold 
1111 2080 2000 0 fold 
2222 1920 2000 0 fold 
5555 1920 2000 40 check 
6666 1980 2000 0 fold 
7777 2620 2000 0 fold 
total pot: 160 
/notify 
send notify msg to player 6666 
notify/ 
7777 2620 2000 0 fold 
8888 2040 2000 40 check 
3333 1960 2000 40 check 
4444 1320 2000 40 fold 
1111 2080 2000 0 fold 
2222 1920 2000 0 fold 
5555 1920 2000 40 check 
6666 1980 2000 0 fold 
total pot: 160 
/notify 
send inquire msg to player 5555 
inquire/ 
6666 1980 2000 0 fold 
7777 2620 2000 0 fold 
8888 2040 2000 40 check 
3333 1960 2000 40 check 
4444 1320 2000 40 fold 
1111 2080 2000 0 fold 
2222 1920 2000 0 fold 
5555 1920 2000 40 check 
total pot: 160 
/inquire 
recv from player 5555: check 

----- notify msg last round -----
send notify msg to player 1111 
notify/ 
2222 1920 2000 0 fold 
5555 1920 2000 40 check 
6666 1980 2000 0 fold 
7777 2620 2000 0 fold 
8888 2040 2000 40 check 
3333 1960 2000 40 check 
4444 1320 2000 40 fold 
1111 2080 2000 0 fold 
total pot: 160 
/notify 
send notify msg to player 7777 
notify/ 
8888 2040 2000 40 check 
3333 1960 2000 40 check 
4444 1320 2000 40 fold 
1111 2080 2000 0 fold 
2222 1920 2000 0 fold 
5555 1920 2000 40 check 
6666 1980 2000 0 fold 
7777 2620 2000 0 fold 
total pot: 160 
/notify 
send notify msg to player 6666 
notify/ 
7777 2620 2000 0 fold 
8888 2040 2000 40 check 
3333 1960 2000 40 check 
4444 1320 2000 40 fold 
1111 2080 2000 0 fold 
2222 1920 2000 0 fold 
5555 1920 2000 40 check 
6666 1980 2000 0 fold 
total pot: 160 
/notify 

---show down---
showdown/ 
common/ 
HEARTS 5 
DIAMONDS J 
SPADES 5 
CLUBS 4 
HEARTS 10 
/common 
2: 3333 DIAMONDS 9 DIAMONDS 8 ONE_PAIR 
1: 8888 CLUBS K CLUBS 9 ONE_PAIR 
2: 5555 DIAMONDS 2 SPADES 9 ONE_PAIR 
/showdown 

---Allocate pot---
pot-win/ 
8888: 160 
/pot-win 
it is player 4444's turn to be button

-----6 Hand-----

----- clean player data in socket -----
seat/ 
button: 4444 1320 2000 
small blind: 3333 1960 2000 
big blind: 8888 2200 2000 
7777 2620 2000 
6666 1980 2000 
5555 1920 2000 
2222 1920 2000 
1111 2080 2000 
/seat 
blind/ 
3333: 20 
8888: 40 
/blind 
player 3333:hold/ 
HEARTS 7 
SPADES 7 
/hold 
player 8888:hold/ 
DIAMONDS 4 
HEARTS 10 
/hold 
player 7777:hold/ 
SPADES J 
DIAMONDS 5 
/hold 
player 6666:hold/ 
DIAMONDS J 
DIAMONDS A 
/hold 
player 5555:hold/ 
CLUBS 8 
CLUBS Q 
/hold 
player 2222:hold/ 
SPADES 4 
SPADES 2 
/hold 
player 1111:hold/ 
CLUBS K 
CLUBS 9 
/hold 
player 4444:hold/ 
HEARTS 6 
SPADES A 
/hold 

---pre flop round bet---
valid player: 8, all in player: 0, fold player: 0
send inquire msg to player 7777 
inquire/ 
8888 2160 2000 40 blind 
3333 1940 2000 20 blind 
total pot: 60 
/inquire 
recv from player 7777: fold 

send inquire msg to player 6666 
inquire/ 
7777 2620 2000 0 fold 
8888 2160 2000 40 blind 
3333 1940 2000 20 blind 
total pot: 60 
/inquire 
recv from player 6666: call 

send inquire msg to player 5555 
inquire/ 
6666 1940 2000 40 call 
7777 2620 2000 0 fold 
8888 2160 2000 40 blind 
3333 1940 2000 20 blind 
total pot: 100 
/inquire 
recv from player 5555: call 
send inquire msg to player 2222 
inquire/ 
5555 1880 2000 40 call 
6666 1940 2000 40 call 
7777 2620 2000 0 fold 
8888 2160 2000 40 blind 
3333 1940 2000 20 blind 
total pot: 140 
/inquire 
recv from player 2222: fold 

send inquire msg to player 1111 
inquire/ 
2222 1920 2000 0 fold 
5555 1880 2000 40 call 
6666 1940 2000 40 call 
7777 2620 2000 0 fold 
8888 2160 2000 40 blind 
3333 1940 2000 20 blind 
total pot: 140 
/inquire 
recv from player 1111: fold 

send inquire msg to player 4444 
inquire/ 
1111 2080 2000 0 fold 
2222 1920 2000 0 fold 
5555 1880 2000 40 call 
6666 1940 2000 40 call 
7777 2620 2000 0 fold 
8888 2160 2000 40 blind 
3333 1940 2000 20 blind 
total pot: 140 
/inquire 
recv from player 4444: call 
send inquire msg to player 3333 
inquire/ 
4444 1280 2000 40 call 
