

===VERSION 1.24===
---GAME START @ 2015-5-26-19-50-26---

wait registration for 30 seconds
reg: 4444 DSB  reg: 3333 3333 
reg: 2222 new 
reg: 5555 DSB  reg: 6666 wmml need_notify 
reg: 8888 DSB  reg: 1111 Young need_notify  
reg: 7777 cleverbot need_notify 
close registration

-----1 Hand-----

----- clean player data in socket -----
seat/ 
button: 7777 2000 2000 
small blind: 3333 2000 2000 
big blind: 5555 2000 2000 
8888 2000 2000 
6666 2000 2000 
4444 2000 2000 
2222 2000 2000 
1111 2000 2000 
/seat 
blind/ 
3333: 20 
5555: 40 
/blind 
player 3333:hold/ 
CLUBS 6 
DIAMONDS Q 
/hold 
player 5555:hold/ 
DIAMONDS 4 
DIAMONDS 7 
/hold 
player 8888:hold/ 
CLUBS 3 
SPADES 3 
/hold 
player 6666:hold/ 
SPADES 5 
CLUBS 9 
/hold 
player 4444:hold/ 
DIAMONDS A 
HEARTS J 
/hold 
player 2222:hold/ 
HEARTS 4 
HEARTS Q 
/hold 
player 1111:hold/ 
HEARTS 6 
HEARTS K 
/hold 
player 7777:hold/ 
SPADES 7 
CLUBS 7 
/hold 

---pre flop round bet---
valid player: 8, all in player: 0, fold player: 0
send inquire msg to player 8888 
inquire/ 
5555 1960 2000 40 blind 
3333 1980 2000 20 blind 
total pot: 60 
/inquire 
recv from player 8888: call 
send inquire msg to player 6666 
inquire/ 
8888 1960 2000 40 call 
5555 1960 2000 40 blind 
3333 1980 2000 20 blind 
total pot: 100 
/inquire 
recv from player 6666: fold 

send inquire msg to player 4444 
inquire/ 
6666 2000 2000 0 fold 
8888 1960 2000 40 call 
5555 1960 2000 40 blind 
3333 1980 2000 20 blind 
total pot: 100 
/inquire 
recv from player 4444: call 
send inquire msg to player 2222 
inquire/ 
4444 1960 2000 40 call 
6666 2000 2000 0 fold 
8888 1960 2000 40 call 
5555 1960 2000 40 blind 
3333 1980 2000 20 blind 
total pot: 140 
/inquire 
recv from player 2222: fold 

send inquire msg to player 1111 
inquire/ 
2222 2000 2000 0 fold 
4444 1960 2000 40 call 
6666 2000 2000 0 fold 
8888 1960 2000 40 call 
5555 1960 2000 40 blind 
3333 1980 2000 20 blind 
total pot: 140 
/inquire 
recv from player 1111: call 

send inquire msg to player 7777 
inquire/ 
1111 1960 2000 40 call 
2222 2000 2000 0 fold 
4444 1960 2000 40 call 
6666 2000 2000 0 fold 
8888 1960 2000 40 call 
5555 1960 2000 40 blind 
3333 1980 2000 20 blind 
total pot: 180 
/inquire 
recv from player 7777: call 

send inquire msg to player 3333 
inquire/ 
7777 1960 2000 40 call 
1111 1960 2000 40 call 
2222 2000 2000 0 fold 
4444 1960 2000 40 call 
6666 2000 2000 0 fold 
8888 1960 2000 40 call 
5555 1960 2000 40 blind 
3333 1980 2000 20 blind 
total pot: 220 
/inquire 
recv from player 3333: check 

send inquire msg to player 5555 
inquire/ 
3333 1960 2000 40 call 
7777 1960 2000 40 call 
1111 1960 2000 40 call 
2222 2000 2000 0 fold 
4444 1960 2000 40 call 
6666 2000 2000 0 fold 
8888 1960 2000 40 call 
5555 1960 2000 40 blind 
total pot: 240 
/inquire 
recv from player 5555: call 
flop/ 
SPADES Q 
SPADES 9 
CLUBS A 
/flop 

---flop round bet---
valid player: 8, all in player: 0, fold player: 2
send inquire msg to player 3333 
inquire/ 
7777 1960 2000 40 call 
1111 1960 2000 40 call 
2222 2000 2000 0 fold 
4444 1960 2000 40 call 
6666 2000 2000 0 fold 
8888 1960 2000 40 call 
5555 1960 2000 40 check 
3333 1960 2000 40 call 
total pot: 240 
/inquire 
recv from player 3333: check 

send inquire msg to player 5555 
inquire/ 
3333 1960 2000 40 check 
7777 1960 2000 40 call 
1111 1960 2000 40 call 
2222 2000 2000 0 fold 
4444 1960 2000 40 call 
6666 2000 2000 0 fold 
8888 1960 2000 40 call 
5555 1960 2000 40 check 
total pot: 240 
/inquire 
recv from player 5555: check 
send inquire msg to player 8888 
inquire/ 
5555 1960 2000 40 check 
3333 1960 2000 40 check 
7777 1960 2000 40 call 
1111 1960 2000 40 call 
2222 2000 2000 0 fold 
4444 1960 2000 40 call 
6666 2000 2000 0 fold 
8888 1960 2000 40 call 
total pot: 240 
/inquire 
recv from player 8888: call 
send notify msg to player 6666 
notify/ 
8888 1960 2000 40 check 
5555 1960 2000 40 check 
3333 1960 2000 40 check 
7777 1960 2000 40 call 
1111 1960 2000 40 call 
2222 2000 2000 0 fold 
4444 1960 2000 40 call 
6666 2000 2000 0 fold 
total pot: 240 
/notify 
send inquire msg to player 4444 
inquire/ 
6666 2000 2000 0 fold 
8888 1960 2000 40 check 
5555 1960 2000 40 check 
3333 1960 2000 40 check 
7777 1960 2000 40 call 
1111 1960 2000 40 call 
2222 2000 2000 0 fold 
4444 1960 2000 40 call 
total pot: 240 
/inquire 
recv from player 4444: call 
send inquire msg to player 1111 
inquire/ 
2222 2000 2000 0 fold 
4444 1960 2000 40 check 
6666 2000 2000 0 fold 
8888 1960 2000 40 check 
5555 1960 2000 40 check 
3333 1960 2000 40 check 
7777 1960 2000 40 call 
1111 1960 2000 40 call 
total pot: 240 
/inquire 
recv from player 1111: check 

send inquire msg to player 7777 
inquire/ 
1111 1960 2000 40 check 
2222 2000 2000 0 fold 
4444 1960 2000 40 check 
6666 2000 2000 0 fold 
8888 1960 2000 40 check 
5555 1960 2000 40 check 
3333 1960 2000 40 check 
7777 1960 2000 40 call 
total pot: 240 
/inquire 
recv from player 7777: call 

turn/ 
HEARTS 9 
/turn 

---turn round bet---
valid player: 8, all in player: 0, fold player: 2
send inquire msg to player 3333 
inquire/ 
7777 1960 2000 40 check 
1111 1960 2000 40 check 
2222 2000 2000 0 fold 
4444 1960 2000 40 check 
6666 2000 2000 0 fold 
8888 1960 2000 40 check 
5555 1960 2000 40 check 
3333 1960 2000 40 check 
total pot: 240 
/inquire 
recv from player 3333: check 

send inquire msg to player 5555 
inquire/ 
3333 1960 2000 40 check 
7777 1960 2000 40 check 
1111 1960 2000 40 check 
2222 2000 2000 0 fold 
4444 1960 2000 40 check 
6666 2000 2000 0 fold 
8888 1960 2000 40 check 
5555 1960 2000 40 check 
total pot: 240 
/inquire 
recv from player 5555: check 
send inquire msg to player 8888 
inquire/ 
5555 1960 2000 40 check 
3333 1960 2000 40 check 
7777 1960 2000 40 check 
1111 1960 2000 40 check 
2222 2000 2000 0 fold 
4444 1960 2000 40 check 
6666 2000 2000 0 fold 
8888 1960 2000 40 check 
total pot: 240 
/inquire 
recv from player 8888: check 
send notify msg to player 6666 
notify/ 
8888 1960 2000 40 check 
5555 1960 2000 40 check 
3333 1960 2000 40 check 
7777 1960 2000 40 check 
1111 1960 2000 40 check 
2222 2000 2000 0 fold 
4444 1960 2000 40 check 
6666 2000 2000 0 fold 
total pot: 240 
/notify 
send inquire msg to player 4444 
inquire/ 
6666 2000 2000 0 fold 
8888 1960 2000 40 check 
5555 1960 2000 40 check 
3333 1960 2000 40 check 
7777 1960 2000 40 check 
1111 1960 2000 40 check 
2222 2000 2000 0 fold 
4444 1960 2000 40 check 
total pot: 240 
/inquire 
recv from player 4444: raise 500 
send inquire msg to player 1111 
inquire/ 
2222 2000 2000 0 fold 
4444 1460 2000 540 raise 
6666 2000 2000 0 fold 
8888 1960 2000 40 check 
5555 1960 2000 40 check 
3333 1960 2000 40 check 
7777 1960 2000 40 check 
1111 1960 2000 40 check 
total pot: 740 
/inquire 
recv from player 1111: fold 

send inquire msg to player 7777 
inquire/ 
1111 1960 2000 40 fold 
2222 2000 2000 0 fold 
4444 1460 2000 540 raise 
6666 2000 2000 0 fold 
8888 1960 2000 40 check 
5555 1960 2000 40 check 
3333 1960 2000 40 check 
7777 1960 2000 40 check 
total pot: 740 
/inquire 
recv from player 7777: fold 

send inquire msg to player 3333 
inquire/ 
7777 1960 2000 40 fold 
1111 1960 2000 40 fold 
2222 2000 2000 0 fold 
4444 1460 2000 540 raise 
6666 2000 2000 0 fold 
8888 1960 2000 40 check 
5555 1960 2000 40 check 
3333 1960 2000 40 check 
total pot: 740 
/inquire 
recv from player 3333: check 

send inquire msg to player 5555 
inquire/ 
3333 1460 2000 540 call 
7777 1960 2000 40 fold 
1111 1960 2000 40 fold 
2222 2000 2000 0 fold 
4444 1460 2000 540 raise 
6666 2000 2000 0 fold 
8888 1960 2000 40 check 
5555 1960 2000 40 check 
total pot: 1240 
/inquire 
recv from player 5555: fold 
send inquire msg to player 8888 
inquire/ 
5555 1960 2000 40 fold 
3333 1460 2000 540 call 
7777 1960 2000 40 fold 
1111 1960 2000 40 fold 
2222 2000 2000 0 fold 
4444 1460 2000 540 raise 
6666 2000 2000 0 fold 
8888 1960 2000 40 check 
total pot: 1240 
/inquire 
recv from player 8888: call 
river/ 
DIAMONDS J 
/river 

---river round bet---
valid player: 8, all in player: 0, fold player: 5
send inquire msg to player 3333 
inquire/ 
7777 1960 2000 40 fold 
1111 1960 2000 40 fold 
2222 2000 2000 0 fold 
4444 1460 2000 540 raise 
6666 2000 2000 0 fold 
8888 1460 2000 540 call 
5555 1960 2000 40 fold 
3333 1460 2000 540 call 
total pot: 1740 
/inquire 
recv from player 3333: raise 182

send inquire msg to player 8888 
inquire/ 
5555 1960 2000 40 fold 
3333 1278 2000 722 raise 
7777 1960 2000 40 fold 
1111 1960 2000 40 fold 
2222 2000 2000 0 fold 
4444 1460 2000 540 raise 
6666 2000 2000 0 fold 
8888 1460 2000 540 call 
total pot: 1922 
/inquire 
recv from player 8888: fold 
send notify msg to player 6666 
notify/ 
8888 1460 2000 540 fold 
5555 1960 2000 40 fold 
3333 1278 2000 722 raise 
7777 1960 2000 40 fold 
1111 1960 2000 40 fold 
2222 2000 2000 0 fold 
4444 1460 2000 540 raise 
6666 2000 2000 0 fold 
total pot: 1922 
/notify 
send inquire msg to player 4444 
inquire/ 
6666 2000 2000 0 fold 
8888 1460 2000 540 fold 
5555 1960 2000 40 fold 
3333 1278 2000 722 raise 
7777 1960 2000 40 fold 
1111 1960 2000 40 fold 
2222 2000 2000 0 fold 
4444 1460 2000 540 raise 
total pot: 1922 
/inquire 
recv from player 4444: call 

----- notify msg last round -----
send notify msg to player 1111 
notify/ 
2222 2000 2000 0 fold 
4444 1278 2000 722 call 
6666 2000 2000 0 fold 
8888 1460 2000 540 fold 
5555 1960 2000 40 fold 
3333 1278 2000 722 raise 
7777 1960 2000 40 fold 
1111 1960 2000 40 fold 
total pot: 2104 
/notify 
send notify msg to player 7777 
notify/ 
1111 1960 2000 40 fold 
2222 2000 2000 0 fold 
4444 1278 2000 722 call 
6666 2000 2000 0 fold 
8888 1460 2000 540 fold 
5555 1960 2000 40 fold 
3333 1278 2000 722 raise 
7777 1960 2000 40 fold 
total pot: 2104 
/notify 
send notify msg to player 6666 
notify/ 
8888 1460 2000 540 fold 
5555 1960 2000 40 fold 
3333 1278 2000 722 raise 
7777 1960 2000 40 fold 
1111 1960 2000 40 fold 
2222 2000 2000 0 fold 
4444 1278 2000 722 call 
6666 2000 2000 0 fold 
total pot: 2104 
/notify 

---show down---
showdown/ 
common/ 
SPADES Q 
SPADES 9 
CLUBS A 
HEARTS 9 
DIAMONDS J 
/common 
2: 3333 CLUBS 6 DIAMONDS Q TWO_PAIR 
1: 4444 DIAMONDS A HEARTS J TWO_PAIR 
/showdown 

---Allocate pot---
pot-win/ 
4444: 2104 
/pot-win 
it is player 3333's turn to be button

-----2 Hand-----

----- clean player data in socket -----
seat/ 
button: 3333 1278 2000 
small blind: 5555 1960 2000 
big blind: 8888 1460 2000 
6666 2000 2000 
4444 3382 2000 
2222 2000 2000 
1111 1960 2000 
7777 1960 2000 
/seat 
blind/ 
5555: 20 
8888: 40 
/blind 
player 5555:hold/ 
DIAMONDS A 
DIAMONDS K 
/hold 
player 8888:hold/ 
HEARTS A 
DIAMONDS 10 
/hold 
player 6666:hold/ 
CLUBS 2 
HEARTS 5 
/hold 
player 4444:hold/ 
HEARTS Q 
SPADES 7 
/hold 
player 2222:hold/ 
DIAMONDS 6 
HEARTS 10 
/hold 
player 1111:hold/ 
CLUBS 7 
SPADES 6 
/hold 
player 7777:hold/ 
SPADES J 
HEARTS 8 
/hold 
player 3333:hold/ 
HEARTS 3 
SPADES 2 
/hold 

---pre flop round bet---
valid player: 8, all in player: 0, fold player: 0
send inquire msg to player 6666 
inquire/ 
8888 1420 2000 40 blind 
5555 1940 2000 20 blind 
total pot: 60 
/inquire 
recv from player 6666: fold 

send inquire msg to player 4444 
inquire/ 
6666 2000 2000 0 fold 
8888 1420 2000 40 blind 
5555 1940 2000 20 blind 
total pot: 60 
/inquire 
recv from player 4444: fold 
send inquire msg to player 2222 
inquire/ 
4444 3382 2000 0 fold 
6666 2000 2000 0 fold 
8888 1420 2000 40 blind 
5555 1940 2000 20 blind 
total pot: 60 
/inquire 
recv from player 2222: fold 

send inquire msg to player 1111 
inquire/ 
2222 2000 2000 0 fold 
4444 3382 2000 0 fold 
6666 2000 2000 0 fold 
8888 1420 2000 40 blind 
5555 1940 2000 20 blind 
total pot: 60 
/inquire 
recv from player 1111: call 

send inquire msg to player 7777 
inquire/ 
1111 1920 2000 40 call 
2222 2000 2000 0 fold 
4444 3382 2000 0 fold 
6666 2000 2000 0 fold 
8888 1420 2000 40 blind 
5555 1940 2000 20 blind 
total pot: 100 
/inquire 
recv from player 7777: fold 

send inquire msg to player 3333 
inquire/ 
7777 1960 2000 0 fold 
1111 1920 2000 40 call 
2222 2000 2000 0 fold 
4444 3382 2000 0 fold 
6666 2000 2000 0 fold 
8888 1420 2000 40 blind 
5555 1940 2000 20 blind 
total pot: 100 
/inquire 
recv from player 3333: check 

send inquire msg to player 5555 
inquire/ 
3333 1238 2000 40 call 
7777 1960 2000 0 fold 
1111 1920 2000 40 call 
2222 2000 2000 0 fold 
4444 3382 2000 0 fold 
6666 2000 2000 0 fold 
8888 1420 2000 40 blind 
5555 1940 2000 20 blind 
total pot: 140 
/inquire 
recv from player 5555: call 
send inquire msg to player 8888 
inquire/ 
5555 1920 2000 40 call 
3333 1238 2000 40 call 
7777 1960 2000 0 fold 
1111 1920 2000 40 call 
2222 2000 2000 0 fold 
4444 3382 2000 0 fold 
6666 2000 2000 0 fold 
8888 1420 2000 40 blind 
total pot: 160 
/inquire 
recv from player 8888: call 
flop/ 
CLUBS 9 
SPADES 4 
SPADES A 
/flop 

---flop round bet---
valid player: 8, all in player: 0, fold player: 4
send inquire msg to player 5555 
inquire/ 
3333 1238 2000 40 call 
7777 1960 2000 0 fold 
1111 1920 2000 40 call 
2222 2000 2000 0 fold 
4444 3382 2000 0 fold 
6666 2000 2000 0 fold 
8888 1420 2000 40 check 
5555 1920 2000 40 call 
total pot: 160 
/inquire 
recv from player 5555: call 
send inquire msg to player 8888 
inquire/ 
5555 1920 2000 40 check 
3333 1238 2000 40 call 
7777 1960 2000 0 fold 
1111 1920 2000 40 call 
2222 2000 2000 0 fold 
4444 3382 2000 0 fold 
6666 2000 2000 0 fold 
8888 1420 2000 40 check 
total pot: 160 
/inquire 
recv from player 8888: raise 200 
send notify msg to player 6666 
notify/ 
8888 1220 2000 240 raise 
5555 1920 2000 40 check 
3333 1238 2000 40 call 
7777 1960 2000 0 fold 
1111 1920 2000 40 call 
2222 2000 2000 0 fold 
4444 3382 2000 0 fold 
6666 2000 2000 0 fold 
total pot: 360 
/notify 
send inquire msg to player 1111 
inquire/ 
2222 2000 2000 0 fold 
4444 3382 2000 0 fold 
6666 2000 2000 0 fold 
8888 1220 2000 240 raise 
5555 1920 2000 40 check 
3333 1238 2000 40 call 
7777 1960 2000 0 fold 
1111 1920 2000 40 call 
total pot: 360 
/inquire 
recv from player 1111: fold 

send notify msg to player 7777 
notify/ 
1111 1920 2000 40 fold 
2222 2000 2000 0 fold 
4444 3382 2000 0 fold 
6666 2000 2000 0 fold 
8888 1220 2000 240 raise 
5555 1920 2000 40 check 
3333 1238 2000 40 call 
7777 1960 2000 0 fold 
total pot: 360 
/notify 
send inquire msg to player 3333 
inquire/ 
7777 1960 2000 0 fold 
1111 1920 2000 40 fold 
2222 2000 2000 0 fold 
4444 3382 2000 0 fold 
6666 2000 2000 0 fold 
8888 1220 2000 240 raise 
5555 1920 2000 40 check 
3333 1238 2000 40 call 
total pot: 360 
/inquire 
recv from player 3333: fold 

send inquire msg to player 5555 
inquire/ 
3333 1238 2000 40 fold 
7777 1960 2000 0 fold 
1111 1920 2000 40 fold 
2222 2000 2000 0 fold 
4444 3382 2000 0 fold 
6666 2000 2000 0 fold 
8888 1220 2000 240 raise 
5555 1920 2000 40 check 
total pot: 360 
/inquire 
recv from player 5555: call 
turn/ 
HEARTS 4 
/turn 

---turn round bet---
valid player: 8, all in player: 0, fold player: 6
send inquire msg to player 5555 
inquire/ 
3333 1238 2000 40 fold 
7777 1960 2000 0 fold 
1111 1920 2000 40 fold 
2222 2000 2000 0 fold 
4444 3382 2000 0 fold 
6666 2000 2000 0 fold 
8888 1220 2000 240 raise 
5555 1720 2000 240 call 
total pot: 560 
/inquire 
recv from player 5555: call 
send inquire msg to player 8888 
inquire/ 
5555 1720 2000 240 check 
3333 1238 2000 40 fold 
7777 1960 2000 0 fold 
1111 1920 2000 40 fold 
2222 2000 2000 0 fold 
4444 3382 2000 0 fold 
6666 2000 2000 0 fold 
8888 1220 2000 240 raise 
total pot: 560 
/inquire 
recv from player 8888: call 
river/ 
CLUBS 3 
/river 

---river round bet---
valid player: 8, all in player: 0, fold player: 6
send inquire msg to player 5555 
inquire/ 
3333 1238 2000 40 fold 
7777 1960 2000 0 fold 
1111 1920 2000 40 fold 
2222 2000 2000 0 fold 
4444 3382 2000 0 fold 
6666 2000 2000 0 fold 
8888 1220 2000 240 check 
5555 1720 2000 240 check 
total pot: 560 
/inquire 
recv from player 5555: check 
send inquire msg to player 8888 
inquire/ 
5555 1720 2000 240 check 
3333 1238 2000 40 fold 
7777 1960 2000 0 fold 
1111 1920 2000 40 fold 
2222 2000 2000 0 fold 
4444 3382 2000 0 fold 
6666 2000 2000 0 fold 
8888 1220 2000 240 check 
total pot: 560 
/inquire 
recv from player 8888: check 

----- notify msg last round -----
send notify msg to player 6666 
notify/ 
8888 1220 2000 240 check 
5555 1720 2000 240 check 
3333 1238 2000 40 fold 
7777 1960 2000 0 fold 
1111 1920 2000 40 fold 
2222 2000 2000 0 fold 
4444 3382 2000 0 fold 
6666 2000 2000 0 fold 
total pot: 560 
/notify 
send notify msg to player 1111 
notify/ 
2222 2000 2000 0 fold 
4444 3382 2000 0 fold 
6666 2000 2000 0 fold 
8888 1220 2000 240 check 
5555 1720 2000 240 check 
3333 1238 2000 40 fold 
7777 1960 2000 0 fold 
1111 1920 2000 40 fold 
total pot: 560 
/notify 
send notify msg to player 7777 
notify/ 
1111 1920 2000 40 fold 
2222 2000 2000 0 fold 
4444 3382 2000 0 fold 
6666 2000 2000 0 fold 
8888 1220 2000 240 check 
5555 1720 2000 240 check 
3333 1238 2000 40 fold 
7777 1960 2000 0 fold 
total pot: 560 
/notify 

---show down---
showdown/ 
common/ 
CLUBS 9 
SPADES 4 
SPADES A 
HEARTS 4 
CLUBS 3 
/common 
1: 5555 DIAMONDS A DIAMONDS K TWO_PAIR 
2: 8888 HEARTS A DIAMONDS 10 TWO_PAIR 
/showdown 

---Allocate pot---
pot-win/ 
5555: 560 
/pot-win 
it is player 5555's turn to be button

-----3 Hand-----

----- clean player data in socket -----
seat/ 
button: 5555 2280 2000 
small blind: 8888 1220 2000 
big blind: 6666 2000 2000 
4444 3382 2000 
2222 2000 2000 
1111 1920 2000 
7777 1960 2000 
3333 1238 2000 
/seat 
blind/ 
8888: 20 
6666: 40 
/blind 
player 8888:hold/ 
HEARTS K 
DIAMONDS A 
/hold 
player 6666:hold/ 
SPADES 10 
SPADES K 
/hold 
player 4444:hold/ 
SPADES J 
HEARTS 8 
/hold 
player 2222:hold/ 
DIAMONDS 3 
CLUBS 7 
/hold 
player 1111:hold/ 
SPADES 3 
DIAMONDS 7 
/hold 
player 7777:hold/ 
SPADES Q 
SPADES 2 
/hold 
player 3333:hold/ 
SPADES 5 
HEARTS 2 
/hold 
player 5555:hold/ 
CLUBS 9 
SPADES 7 
/hold 

---pre flop round bet---
valid player: 8, all in player: 0, fold player: 0
send inquire msg to player 4444 
inquire/ 
6666 1960 2000 40 blind 
8888 1200 2000 20 blind 
total pot: 60 
/inquire 
recv from player 4444: call 
send inquire msg to player 2222 
inquire/ 
4444 3342 2000 40 call 
6666 1960 2000 40 blind 
8888 1200 2000 20 blind 
total pot: 100 
/inquire 
recv from player 2222: fold 

send inquire msg to player 1111 
inquire/ 
2222 2000 2000 0 fold 
4444 3342 2000 40 call 
6666 1960 2000 40 blind 
8888 1200 2000 20 blind 
total pot: 100 
/inquire 
recv from player 1111: fold 

send inquire msg to player 7777 
inquire/ 
1111 1920 2000 0 fold 
2222 2000 2000 0 fold 
4444 3342 2000 40 call 
6666 1960 2000 40 blind 
8888 1200 2000 20 blind 
total pot: 100 
/inquire 
recv from player 7777: fold 

send inquire msg to player 3333 
inquire/ 
7777 1960 2000 0 fold 
1111 1920 2000 0 fold 
2222 2000 2000 0 fold 
4444 3342 2000 40 call 
6666 1960 2000 40 blind 
8888 1200 2000 20 blind 
total pot: 100 
/inquire 
recv from player 3333: fold 

send inquire msg to player 5555 
inquire/ 
3333 1238 2000 0 fold 
7777 1960 2000 0 fold 
1111 1920 2000 0 fold 
2222 2000 2000 0 fold 
4444 3342 2000 40 call 
6666 1960 2000 40 blind 
8888 1200 2000 20 blind 
total pot: 100 
/inquire 
recv from player 5555: call 
send inquire msg to player 8888 
inquire/ 
5555 2240 2000 40 call 
3333 1238 2000 0 fold 
7777 1960 2000 0 fold 
1111 1920 2000 0 fold 
2222 2000 2000 0 fold 
4444 3342 2000 40 call 
6666 1960 2000 40 blind 
8888 1200 2000 20 blind 
total pot: 140 
/inquire 
recv from player 8888: call 
send inquire msg to player 6666 
inquire/ 
8888 1180 2000 40 call 
5555 2240 2000 40 call 
3333 1238 2000 0 fold 
7777 1960 2000 0 fold 
1111 1920 2000 0 fold 
2222 2000 2000 0 fold 
4444 3342 2000 40 call 
6666 1960 2000 40 blind 
total pot: 160 
/inquire 
recv from player 6666: check 

flop/ 
HEARTS 6 
DIAMONDS 4 
DIAMONDS 5 
/flop 

---flop round bet---
valid player: 8, all in player: 0, fold player: 4
send inquire msg to player 8888 
inquire/ 
5555 2240 2000 40 call 
3333 1238 2000 0 fold 
7777 1960 2000 0 fold 
1111 1920 2000 0 fold 
2222 2000 2000 0 fold 
4444 3342 2000 40 call 
6666 1960 2000 40 check 
8888 1180 2000 40 call 
total pot: 160 
/inquire 
recv from player 8888: call 
send inquire msg to player 6666 
inquire/ 
8888 1180 2000 40 check 
5555 2240 2000 40 call 
3333 1238 2000 0 fold 
7777 1960 2000 0 fold 
1111 1920 2000 0 fold 
2222 2000 2000 0 fold 
4444 3342 2000 40 call 
6666 1960 2000 40 check 
total pot: 160 
/inquire 
recv from player 6666: check 

send inquire msg to player 4444 
inquire/ 
6666 1960 2000 40 check 
8888 1180 2000 40 check 
5555 2240 2000 40 call 
3333 1238 2000 0 fold 
7777 1960 2000 0 fold 
1111 1920 2000 0 fold 
2222 2000 2000 0 fold 
4444 3342 2000 40 call 
total pot: 160 
/inquire 
recv from player 4444: fold 
send notify msg to player 1111 
notify/ 
2222 2000 2000 0 fold 
4444 3342 2000 40 fold 
6666 1960 2000 40 check 
8888 1180 2000 40 check 
5555 2240 2000 40 call 
3333 1238 2000 0 fold 
7777 1960 2000 0 fold 
1111 1920 2000 0 fold 
total pot: 160 
/notify 
send notify msg to player 7777 
notify/ 
1111 1920 2000 0 fold 
2222 2000 2000 0 fold 
4444 3342 2000 40 fold 
6666 1960 2000 40 check 
8888 1180 2000 40 check 
5555 2240 2000 40 call 
3333 1238 2000 0 fold 
7777 1960 2000 0 fold 
total pot: 160 
/notify 
send inquire msg to player 5555 
inquire/ 
3333 1238 2000 0 fold 
7777 1960 2000 0 fold 
1111 1920 2000 0 fold 
2222 2000 2000 0 fold 
4444 3342 2000 40 fold 
6666 1960 2000 40 check 
8888 1180 2000 40 check 
5555 2240 2000 40 call 
total pot: 160 
/inquire 
recv from player 5555: call 
turn/ 
CLUBS 5 
/turn 

---turn round bet---
valid player: 8, all in player: 0, fold player: 5
send inquire msg to player 8888 
inquire/ 
5555 2240 2000 40 check 
3333 1238 2000 0 fold 
7777 1960 2000 0 fold 
1111 1920 2000 0 fold 
2222 2000 2000 0 fold 
4444 3342 2000 40 fold 
6666 1960 2000 40 check 
8888 1180 2000 40 check 
total pot: 160 
/inquire 
recv from player 8888: check 
send inquire msg to player 6666 
inquire/ 
8888 1180 2000 40 check 
5555 2240 2000 40 check 
3333 1238 2000 0 fold 
7777 1960 2000 0 fold 
1111 1920 2000 0 fold 
2222 2000 2000 0 fold 
4444 3342 2000 40 fold 
6666 1960 2000 40 check 
total pot: 160 
/inquire 
recv from player 6666: check 

send notify msg to player 1111 
notify/ 
2222 2000 2000 0 fold 
4444 3342 2000 40 fold 
6666 1960 2000 40 check 
8888 1180 2000 40 check 
5555 2240 2000 40 check 
3333 1238 2000 0 fold 
7777 1960 2000 0 fold 
1111 1920 2000 0 fold 
total pot: 160 
/notify 
send notify msg to player 7777 
notify/ 
1111 1920 2000 0 fold 
2222 2000 2000 0 fold 
4444 3342 2000 40 fold 
6666 1960 2000 40 check 
8888 1180 2000 40 check 
5555 2240 2000 40 check 
3333 1238 2000 0 fold 
7777 1960 2000 0 fold 
total pot: 160 
/notify 
send inquire msg to player 5555 
inquire/ 
3333 1238 2000 0 fold 
7777 1960 2000 0 fold 
1111 1920 2000 0 fold 
2222 2000 2000 0 fold 
4444 3342 2000 40 fold 
6666 1960 2000 40 check 
8888 1180 2000 40 check 
5555 2240 2000 40 check 
total pot: 160 
/inquire 
recv from player 5555: check 
river/ 
DIAMONDS 8 
/river 

---river round bet---
valid player: 8, all in player: 0, fold player: 5
send inquire msg to player 8888 
inquire/ 
5555 2240 2000 40 check 
3333 1238 2000 0 fold 
7777 1960 2000 0 fold 
1111 1920 2000 0 fold 
2222 2000 2000 0 fold 
4444 3342 2000 40 fold 
6666 1960 2000 40 check 
8888 1180 2000 40 check 
total pot: 160 
/inquire 
recv from player 8888: check 
send inquire msg to player 6666 
inquire/ 
8888 1180 2000 40 check 
5555 2240 2000 40 check 
3333 1238 2000 0 fold 
7777 1960 2000 0 fold 
1111 1920 2000 0 fold 
2222 2000 2000 0 fold 
4444 3342 2000 40 fold 
6666 1960 2000 40 check 
total pot: 160 
/inquire 
recv from player 6666: check 

send notify msg to player 1111 
notify/ 
2222 2000 2000 0 fold 
4444 3342 2000 40 fold 
6666 1960 2000 40 check 
8888 1180 2000 40 check 
5555 2240 2000 40 check 
3333 1238 2000 0 fold 
7777 1960 2000 0 fold 
1111 1920 2000 0 fold 
total pot: 160 
/notify 
send notify msg to player 7777 
notify/ 
1111 1920 2000 0 fold 
2222 2000 2000 0 fold 
4444 3342 2000 40 fold 
6666 1960 2000 40 check 
8888 1180 2000 40 check 
5555 2240 2000 40 check 
3333 1238 2000 0 fold 
7777 1960 2000 0 fold 
total pot: 160 
/notify 
send inquire msg to player 5555 
inquire/ 
3333 1238 2000 0 fold 
7777 1960 2000 0 fold 
1111 1920 2000 0 fold 
2222 2000 2000 0 fold 
4444 3342 2000 40 fold 
6666 1960 2000 40 check 
8888 1180 2000 40 check 
5555 2240 2000 40 check 
total pot: 160 
/inquire 
recv from player 5555: raise 1000 
send inquire msg to player 8888 
inquire/ 
5555 1240 2000 1040 raise 
3333 1238 2000 0 fold 
7777 1960 2000 0 fold 
1111 1920 2000 0 fold 
2222 2000 2000 0 fold 
4444 3342 2000 40 fold 
6666 1960 2000 40 check 
8888 1180 2000 40 check 
total pot: 1160 
/inquire 
recv from player 8888: fold 
send inquire msg to player 6666 
inquire/ 
8888 1180 2000 40 fold 
5555 1240 2000 1040 raise 
3333 1238 2000 0 fold 
7777 1960 2000 0 fold 
1111 1920 2000 0 fold 
2222 2000 2000 0 fold 
4444 3342 2000 40 fold 
6666 1960 2000 40 check 
total pot: 1160 
/inquire 
recv from player 6666: fold 


----- notify msg last round -----
send notify msg to player 1111 
notify/ 
2222 2000 2000 0 fold 
4444 3342 2000 40 fold 
6666 1960 2000 40 fold 
8888 1180 2000 40 fold 
5555 1240 2000 1040 raise 
3333 1238 2000 0 fold 
7777 1960 2000 0 fold 
1111 1920 2000 0 fold 
total pot: 1160 
/notify 
send notify msg to player 7777 
notify/ 
1111 1920 2000 0 fold 
2222 2000 2000 0 fold 
4444 3342 2000 40 fold 
6666 1960 2000 40 fold 
8888 1180 2000 40 fold 
5555 1240 2000 1040 raise 
3333 1238 2000 0 fold 
7777 1960 2000 0 fold 
total pot: 1160 
/notify 
send notify msg to player 6666 
notify/ 
8888 1180 2000 40 fold 
5555 1240 2000 1040 raise 
3333 1238 2000 0 fold 
7777 1960 2000 0 fold 
1111 1920 2000 0 fold 
2222 2000 2000 0 fold 
4444 3342 2000 40 fold 
6666 1960 2000 40 fold 
total pot: 1160 
/notify 

--- 1 players not fold, don't need show down---

---Allocate pot---
Only player at seat 7 not fold, win all the pot 1160
pot-win/ 
5555: 1160 
/pot-win 
it is player 8888's turn to be button

-----4 Hand-----

----- clean player data in socket -----
seat/ 
button: 8888 1180 2000 
small blind: 6666 1960 2000 
big blind: 4444 3342 2000 
2222 2000 2000 
1111 1920 2000 
7777 1960 2000 
3333 1238 2000 
5555 2400 2000 
/seat 
blind/ 
6666: 20 
4444: 40 
/blind 
player 6666:hold/ 
DIAMONDS K 
HEARTS 3 
/hold 
player 4444:hold/ 
DIAMONDS 6 
HEARTS A 
/hold 
player 2222:hold/ 
HEARTS 4 
DIAMONDS 5 
/hold 
player 1111:hold/ 
SPADES 5 
DIAMONDS 8 
/hold 
player 7777:hold/ 
SPADES 3 
SPADES Q 
/hold 
player 3333:hold/ 
CLUBS 8 
SPADES A 
/hold 
player 5555:hold/ 
SPADES 6 
DIAMONDS 4 
/hold 
player 8888:hold/ 
CLUBS K 
DIAMONDS 3 
/hold 

---pre flop round bet---
valid player: 8, all in player: 0, fold player: 0
send inquire msg to player 2222 
inquire/ 
4444 3302 2000 40 blind 
6666 1940 2000 20 blind 
total pot: 60 
/inquire 
recv from player 2222: call 

send inquire msg to player 1111 
inquire/ 
2222 1960 2000 40 call 
4444 3302 2000 40 blind 
6666 1940 2000 20 blind 
total pot: 100 
/inquire 
recv from player 1111: fold 

send inquire msg to player 7777 
inquire/ 
1111 1920 2000 0 fold 
2222 1960 2000 40 call 
4444 3302 2000 40 blind 
6666 1940 2000 20 blind 
total pot: 100 
/inquire 
recv from player 7777: fold 

send inquire msg to player 3333 
inquire/ 
7777 1960 2000 0 fold 
1111 1920 2000 0 fold 
2222 1960 2000 40 call 
4444 3302 2000 40 blind 
6666 1940 2000 20 blind 
total pot: 100 
/inquire 
recv from player 3333: fold 

send inquire msg to player 5555 
inquire/ 
3333 1238 2000 0 fold 
7777 1960 2000 0 fold 
1111 1920 2000 0 fold 
2222 1960 2000 40 call 
4444 3302 2000 40 blind 
6666 1940 2000 20 blind 
total pot: 100 
/inquire 
recv from player 5555: call 
send inquire msg to player 8888 
inquire/ 
5555 2360 2000 40 call 
3333 1238 2000 0 fold 
7777 1960 2000 0 fold 
1111 1920 2000 0 fold 
2222 1960 2000 40 call 
4444 3302 2000 40 blind 
6666 1940 2000 20 blind 
total pot: 140 
/inquire 
recv from player 8888: call 
send inquire msg to player 6666 
inquire/ 
8888 1140 2000 40 call 
5555 2360 2000 40 call 
3333 1238 2000 0 fold 
7777 1960 2000 0 fold 
1111 1920 2000 0 fold 
2222 1960 2000 40 call 
4444 3302 2000 40 blind 
6666 1940 2000 20 blind 
total pot: 180 
/inquire 
recv from player 6666: fold 

send inquire msg to player 4444 
inquire/ 
6666 1940 2000 20 fold 
8888 1140 2000 40 call 
5555 2360 2000 40 call 
3333 1238 2000 0 fold 
7777 1960 2000 0 fold 
1111 1920 2000 0 fold 
2222 1960 2000 40 call 
4444 3302 2000 40 blind 
total pot: 180 
/inquire 
recv from player 4444: fold 
flop/ 
HEARTS 10 
CLUBS J 
HEARTS 9 
/flop 

---flop round bet---
valid player: 8, all in player: 0, fold player: 5
send notify msg to player 6666 
notify/ 
8888 1140 2000 40 call 
5555 2360 2000 40 call 
3333 1238 2000 0 fold 
7777 1960 2000 0 fold 
1111 1920 2000 0 fold 
2222 1960 2000 40 call 
4444 3302 2000 40 fold 
6666 1940 2000 20 fold 
total pot: 180 
/notify 
send inquire msg to player 2222 
inquire/ 
4444 3302 2000 40 fold 
6666 1940 2000 20 fold 
8888 1140 2000 40 call 
5555 2360 2000 40 call 
3333 1238 2000 0 fold 
7777 1960 2000 0 fold 
1111 1920 2000 0 fold 
2222 1960 2000 40 call 
total pot: 180 
/inquire 
recv from player 2222: call 

send notify msg to player 1111 
notify/ 
2222 1960 2000 40 check 
4444 3302 2000 40 fold 
6666 1940 2000 20 fold 
8888 1140 2000 40 call 
5555 2360 2000 40 call 
3333 1238 2000 0 fold 
7777 1960 2000 0 fold 
1111 1920 2000 0 fold 
total pot: 180 
/notify 
send notify msg to player 7777 
notify/ 
1111 1920 2000 0 fold 
2222 1960 2000 40 check 
4444 3302 2000 40 fold 
6666 1940 2000 20 fold 
8888 1140 2000 40 call 
5555 2360 2000 40 call 
3333 1238 2000 0 fold 
7777 1960 2000 0 fold 
total pot: 180 
/notify 
send inquire msg to player 5555 
inquire/ 
3333 1238 2000 0 fold 
7777 1960 2000 0 fold 
1111 1920 2000 0 fold 
2222 1960 2000 40 check 
4444 3302 2000 40 fold 
6666 1940 2000 20 fold 
8888 1140 2000 40 call 
5555 2360 2000 40 call 
total pot: 180 
/inquire 
recv from player 5555: fold 
send inquire msg to player 8888 
inquire/ 
5555 2360 2000 40 fold 
3333 1238 2000 0 fold 
7777 1960 2000 0 fold 
1111 1920 2000 0 fold 
2222 1960 2000 40 check 
4444 3302 2000 40 fold 
6666 1940 2000 20 fold 
8888 1140 2000 40 call 
total pot: 180 
/inquire 
recv from player 8888: fold 

---turn round bet---
valid player: 8, all in player: 0, fold player: 7

---river round bet---
valid player: 8, all in player: 0, fold player: 7

----- notify msg last round -----
send notify msg to player 6666 
notify/ 
8888 1140 2000 40 fold 
5555 2360 2000 40 fold 
3333 1238 2000 0 fold 
7777 1960 2000 0 fold 
1111 1920 2000 0 fold 
2222 1960 2000 40 check 
4444 3302 2000 40 fold 
6666 1940 2000 20 fold 
total pot: 180 
/notify 
send notify msg to player 1111 
notify/ 
2222 1960 2000 40 check 
4444 3302 2000 40 fold 
6666 1940 2000 20 fold 
8888 1140 2000 40 fold 
5555 2360 2000 40 fold 
3333 1238 2000 0 fold 
7777 1960 2000 0 fold 
1111 1920 2000 0 fold 
total pot: 180 
/notify 
send notify msg to player 7777 
notify/ 
1111 1920 2000 0 fold 
2222 1960 2000 40 check 
4444 3302 2000 40 fold 
6666 1940 2000 20 fold 
8888 1140 2000 40 fold 
5555 2360 2000 40 fold 
3333 1238 2000 0 fold 
7777 1960 2000 0 fold 
total pot: 180 
/notify 

--- 1 players not fold, don't need show down---

---Allocate pot---
Only player at seat 2 not fold, win all the pot 180
pot-win/ 
2222: 180 
/pot-win 
it is player 6666's turn to be button

-----5 Hand-----

----- clean player data in socket -----
seat/ 
button: 6666 1940 2000 
small blind: 4444 3302 2000 
big blind: 2222 2140 2000 
1111 1920 2000 
7777 1960 2000 
3333 1238 2000 
5555 2360 2000 
8888 1140 2000 
/seat 
blind/ 
4444: 20 
2222: 40 
/blind 
player 4444:hold/ 
HEARTS 8 
DIAMONDS 8 
/hold 
player 2222:hold/ 
DIAMONDS 7 
SPADES 6 
/hold 
player 1111:hold/ 
CLUBS 3 
HEARTS 3 
/hold 
player 7777:hold/ 
DIAMONDS 5 
SPADES 2 
/hold 
player 3333:hold/ 
CLUBS 4 
CLUBS Q 
/hold 
player 5555:hold/ 
CLUBS 5 
CLUBS K 
/hold 
player 8888:hold/ 
SPADES 5 
DIAMONDS 2 
/hold 
player 6666:hold/ 
SPADES 8 
DIAMONDS 10 
/hold 

---pre flop round bet---
valid player: 8, all in player: 0, fold player: 0
send inquire msg to player 1111 
inquire/ 
2222 2100 2000 40 blind 
4444 3282 2000 20 blind 
total pot: 60 
/inquire 
recv from player 1111: fold 

send inquire msg to player 7777 
inquire/ 
1111 1920 2000 0 fold 
2222 2100 2000 40 blind 
4444 3282 2000 20 blind 
total pot: 60 
/inquire 
recv from player 7777: fold 

send inquire msg to player 3333 
inquire/ 
7777 1960 2000 0 fold 
1111 1920 2000 0 fold 
2222 2100 2000 40 blind 
4444 3282 2000 20 blind 
total pot: 60 
/inquire 
recv from player 3333: fold 

send inquire msg to player 5555 
inquire/ 
3333 1238 2000 0 fold 
7777 1960 2000 0 fold 
1111 1920 2000 0 fold 
2222 2100 2000 40 blind 
4444 3282 2000 20 blind 
total pot: 60 
/inquire 
recv from player 5555: call 
send inquire msg to player 8888 
inquire/ 
5555 2320 2000 40 call 
3333 1238 2000 0 fold 
7777 1960 2000 0 fold 
1111 1920 2000 0 fold 
2222 2100 2000 40 blind 
4444 3282 2000 20 blind 
total pot: 100 
/inquire 
recv from player 8888: call 
send inquire msg to player 6666 
inquire/ 
8888 1100 2000 40 call 
5555 2320 2000 40 call 
3333 1238 2000 0 fold 
7777 1960 2000 0 fold 
1111 1920 2000 0 fold 
2222 2100 2000 40 blind 
4444 3282 2000 20 blind 
total pot: 140 
/inquire 
recv from player 6666: fold 

send inquire msg to player 4444 
inquire/ 
6666 1940 2000 0 fold 
8888 1100 2000 40 call 
5555 2320 2000 40 call 
3333 1238 2000 0 fold 
7777 1960 2000 0 fold 
1111 1920 2000 0 fold 
2222 2100 2000 40 blind 
4444 3282 2000 20 blind 
total pot: 140 
/inquire 
recv from player 4444: call 
send inquire msg to player 2222 
inquire/ 
4444 3262 2000 40 call 
6666 1940 2000 0 fold 
8888 1100 2000 40 call 
5555 2320 2000 40 call 
3333 1238 2000 0 fold 
7777 1960 2000 0 fold 
1111 1920 2000 0 fold 
2222 2100 2000 40 blind 
total pot: 160 
/inquire 
recv from player 2222: check 

flop/ 
HEARTS J 
CLUBS A 
HEARTS K 
/flop 

---flop round bet---
valid player: 8, all in player: 0, fold player: 4
send inquire msg to player 4444 
inquire/ 
6666 1940 2000 0 fold 
8888 1100 2000 40 call 
5555 2320 2000 40 call 
3333 1238 2000 0 fold 
7777 1960 2000 0 fold 
1111 1920 2000 0 fold 
2222 2100 2000 40 check 
4444 3262 2000 40 call 
total pot: 160 
/inquire 
recv from player 4444: call 
send inquire msg to player 2222 
inquire/ 
4444 3262 2000 40 check 
6666 1940 2000 0 fold 
8888 1100 2000 40 call 
5555 2320 2000 40 call 
3333 1238 2000 0 fold 
7777 1960 2000 0 fold 
1111 1920 2000 0 fold 
2222 2100 2000 40 check 
total pot: 160 
/inquire 
recv from player 2222: call 

send notify msg to player 1111 
notify/ 
2222 2100 2000 40 check 
4444 3262 2000 40 check 
6666 1940 2000 0 fold 
8888 1100 2000 40 call 
5555 2320 2000 40 call 
3333 1238 2000 0 fold 
7777 1960 2000 0 fold 
1111 1920 2000 0 fold 
total pot: 160 
/notify 
send notify msg to player 7777 
notify/ 
1111 1920 2000 0 fold 
2222 2100 2000 40 check 
4444 3262 2000 40 check 
6666 1940 2000 0 fold 
8888 1100 2000 40 call 
5555 2320 2000 40 call 
3333 1238 2000 0 fold 
7777 1960 2000 0 fold 
total pot: 160 
/notify 
send inquire msg to player 5555 
inquire/ 
3333 1238 2000 0 fold 
7777 1960 2000 0 fold 
1111 1920 2000 0 fold 
2222 2100 2000 40 check 
4444 3262 2000 40 check 
6666 1940 2000 0 fold 
8888 1100 2000 40 call 
5555 2320 2000 40 call 
total pot: 160 
/inquire 
recv from player 5555: call 
send inquire msg to player 8888 
inquire/ 
5555 2320 2000 40 check 
3333 1238 2000 0 fold 
7777 1960 2000 0 fold 
1111 1920 2000 0 fold 
2222 2100 2000 40 check 
4444 3262 2000 40 check 
6666 1940 2000 0 fold 
8888 1100 2000 40 call 
total pot: 160 
/inquire 
recv from player 8888: fold 
turn/ 
HEARTS 10 
/turn 

---turn round bet---
valid player: 8, all in player: 0, fold player: 5
send inquire msg to player 4444 
inquire/ 
6666 1940 2000 0 fold 
8888 1100 2000 40 fold 
5555 2320 2000 40 check 
3333 1238 2000 0 fold 
7777 1960 2000 0 fold 
1111 1920 2000 0 fold 
2222 2100 2000 40 check 
4444 3262 2000 40 check 
total pot: 160 
/inquire 
recv from player 4444: check 
send inquire msg to player 2222 
inquire/ 
4444 3262 2000 40 check 
6666 1940 2000 0 fold 
8888 1100 2000 40 fold 
5555 2320 2000 40 check 
3333 1238 2000 0 fold 
7777 1960 2000 0 fold 
1111 1920 2000 0 fold 
2222 2100 2000 40 check 
total pot: 160 
/inquire 
recv from player 2222: call 

send notify msg to player 1111 
notify/ 
2222 2100 2000 40 check 
4444 3262 2000 40 check 
6666 1940 2000 0 fold 
8888 1100 2000 40 fold 
5555 2320 2000 40 check 
3333 1238 2000 0 fold 
7777 1960 2000 0 fold 
1111 1920 2000 0 fold 
total pot: 160 
/notify 
send notify msg to player 7777 
notify/ 
1111 1920 2000 0 fold 
2222 2100 2000 40 check 
4444 3262 2000 40 check 
6666 1940 2000 0 fold 
8888 1100 2000 40 fold 
5555 2320 2000 40 check 
3333 1238 2000 0 fold 
7777 1960 2000 0 fold 
total pot: 160 
/notify 
send inquire msg to player 5555 
inquire/ 
3333 1238 2000 0 fold 
7777 1960 2000 0 fold 
1111 1920 2000 0 fold 
2222 2100 2000 40 check 
4444 3262 2000 40 check 
6666 1940 2000 0 fold 
8888 1100 2000 40 fold 
5555 2320 2000 40 check 
total pot: 160 
/inquire 
recv from player 5555: check 
river/ 
DIAMONDS 3 
/river 

---river round bet---
valid player: 8, all in player: 0, fold player: 5
send inquire msg to player 4444 
inquire/ 
6666 1940 2000 0 fold 
8888 1100 2000 40 fold 
5555 2320 2000 40 check 
3333 1238 2000 0 fold 
7777 1960 2000 0 fold 
1111 1920 2000 0 fold 
2222 2100 2000 40 check 
4444 3262 2000 40 check 
total pot: 160 
/inquire 
recv from player 4444: check 
send inquire msg to player 2222 
inquire/ 
4444 3262 2000 40 check 
6666 1940 2000 0 fold 
8888 1100 2000 40 fold 
5555 2320 2000 40 check 
3333 1238 2000 0 fold 
7777 1960 2000 0 fold 
1111 1920 2000 0 fold 
2222 2100 2000 40 check 
total pot: 160 
/inquire 
recv from player 2222: call 

send notify msg to player 1111 
notify/ 
2222 2100 2000 40 check 
4444 3262 2000 40 check 
6666 1940 2000 0 fold 
8888 1100 2000 40 fold 
5555 2320 2000 40 check 
3333 1238 2000 0 fold 
7777 1960 2000 0 fold 
1111 1920 2000 0 fold 
total pot: 160 
/notify 
send notify msg to player 7777 
notify/ 
1111 1920 2000 0 fold 
2222 2100 2000 40 check 
4444 3262 2000 40 check 
6666 1940 2000 0 fold 
8888 1100 2000 40 fold 
5555 2320 2000 40 check 
3333 1238 2000 0 fold 
7777 1960 2000 0 fold 
total pot: 160 
/notify 
send inquire msg to player 5555 
inquire/ 
3333 1238 2000 0 fold 
7777 1960 2000 0 fold 
1111 1920 2000 0 fold 
2222 2100 2000 40 check 
4444 3262 2000 40 check 
6666 1940 2000 0 fold 
8888 1100 2000 40 fold 
5555 2320 2000 40 check 
total pot: 160 
/inquire 
recv from player 5555: check 

----- notify msg last round -----
send notify msg to player 6666 
notify/ 
8888 1100 2000 40 fold 
5555 2320 2000 40 check 
3333 1238 2000 0 fold 
7777 1960 2000 0 fold 
1111 1920 2000 0 fold 
2222 2100 2000 40 check 
4444 3262 2000 40 check 
6666 1940 2000 0 fold 
total pot: 160 
/notify 
send notify msg to player 1111 
notify/ 
2222 2100 2000 40 check 
4444 3262 2000 40 check 
6666 1940 2000 0 fold 
8888 1100 2000 40 fold 
5555 2320 2000 40 check 
3333 1238 2000 0 fold 
7777 1960 2000 0 fold 
1111 1920 2000 0 fold 
total pot: 160 
/notify 
send notify msg to player 7777 
notify/ 
1111 1920 2000 0 fold 
2222 2100 2000 40 check 
4444 3262 2000 40 check 
6666 1940 2000 0 fold 
8888 1100 2000 40 fold 
5555 2320 2000 40 check 
3333 1238 2000 0 fold 
7777 1960 2000 0 fold 
total pot: 160 
/notify 

---show down---
showdown/ 
common/ 
HEARTS J 
CLUBS A 
HEARTS K 
HEARTS 10 
DIAMONDS 3 
/common 
2: 4444 HEARTS 8 DIAMONDS 8 ONE_PAIR 
3: 2222 DIAMONDS 7 SPADES 6 HIGH_CARD 
1: 5555 CLUBS 5 CLUBS K ONE_PAIR 
/showdown 

---Allocate pot---
pot-win/ 
