

===VERSION 1.24===
---GAME START @ 2015-5-26-19-53-47---

wait registration for 30 seconds
reg: 5555 DSB  reg: 4444 DSB  reg: 3333 3333 
reg: 6666 wmml need_notify 
reg: 2222 new 
reg: 8888 DSB  reg: 7777 cleverbot need_notify 
reg: 1111 Young need_notify  
close registration

-----1 Hand-----

----- clean player data in socket -----
seat/ 
button: 1111 2000 2000 
small blind: 3333 2000 2000 
big blind: 7777 2000 2000 
2222 2000 2000 
4444 2000 2000 
6666 2000 2000 
8888 2000 2000 
5555 2000 2000 
/seat 
blind/ 
3333: 20 
7777: 40 
/blind 
player 3333:hold/ 
SPADES 6 
DIAMONDS 3 
/hold 
player 7777:hold/ 
SPADES 8 
SPADES 5 
/hold 
player 2222:hold/ 
HEARTS 2 
DIAMONDS 5 
/hold 
player 4444:hold/ 
SPADES J 
SPADES 10 
/hold 
player 6666:hold/ 
CLUBS 8 
CLUBS A 
/hold 
player 8888:hold/ 
CLUBS 2 
SPADES K 
/hold 
player 5555:hold/ 
HEARTS 9 
SPADES 3 
/hold 
player 1111:hold/ 
CLUBS J 
DIAMONDS 9 
/hold 

---pre flop round bet---
valid player: 8, all in player: 0, fold player: 0
send inquire msg to player 2222 
inquire/ 
7777 1960 2000 40 blind 
3333 1980 2000 20 blind 
total pot: 60 
/inquire 
recv from player 2222: fold 

send inquire msg to player 4444 
inquire/ 
2222 2000 2000 0 fold 
7777 1960 2000 40 blind 
3333 1980 2000 20 blind 
total pot: 60 
/inquire 
recv from player 4444: raise 200 
send inquire msg to player 6666 
inquire/ 
4444 1760 2000 240 raise 
2222 2000 2000 0 fold 
7777 1960 2000 40 blind 
3333 1980 2000 20 blind 
total pot: 300 
/inquire 
recv from player 6666: fold 

send inquire msg to player 8888 
inquire/ 
6666 2000 2000 0 fold 
4444 1760 2000 240 raise 
2222 2000 2000 0 fold 
7777 1960 2000 40 blind 
3333 1980 2000 20 blind 
total pot: 300 
/inquire 
recv from player 8888: fold 
send inquire msg to player 5555 
inquire/ 
8888 2000 2000 0 fold 
6666 2000 2000 0 fold 
4444 1760 2000 240 raise 
2222 2000 2000 0 fold 
7777 1960 2000 40 blind 
3333 1980 2000 20 blind 
total pot: 300 
/inquire 
recv from player 5555: fold 
send inquire msg to player 1111 
inquire/ 
5555 2000 2000 0 fold 
8888 2000 2000 0 fold 
6666 2000 2000 0 fold 
4444 1760 2000 240 raise 
2222 2000 2000 0 fold 
7777 1960 2000 40 blind 
3333 1980 2000 20 blind 
total pot: 300 
/inquire 
recv from player 1111: fold 

send inquire msg to player 3333 
inquire/ 
1111 2000 2000 0 fold 
5555 2000 2000 0 fold 
8888 2000 2000 0 fold 
6666 2000 2000 0 fold 
4444 1760 2000 240 raise 
2222 2000 2000 0 fold 
7777 1960 2000 40 blind 
3333 1980 2000 20 blind 
total pot: 300 
/inquire 
recv from player 3333: fold 

send inquire msg to player 7777 
inquire/ 
3333 1980 2000 20 fold 
1111 2000 2000 0 fold 
5555 2000 2000 0 fold 
8888 2000 2000 0 fold 
6666 2000 2000 0 fold 
4444 1760 2000 240 raise 
2222 2000 2000 0 fold 
7777 1960 2000 40 blind 
total pot: 300 
/inquire 
recv from player 7777: fold 


---flop round bet---
valid player: 8, all in player: 0, fold player: 7

---turn round bet---
valid player: 8, all in player: 0, fold player: 7

---river round bet---
valid player: 8, all in player: 0, fold player: 7

----- notify msg last round -----
send notify msg to player 6666 
notify/ 
4444 1760 2000 240 raise 
2222 2000 2000 0 fold 
7777 1960 2000 40 fold 
3333 1980 2000 20 fold 
1111 2000 2000 0 fold 
5555 2000 2000 0 fold 
8888 2000 2000 0 fold 
6666 2000 2000 0 fold 
total pot: 300 
/notify 
send notify msg to player 1111 
notify/ 
5555 2000 2000 0 fold 
8888 2000 2000 0 fold 
6666 2000 2000 0 fold 
4444 1760 2000 240 raise 
2222 2000 2000 0 fold 
7777 1960 2000 40 fold 
3333 1980 2000 20 fold 
1111 2000 2000 0 fold 
total pot: 300 
/notify 
send notify msg to player 7777 
notify/ 
3333 1980 2000 20 fold 
1111 2000 2000 0 fold 
5555 2000 2000 0 fold 
8888 2000 2000 0 fold 
6666 2000 2000 0 fold 
4444 1760 2000 240 raise 
2222 2000 2000 0 fold 
7777 1960 2000 40 fold 
total pot: 300 
/notify 

--- 1 players not fold, don't need show down---

---Allocate pot---
Only player at seat 3 not fold, win all the pot 300
pot-win/ 
4444: 300 
/pot-win 
it is player 3333's turn to be button

-----2 Hand-----

----- clean player data in socket -----
seat/ 
button: 3333 1980 2000 
small blind: 7777 1960 2000 
big blind: 2222 2000 2000 
4444 2060 2000 
6666 2000 2000 
8888 2000 2000 
5555 2000 2000 
1111 2000 2000 
/seat 
blind/ 
7777: 20 
2222: 40 
/blind 
player 7777:hold/ 
CLUBS 9 
DIAMONDS 9 
/hold 
player 2222:hold/ 
DIAMONDS J 
CLUBS 6 
/hold 
player 4444:hold/ 
DIAMONDS Q 
CLUBS 3 
/hold 
player 6666:hold/ 
SPADES 8 
DIAMONDS K 
/hold 
player 8888:hold/ 
HEARTS 7 
HEARTS 2 
/hold 
player 5555:hold/ 
SPADES 7 
HEARTS A 
/hold 
player 1111:hold/ 
CLUBS J 
CLUBS K 
/hold 
player 3333:hold/ 
DIAMONDS 8 
SPADES J 
/hold 

---pre flop round bet---
valid player: 8, all in player: 0, fold player: 0
send inquire msg to player 4444 
inquire/ 
2222 1960 2000 40 blind 
7777 1940 2000 20 blind 
total pot: 60 
/inquire 
recv from player 4444: fold 
send inquire msg to player 6666 
inquire/ 
4444 2060 2000 0 fold 
2222 1960 2000 40 blind 
7777 1940 2000 20 blind 
total pot: 60 
/inquire 
recv from player 6666: fold 

send inquire msg to player 8888 
inquire/ 
6666 2000 2000 0 fold 
4444 2060 2000 0 fold 
2222 1960 2000 40 blind 
7777 1940 2000 20 blind 
total pot: 60 
/inquire 
recv from player 8888: call 
send inquire msg to player 5555 
inquire/ 
8888 1960 2000 40 call 
6666 2000 2000 0 fold 
4444 2060 2000 0 fold 
2222 1960 2000 40 blind 
7777 1940 2000 20 blind 
total pot: 100 
/inquire 
recv from player 5555: call 
send inquire msg to player 1111 
inquire/ 
5555 1960 2000 40 call 
8888 1960 2000 40 call 
6666 2000 2000 0 fold 
4444 2060 2000 0 fold 
2222 1960 2000 40 blind 
7777 1940 2000 20 blind 
total pot: 140 
/inquire 
recv from player 1111: call 

send inquire msg to player 3333 
inquire/ 
1111 1960 2000 40 call 
5555 1960 2000 40 call 
8888 1960 2000 40 call 
6666 2000 2000 0 fold 
4444 2060 2000 0 fold 
2222 1960 2000 40 blind 
7777 1940 2000 20 blind 
total pot: 180 
/inquire 
recv from player 3333: check 

send inquire msg to player 7777 
inquire/ 
3333 1940 2000 40 call 
1111 1960 2000 40 call 
5555 1960 2000 40 call 
8888 1960 2000 40 call 
6666 2000 2000 0 fold 
4444 2060 2000 0 fold 
2222 1960 2000 40 blind 
7777 1940 2000 20 blind 
total pot: 220 
/inquire 
recv from player 7777: raise 200 

send inquire msg to player 2222 
inquire/ 
7777 1720 2000 240 raise 
3333 1940 2000 40 call 
1111 1960 2000 40 call 
5555 1960 2000 40 call 
8888 1960 2000 40 call 
6666 2000 2000 0 fold 
4444 2060 2000 0 fold 
2222 1960 2000 40 blind 
total pot: 440 
/inquire 
recv from player 2222: fold 

send notify msg to player 6666 
notify/ 
4444 2060 2000 0 fold 
2222 1960 2000 40 fold 
7777 1720 2000 240 raise 
3333 1940 2000 40 call 
1111 1960 2000 40 call 
5555 1960 2000 40 call 
8888 1960 2000 40 call 
6666 2000 2000 0 fold 
total pot: 440 
/notify 
send inquire msg to player 8888 
inquire/ 
6666 2000 2000 0 fold 
4444 2060 2000 0 fold 
2222 1960 2000 40 fold 
7777 1720 2000 240 raise 
3333 1940 2000 40 call 
1111 1960 2000 40 call 
5555 1960 2000 40 call 
8888 1960 2000 40 call 
total pot: 440 
/inquire 
recv from player 8888: fold 
send inquire msg to player 5555 
inquire/ 
8888 1960 2000 40 fold 
6666 2000 2000 0 fold 
4444 2060 2000 0 fold 
2222 1960 2000 40 fold 
7777 1720 2000 240 raise 
3333 1940 2000 40 call 
1111 1960 2000 40 call 
5555 1960 2000 40 call 
total pot: 440 
/inquire 
recv from player 5555: fold 
send inquire msg to player 1111 
inquire/ 
5555 1960 2000 40 fold 
8888 1960 2000 40 fold 
6666 2000 2000 0 fold 
4444 2060 2000 0 fold 
2222 1960 2000 40 fold 
7777 1720 2000 240 raise 
3333 1940 2000 40 call 
1111 1960 2000 40 call 
total pot: 440 
/inquire 
recv from player 1111: fold 

send inquire msg to player 3333 
inquire/ 
1111 1960 2000 40 fold 
5555 1960 2000 40 fold 
8888 1960 2000 40 fold 
6666 2000 2000 0 fold 
4444 2060 2000 0 fold 
2222 1960 2000 40 fold 
7777 1720 2000 240 raise 
3333 1940 2000 40 call 
total pot: 440 
/inquire 
recv from player 3333: fold 


---flop round bet---
valid player: 8, all in player: 0, fold player: 7

---turn round bet---
valid player: 8, all in player: 0, fold player: 7

---river round bet---
valid player: 8, all in player: 0, fold player: 7

----- notify msg last round -----
send notify msg to player 7777 
notify/ 
3333 1940 2000 40 fold 
1111 1960 2000 40 fold 
5555 1960 2000 40 fold 
8888 1960 2000 40 fold 
6666 2000 2000 0 fold 
4444 2060 2000 0 fold 
2222 1960 2000 40 fold 
7777 1720 2000 240 raise 
total pot: 440 
/notify 
send notify msg to player 6666 
notify/ 
4444 2060 2000 0 fold 
2222 1960 2000 40 fold 
7777 1720 2000 240 raise 
3333 1940 2000 40 fold 
1111 1960 2000 40 fold 
5555 1960 2000 40 fold 
8888 1960 2000 40 fold 
6666 2000 2000 0 fold 
total pot: 440 
/notify 
send notify msg to player 1111 
notify/ 
5555 1960 2000 40 fold 
8888 1960 2000 40 fold 
6666 2000 2000 0 fold 
4444 2060 2000 0 fold 
2222 1960 2000 40 fold 
7777 1720 2000 240 raise 
3333 1940 2000 40 fold 
1111 1960 2000 40 fold 
total pot: 440 
/notify 

--- 1 players not fold, don't need show down---

---Allocate pot---
Only player at seat 0 not fold, win all the pot 440
pot-win/ 
7777: 440 
/pot-win 
it is player 7777's turn to be button

-----3 Hand-----

----- clean player data in socket -----
seat/ 
button: 7777 2160 2000 
small blind: 2222 1960 2000 
big blind: 4444 2060 2000 
6666 2000 2000 
8888 1960 2000 
5555 1960 2000 
1111 1960 2000 
3333 1940 2000 
/seat 
blind/ 
2222: 20 
4444: 40 
/blind 
player 2222:hold/ 
HEARTS 5 
SPADES J 
/hold 
player 4444:hold/ 
CLUBS K 
CLUBS 8 
/hold 
player 6666:hold/ 
HEARTS 8 
HEARTS Q 
/hold 
player 8888:hold/ 
SPADES 10 
HEARTS 6 
/hold 
player 5555:hold/ 
SPADES 4 
CLUBS 5 
/hold 
player 1111:hold/ 
CLUBS 9 
DIAMONDS 9 
/hold 
player 3333:hold/ 
DIAMONDS K 
SPADES 6 
/hold 
player 7777:hold/ 
HEARTS 3 
HEARTS K 
/hold 

---pre flop round bet---
valid player: 8, all in player: 0, fold player: 0
send inquire msg to player 6666 
inquire/ 
4444 2020 2000 40 blind 
2222 1940 2000 20 blind 
total pot: 60 
/inquire 
recv from player 6666: fold 

send inquire msg to player 8888 
inquire/ 
6666 2000 2000 0 fold 
4444 2020 2000 40 blind 
2222 1940 2000 20 blind 
total pot: 60 
/inquire 
recv from player 8888: call 
send inquire msg to player 5555 
inquire/ 
8888 1920 2000 40 call 
6666 2000 2000 0 fold 
4444 2020 2000 40 blind 
2222 1940 2000 20 blind 
total pot: 100 
/inquire 
recv from player 5555: call 
send inquire msg to player 1111 
inquire/ 
5555 1920 2000 40 call 
8888 1920 2000 40 call 
6666 2000 2000 0 fold 
4444 2020 2000 40 blind 
2222 1940 2000 20 blind 
total pot: 140 
/inquire 
recv from player 1111: call 

send inquire msg to player 3333 
inquire/ 
1111 1920 2000 40 call 
5555 1920 2000 40 call 
8888 1920 2000 40 call 
6666 2000 2000 0 fold 
4444 2020 2000 40 blind 
2222 1940 2000 20 blind 
total pot: 180 
/inquire 
recv from player 3333: fold 

send inquire msg to player 7777 
inquire/ 
3333 1940 2000 0 fold 
1111 1920 2000 40 call 
5555 1920 2000 40 call 
8888 1920 2000 40 call 
6666 2000 2000 0 fold 
4444 2020 2000 40 blind 
2222 1940 2000 20 blind 
total pot: 180 
/inquire 
recv from player 7777: fold 

send inquire msg to player 2222 
inquire/ 
7777 2160 2000 0 fold 
3333 1940 2000 0 fold 
1111 1920 2000 40 call 
5555 1920 2000 40 call 
8888 1920 2000 40 call 
6666 2000 2000 0 fold 
4444 2020 2000 40 blind 
2222 1940 2000 20 blind 
total pot: 180 
/inquire 
recv from player 2222: call 

send inquire msg to player 4444 
inquire/ 
2222 1920 2000 40 call 
7777 2160 2000 0 fold 
3333 1940 2000 0 fold 
1111 1920 2000 40 call 
5555 1920 2000 40 call 
8888 1920 2000 40 call 
6666 2000 2000 0 fold 
4444 2020 2000 40 blind 
total pot: 200 
/inquire 
recv from player 4444: call 
flop/ 
SPADES Q 
SPADES 2 
DIAMONDS A 
/flop 

---flop round bet---
valid player: 8, all in player: 0, fold player: 3
send inquire msg to player 2222 
inquire/ 
7777 2160 2000 0 fold 
3333 1940 2000 0 fold 
1111 1920 2000 40 call 
5555 1920 2000 40 call 
8888 1920 2000 40 call 
6666 2000 2000 0 fold 
4444 2020 2000 40 check 
2222 1920 2000 40 call 
total pot: 200 
/inquire 
recv from player 2222: call 

send inquire msg to player 4444 
inquire/ 
2222 1920 2000 40 check 
7777 2160 2000 0 fold 
3333 1940 2000 0 fold 
1111 1920 2000 40 call 
5555 1920 2000 40 call 
8888 1920 2000 40 call 
6666 2000 2000 0 fold 
4444 2020 2000 40 check 
total pot: 200 
/inquire 
recv from player 4444: raise 200 
send notify msg to player 6666 
notify/ 
4444 1820 2000 240 raise 
2222 1920 2000 40 check 
7777 2160 2000 0 fold 
3333 1940 2000 0 fold 
1111 1920 2000 40 call 
5555 1920 2000 40 call 
8888 1920 2000 40 call 
6666 2000 2000 0 fold 
total pot: 400 
/notify 
send inquire msg to player 8888 
inquire/ 
6666 2000 2000 0 fold 
4444 1820 2000 240 raise 
2222 1920 2000 40 check 
7777 2160 2000 0 fold 
3333 1940 2000 0 fold 
1111 1920 2000 40 call 
5555 1920 2000 40 call 
8888 1920 2000 40 call 
total pot: 400 
/inquire 
recv from player 8888: fold 
send inquire msg to player 5555 
inquire/ 
8888 1920 2000 40 fold 
6666 2000 2000 0 fold 
4444 1820 2000 240 raise 
2222 1920 2000 40 check 
7777 2160 2000 0 fold 
3333 1940 2000 0 fold 
1111 1920 2000 40 call 
5555 1920 2000 40 call 
total pot: 400 
/inquire 
recv from player 5555: fold 
send inquire msg to player 1111 
inquire/ 
5555 1920 2000 40 fold 
8888 1920 2000 40 fold 
6666 2000 2000 0 fold 
4444 1820 2000 240 raise 
2222 1920 2000 40 check 
7777 2160 2000 0 fold 
3333 1940 2000 0 fold 
1111 1920 2000 40 call 
total pot: 400 
/inquire 
recv from player 1111: fold 

send notify msg to player 7777 
notify/ 
3333 1940 2000 0 fold 
1111 1920 2000 40 fold 
5555 1920 2000 40 fold 
8888 1920 2000 40 fold 
6666 2000 2000 0 fold 
4444 1820 2000 240 raise 
2222 1920 2000 40 check 
7777 2160 2000 0 fold 
total pot: 400 
/notify 
send inquire msg to player 2222 
inquire/ 
7777 2160 2000 0 fold 
3333 1940 2000 0 fold 
1111 1920 2000 40 fold 
5555 1920 2000 40 fold 
8888 1920 2000 40 fold 
6666 2000 2000 0 fold 
4444 1820 2000 240 raise 
2222 1920 2000 40 check 
total pot: 400 
/inquire 
recv from player 2222: fold 


---turn round bet---
valid player: 8, all in player: 0, fold player: 7

---river round bet---
valid player: 8, all in player: 0, fold player: 7

----- notify msg last round -----
send notify msg to player 6666 
notify/ 
4444 1820 2000 240 raise 
2222 1920 2000 40 fold 
7777 2160 2000 0 fold 
3333 1940 2000 0 fold 
1111 1920 2000 40 fold 
5555 1920 2000 40 fold 
8888 1920 2000 40 fold 
6666 2000 2000 0 fold 
total pot: 400 
/notify 
send notify msg to player 1111 
notify/ 
5555 1920 2000 40 fold 
8888 1920 2000 40 fold 
6666 2000 2000 0 fold 
4444 1820 2000 240 raise 
2222 1920 2000 40 fold 
7777 2160 2000 0 fold 
3333 1940 2000 0 fold 
1111 1920 2000 40 fold 
total pot: 400 
/notify 
send notify msg to player 7777 
notify/ 
3333 1940 2000 0 fold 
1111 1920 2000 40 fold 
5555 1920 2000 40 fold 
8888 1920 2000 40 fold 
6666 2000 2000 0 fold 
4444 1820 2000 240 raise 
2222 1920 2000 40 fold 
7777 2160 2000 0 fold 
total pot: 400 
/notify 

--- 1 players not fold, don't need show down---

---Allocate pot---
Only player at seat 1 not fold, win all the pot 400
pot-win/ 
4444: 400 
/pot-win 
it is player 2222's turn to be button

-----4 Hand-----

----- clean player data in socket -----
seat/ 
button: 2222 1920 2000 
small blind: 4444 2220 2000 
big blind: 6666 2000 2000 
8888 1920 2000 
5555 1920 2000 
1111 1920 2000 
3333 1940 2000 
7777 2160 2000 
/seat 
blind/ 
4444: 20 
6666: 40 
/blind 
player 4444:hold/ 
HEARTS 8 
SPADES 7 
/hold 
player 6666:hold/ 
HEARTS J 
SPADES 4 
/hold 
player 8888:hold/ 
DIAMONDS 5 
SPADES 8 
/hold 
player 5555:hold/ 
HEARTS 2 
SPADES K 
/hold 
player 1111:hold/ 
DIAMONDS Q 
CLUBS 6 
/hold 
player 3333:hold/ 
SPADES 6 
CLUBS 9 
/hold 
player 7777:hold/ 
DIAMONDS 4 
HEARTS 4 
/hold 
player 2222:hold/ 
HEARTS Q 
HEARTS 5 
/hold 

---pre flop round bet---
valid player: 8, all in player: 0, fold player: 0
send inquire msg to player 8888 
inquire/ 
6666 1960 2000 40 blind 
4444 2200 2000 20 blind 
total pot: 60 
/inquire 
recv from player 8888: call 
send inquire msg to player 5555 
inquire/ 
8888 1880 2000 40 call 
6666 1960 2000 40 blind 
4444 2200 2000 20 blind 
total pot: 100 
/inquire 
recv from player 5555: call 
send inquire msg to player 1111 
inquire/ 
5555 1880 2000 40 call 
8888 1880 2000 40 call 
6666 1960 2000 40 blind 
4444 2200 2000 20 blind 
total pot: 140 
/inquire 
recv from player 1111: fold 

send inquire msg to player 3333 
inquire/ 
1111 1920 2000 0 fold 
5555 1880 2000 40 call 
8888 1880 2000 40 call 
6666 1960 2000 40 blind 
4444 2200 2000 20 blind 
total pot: 140 
/inquire 
recv from player 3333: fold 

send inquire msg to player 7777 
inquire/ 
3333 1940 2000 0 fold 
1111 1920 2000 0 fold 
5555 1880 2000 40 call 
8888 1880 2000 40 call 
6666 1960 2000 40 blind 
4444 2200 2000 20 blind 
total pot: 140 
/inquire 
recv from player 7777: call 

send inquire msg to player 2222 
inquire/ 
7777 2120 2000 40 call 
3333 1940 2000 0 fold 
1111 1920 2000 0 fold 
5555 1880 2000 40 call 
8888 1880 2000 40 call 
6666 1960 2000 40 blind 
4444 2200 2000 20 blind 
total pot: 180 
/inquire 
recv from player 2222: fold 

send inquire msg to player 4444 
inquire/ 
2222 1920 2000 0 fold 
7777 2120 2000 40 call 
3333 1940 2000 0 fold 
1111 1920 2000 0 fold 
5555 1880 2000 40 call 
8888 1880 2000 40 call 
6666 1960 2000 40 blind 
4444 2200 2000 20 blind 
total pot: 180 
/inquire 
recv from player 4444: call 
send inquire msg to player 6666 
inquire/ 
4444 2180 2000 40 call 
2222 1920 2000 0 fold 
7777 2120 2000 40 call 
3333 1940 2000 0 fold 
1111 1920 2000 0 fold 
5555 1880 2000 40 call 
8888 1880 2000 40 call 
6666 1960 2000 40 blind 
total pot: 200 
/inquire 
recv from player 6666: check 

flop/ 
CLUBS 10 
CLUBS 3 
SPADES 9 
/flop 

---flop round bet---
valid player: 8, all in player: 0, fold player: 3
send inquire msg to player 4444 
inquire/ 
2222 1920 2000 0 fold 
7777 2120 2000 40 call 
3333 1940 2000 0 fold 
1111 1920 2000 0 fold 
5555 1880 2000 40 call 
8888 1880 2000 40 call 
6666 1960 2000 40 check 
4444 2180 2000 40 call 
total pot: 200 
/inquire 
recv from player 4444: fold 
send inquire msg to player 6666 
inquire/ 
4444 2180 2000 40 fold 
2222 1920 2000 0 fold 
7777 2120 2000 40 call 
3333 1940 2000 0 fold 
1111 1920 2000 0 fold 
5555 1880 2000 40 call 
8888 1880 2000 40 call 
6666 1960 2000 40 check 
total pot: 200 
/inquire 
recv from player 6666: check 

send inquire msg to player 8888 
inquire/ 
6666 1960 2000 40 check 
4444 2180 2000 40 fold 
2222 1920 2000 0 fold 
7777 2120 2000 40 call 
3333 1940 2000 0 fold 
1111 1920 2000 0 fold 
5555 1880 2000 40 call 
8888 1880 2000 40 call 
total pot: 200 
/inquire 
recv from player 8888: fold 
send inquire msg to player 5555 
inquire/ 
8888 1880 2000 40 fold 
6666 1960 2000 40 check 
4444 2180 2000 40 fold 
2222 1920 2000 0 fold 
7777 2120 2000 40 call 
3333 1940 2000 0 fold 
1111 1920 2000 0 fold 
5555 1880 2000 40 call 
total pot: 200 
/inquire 
recv from player 5555: fold 
send notify msg to player 1111 
notify/ 
5555 1880 2000 40 fold 
8888 1880 2000 40 fold 
6666 1960 2000 40 check 
4444 2180 2000 40 fold 
2222 1920 2000 0 fold 
7777 2120 2000 40 call 
3333 1940 2000 0 fold 
1111 1920 2000 0 fold 
total pot: 200 
/notify 
send inquire msg to player 7777 
inquire/ 
3333 1940 2000 0 fold 
1111 1920 2000 0 fold 
5555 1880 2000 40 fold 
8888 1880 2000 40 fold 
6666 1960 2000 40 check 
4444 2180 2000 40 fold 
2222 1920 2000 0 fold 
7777 2120 2000 40 call 
total pot: 200 
/inquire 
recv from player 7777: call 

turn/ 
CLUBS 2 
/turn 

---turn round bet---
valid player: 8, all in player: 0, fold player: 6
send inquire msg to player 6666 
inquire/ 
4444 2180 2000 40 fold 
2222 1920 2000 0 fold 
7777 2120 2000 40 check 
3333 1940 2000 0 fold 
1111 1920 2000 0 fold 
5555 1880 2000 40 fold 
8888 1880 2000 40 fold 
6666 1960 2000 40 check 
total pot: 200 
/inquire 
recv from player 6666: check 

send notify msg to player 1111 
notify/ 
5555 1880 2000 40 fold 
8888 1880 2000 40 fold 
6666 1960 2000 40 check 
4444 2180 2000 40 fold 
2222 1920 2000 0 fold 
7777 2120 2000 40 check 
3333 1940 2000 0 fold 
1111 1920 2000 0 fold 
total pot: 200 
/notify 
send inquire msg to player 7777 
inquire/ 
3333 1940 2000 0 fold 
1111 1920 2000 0 fold 
5555 1880 2000 40 fold 
8888 1880 2000 40 fold 
6666 1960 2000 40 check 
4444 2180 2000 40 fold 
2222 1920 2000 0 fold 
7777 2120 2000 40 check 
total pot: 200 
/inquire 
recv from player 7777: call 

river/ 
CLUBS J 
/river 

---river round bet---
valid player: 8, all in player: 0, fold player: 6
send inquire msg to player 6666 
inquire/ 
4444 2180 2000 40 fold 
2222 1920 2000 0 fold 
7777 2120 2000 40 check 
3333 1940 2000 0 fold 
1111 1920 2000 0 fold 
5555 1880 2000 40 fold 
8888 1880 2000 40 fold 
6666 1960 2000 40 check 
total pot: 200 
/inquire 
recv from player 6666: check 

send notify msg to player 1111 
notify/ 
5555 1880 2000 40 fold 
8888 1880 2000 40 fold 
6666 1960 2000 40 check 
4444 2180 2000 40 fold 
2222 1920 2000 0 fold 
7777 2120 2000 40 check 
3333 1940 2000 0 fold 
1111 1920 2000 0 fold 
total pot: 200 
/notify 
send inquire msg to player 7777 
inquire/ 
3333 1940 2000 0 fold 
1111 1920 2000 0 fold 
5555 1880 2000 40 fold 
8888 1880 2000 40 fold 
6666 1960 2000 40 check 
4444 2180 2000 40 fold 
2222 1920 2000 0 fold 
7777 2120 2000 40 check 
total pot: 200 
/inquire 
recv from player 7777: call 


----- notify msg last round -----
send notify msg to player 6666 
notify/ 
4444 2180 2000 40 fold 
2222 1920 2000 0 fold 
7777 2120 2000 40 check 
3333 1940 2000 0 fold 
1111 1920 2000 0 fold 
5555 1880 2000 40 fold 
8888 1880 2000 40 fold 
6666 1960 2000 40 check 
total pot: 200 
/notify 
send notify msg to player 1111 
notify/ 
5555 1880 2000 40 fold 
8888 1880 2000 40 fold 
6666 1960 2000 40 check 
4444 2180 2000 40 fold 
2222 1920 2000 0 fold 
7777 2120 2000 40 check 
3333 1940 2000 0 fold 
1111 1920 2000 0 fold 
total pot: 200 
/notify 
send notify msg to player 7777 
notify/ 
3333 1940 2000 0 fold 
1111 1920 2000 0 fold 
5555 1880 2000 40 fold 
8888 1880 2000 40 fold 
6666 1960 2000 40 check 
4444 2180 2000 40 fold 
2222 1920 2000 0 fold 
7777 2120 2000 40 check 
total pot: 200 
/notify 

---show down---
showdown/ 
common/ 
CLUBS 10 
CLUBS 3 
SPADES 9 
CLUBS 2 
CLUBS J 
/common 
1: 6666 HEARTS J SPADES 4 ONE_PAIR 
2: 7777 DIAMONDS 4 HEARTS 4 ONE_PAIR 
/showdown 

---Allocate pot---
pot-win/ 
6666: 200 
/pot-win 
it is player 4444's turn to be button

-----5 Hand-----

----- clean player data in socket -----
seat/ 
button: 4444 2180 2000 
small blind: 6666 2160 2000 
big blind: 8888 1880 2000 
5555 1880 2000 
1111 1920 2000 
3333 1940 2000 
7777 2120 2000 
2222 1920 2000 
/seat 
blind/ 
6666: 20 
8888: 40 
/blind 
player 6666:hold/ 
SPADES 4 
SPADES 6 
/hold 
player 8888:hold/ 
HEARTS 5 
HEARTS J 
/hold 
player 5555:hold/ 
HEARTS 3 
DIAMONDS 5 
/hold 
player 1111:hold/ 
CLUBS K 
DIAMONDS A 
/hold 
player 3333:hold/ 
CLUBS 4 
SPADES J 
/hold 
player 7777:hold/ 
HEARTS 6 
DIAMONDS 9 
/hold 
player 2222:hold/ 
CLUBS 2 
CLUBS 8 
/hold 
player 4444:hold/ 
DIAMONDS 2 
DIAMONDS 3 
/hold 

---pre flop round bet---
valid player: 8, all in player: 0, fold player: 0
send inquire msg to player 5555 
inquire/ 
8888 1840 2000 40 blind 
6666 2140 2000 20 blind 
total pot: 60 
/inquire 
recv from player 5555: call 
send inquire msg to player 1111 
inquire/ 
5555 1840 2000 40 call 
8888 1840 2000 40 blind 
6666 2140 2000 20 blind 
total pot: 100 
/inquire 
recv from player 1111: call 

send inquire msg to player 3333 
inquire/ 
1111 1880 2000 40 call 
5555 1840 2000 40 call 
8888 1840 2000 40 blind 
6666 2140 2000 20 blind 
total pot: 140 
/inquire 
recv from player 3333: fold 

send inquire msg to player 7777 
inquire/ 
3333 1940 2000 0 fold 
1111 1880 2000 40 call 
5555 1840 2000 40 call 
8888 1840 2000 40 blind 
6666 2140 2000 20 blind 
total pot: 140 
/inquire 
recv from player 7777: fold 

send inquire msg to player 2222 
inquire/ 
7777 2120 2000 0 fold 
3333 1940 2000 0 fold 
1111 1880 2000 40 call 
5555 1840 2000 40 call 
8888 1840 2000 40 blind 
6666 2140 2000 20 blind 
total pot: 140 
/inquire 
recv from player 2222: fold 

send inquire msg to player 4444 
inquire/ 
2222 1920 2000 0 fold 
7777 2120 2000 0 fold 
3333 1940 2000 0 fold 
1111 1880 2000 40 call 
5555 1840 2000 40 call 
8888 1840 2000 40 blind 
6666 2140 2000 20 blind 
total pot: 140 
/inquire 
recv from player 4444: call 
send inquire msg to player 6666 
inquire/ 
4444 2140 2000 40 call 
2222 1920 2000 0 fold 
7777 2120 2000 0 fold 
3333 1940 2000 0 fold 
1111 1880 2000 40 call 
5555 1840 2000 40 call 
8888 1840 2000 40 blind 
6666 2140 2000 20 blind 
total pot: 180 
/inquire 
recv from player 6666: fold 

send inquire msg to player 8888 
inquire/ 
6666 2140 2000 20 fold 
4444 2140 2000 40 call 
2222 1920 2000 0 fold 
7777 2120 2000 0 fold 
3333 1940 2000 0 fold 
1111 1880 2000 40 call 
5555 1840 2000 40 call 
8888 1840 2000 40 blind 
total pot: 180 
/inquire 
recv from player 8888: call 
flop/ 
CLUBS A 
CLUBS 5 
SPADES Q 
/flop 

---flop round bet---
valid player: 8, all in player: 0, fold player: 4
send notify msg to player 6666 
notify/ 
4444 2140 2000 40 call 
2222 1920 2000 0 fold 
7777 2120 2000 0 fold 
3333 1940 2000 0 fold 
1111 1880 2000 40 call 
5555 1840 2000 40 call 
8888 1840 2000 40 check 
6666 2140 2000 20 fold 
total pot: 180 
/notify 
send inquire msg to player 8888 
inquire/ 
6666 2140 2000 20 fold 
4444 2140 2000 40 call 
2222 1920 2000 0 fold 
7777 2120 2000 0 fold 
3333 1940 2000 0 fold 
1111 1880 2000 40 call 
5555 1840 2000 40 call 
8888 1840 2000 40 check 
total pot: 180 
/inquire 
recv from player 8888: check 
send inquire msg to player 5555 
inquire/ 
8888 1840 2000 40 check 
6666 2140 2000 20 fold 
4444 2140 2000 40 call 
2222 1920 2000 0 fold 
7777 2120 2000 0 fold 
3333 1940 2000 0 fold 
1111 1880 2000 40 call 
5555 1840 2000 40 call 
total pot: 180 
/inquire 
recv from player 5555: call 
send inquire msg to player 1111 
inquire/ 
5555 1840 2000 40 check 
8888 1840 2000 40 check 
6666 2140 2000 20 fold 
4444 2140 2000 40 call 
2222 1920 2000 0 fold 
7777 2120 2000 0 fold 
3333 1940 2000 0 fold 
1111 1880 2000 40 call 
total pot: 180 
/inquire 
recv from player 1111: raise 80

send notify msg to player 7777 
notify/ 
3333 1940 2000 0 fold 
1111 1800 2000 120 raise 
5555 1840 2000 40 check 
8888 1840 2000 40 check 
6666 2140 2000 20 fold 
4444 2140 2000 40 call 
2222 1920 2000 0 fold 
7777 2120 2000 0 fold 
total pot: 260 
/notify 
send inquire msg to player 4444 
inquire/ 
2222 1920 2000 0 fold 
7777 2120 2000 0 fold 
3333 1940 2000 0 fold 
1111 1800 2000 120 raise 
5555 1840 2000 40 check 
8888 1840 2000 40 check 
6666 2140 2000 20 fold 
4444 2140 2000 40 call 
total pot: 260 
/inquire 
recv from player 4444: fold 
send notify msg to player 6666 
notify/ 
4444 2140 2000 40 fold 
2222 1920 2000 0 fold 
7777 2120 2000 0 fold 
3333 1940 2000 0 fold 
1111 1800 2000 120 raise 
5555 1840 2000 40 check 
8888 1840 2000 40 check 
6666 2140 2000 20 fold 
total pot: 260 
/notify 
send inquire msg to player 8888 
inquire/ 
6666 2140 2000 20 fold 
4444 2140 2000 40 fold 
2222 1920 2000 0 fold 
7777 2120 2000 0 fold 
3333 1940 2000 0 fold 
1111 1800 2000 120 raise 
5555 1840 2000 40 check 
8888 1840 2000 40 check 
total pot: 260 
/inquire 
recv from player 8888: call 
send inquire msg to player 5555 
inquire/ 
8888 1760 2000 120 call 
6666 2140 2000 20 fold 
4444 2140 2000 40 fold 
2222 1920 2000 0 fold 
7777 2120 2000 0 fold 
3333 1940 2000 0 fold 
1111 1800 2000 120 raise 
5555 1840 2000 40 check 
total pot: 340 
/inquire 
recv from player 5555: call 
turn/ 
HEARTS 2 
/turn 

---turn round bet---
valid player: 8, all in player: 0, fold player: 5
send notify msg to player 6666 
notify/ 
4444 2140 2000 40 fold 
2222 1920 2000 0 fold 
7777 2120 2000 0 fold 
3333 1940 2000 0 fold 
1111 1800 2000 120 raise 
5555 1760 2000 120 call 
8888 1760 2000 120 call 
6666 2140 2000 20 fold 
total pot: 420 
/notify 
send inquire msg to player 8888 
inquire/ 
6666 2140 2000 20 fold 
4444 2140 2000 40 fold 
2222 1920 2000 0 fold 
7777 2120 2000 0 fold 
3333 1940 2000 0 fold 
1111 1800 2000 120 raise 
5555 1760 2000 120 call 
8888 1760 2000 120 call 
total pot: 420 
/inquire 
recv from player 8888: call 
send inquire msg to player 5555 
inquire/ 
8888 1760 2000 120 check 
6666 2140 2000 20 fold 
4444 2140 2000 40 fold 
2222 1920 2000 0 fold 
7777 2120 2000 0 fold 
3333 1940 2000 0 fold 
1111 1800 2000 120 raise 
5555 1760 2000 120 call 
total pot: 420 
/inquire 
recv from player 5555: call 
send inquire msg to player 1111 
inquire/ 
5555 1760 2000 120 check 
8888 1760 2000 120 check 
6666 2140 2000 20 fold 
4444 2140 2000 40 fold 
2222 1920 2000 0 fold 
7777 2120 2000 0 fold 
3333 1940 2000 0 fold 
1111 1800 2000 120 raise 
total pot: 420 
/inquire 
recv from player 1111: raise 48.0 

send notify msg to player 7777 
notify/ 
3333 1940 2000 0 fold 
1111 1752 2000 168 raise 
5555 1760 2000 120 check 
8888 1760 2000 120 check 
6666 2140 2000 20 fold 
4444 2140 2000 40 fold 
2222 1920 2000 0 fold 
7777 2120 2000 0 fold 
total pot: 468 
/notify 
send notify msg to player 6666 
notify/ 
4444 2140 2000 40 fold 
2222 1920 2000 0 fold 
7777 2120 2000 0 fold 
3333 1940 2000 0 fold 
1111 1752 2000 168 raise 
5555 1760 2000 120 check 
8888 1760 2000 120 check 
6666 2140 2000 20 fold 
total pot: 468 
/notify 
send inquire msg to player 8888 
inquire/ 
6666 2140 2000 20 fold 
4444 2140 2000 40 fold 
2222 1920 2000 0 fold 
7777 2120 2000 0 fold 
3333 1940 2000 0 fold 
1111 1752 2000 168 raise 
5555 1760 2000 120 check 
8888 1760 2000 120 check 
total pot: 468 
/inquire 
recv from player 8888: call 
send inquire msg to player 5555 
inquire/ 
8888 1712 2000 168 call 
6666 2140 2000 20 fold 
4444 2140 2000 40 fold 
2222 1920 2000 0 fold 
7777 2120 2000 0 fold 
3333 1940 2000 0 fold 
1111 1752 2000 168 raise 
5555 1760 2000 120 check 
total pot: 516 
/inquire 
recv from player 5555: call 
river/ 
HEARTS 9 
/river 

---river round bet---
valid player: 8, all in player: 0, fold player: 5
send notify msg to player 6666 
notify/ 
4444 2140 2000 40 fold 
2222 1920 2000 0 fold 
7777 2120 2000 0 fold 
3333 1940 2000 0 fold 
1111 1752 2000 168 raise 
5555 1712 2000 168 call 
8888 1712 2000 168 call 
6666 2140 2000 20 fold 
total pot: 564 
/notify 
send inquire msg to player 8888 
inquire/ 
6666 2140 2000 20 fold 
4444 2140 2000 40 fold 
2222 1920 2000 0 fold 
7777 2120 2000 0 fold 
3333 1940 2000 0 fold 
1111 1752 2000 168 raise 
5555 1712 2000 168 call 
8888 1712 2000 168 call 
total pot: 564 
/inquire 
recv from player 8888: fold 
send inquire msg to player 5555 
inquire/ 
8888 1712 2000 168 fold 
6666 2140 2000 20 fold 
4444 2140 2000 40 fold 
2222 1920 2000 0 fold 
7777 2120 2000 0 fold 
3333 1940 2000 0 fold 
1111 1752 2000 168 raise 
5555 1712 2000 168 call 
total pot: 564 
/inquire 
recv from player 5555: fold 
send inquire msg to player 1111 
inquire/ 
5555 1712 2000 168 fold 
8888 1712 2000 168 fold 
6666 2140 2000 20 fold 
4444 2140 2000 40 fold 
2222 1920 2000 0 fold 
7777 2120 2000 0 fold 
3333 1940 2000 0 fold 
1111 1752 2000 168 raise 
total pot: 564 
/inquire 
recv from player 1111: call 


----- notify msg last round -----
send notify msg to player 7777 
notify/ 
3333 1940 2000 0 fold 
1111 1752 2000 168 check 
5555 1712 2000 168 fold 
8888 1712 2000 168 fold 
6666 2140 2000 20 fold 
4444 2140 2000 40 fold 
2222 1920 2000 0 fold 
7777 2120 2000 0 fold 
total pot: 564 
/notify 
send notify msg to player 6666 
notify/ 
4444 2140 2000 40 fold 
2222 1920 2000 0 fold 
7777 2120 2000 0 fold 
3333 1940 2000 0 fold 
1111 1752 2000 168 check 
5555 1712 2000 168 fold 
8888 1712 2000 168 fold 
6666 2140 2000 20 fold 
total pot: 564 
/notify 
send notify msg to player 1111 
notify/ 
5555 1712 2000 168 fold 
8888 1712 2000 168 fold 
6666 2140 2000 20 fold 
4444 2140 2000 40 fold 
2222 1920 2000 0 fold 
7777 2120 2000 0 fold 
3333 1940 2000 0 fold 
1111 1752 2000 168 check 
total pot: 564 
/notify 

--- 1 players not fold, don't need show down---

---Allocate pot---
Only player at seat 3 not fold, win all the pot 564
pot-win/ 
1111: 564 
/pot-win 
it is player 6666's turn to be button

-----6 Hand-----

----- clean player data in socket -----
seat/ 
button: 6666 2140 2000 
small blind: 8888 1712 2000 
big blind: 5555 1712 2000 
1111 2316 2000 
3333 1940 2000 
7777 2120 2000 
2222 1920 2000 
4444 2140 2000 
/seat 
blind/ 
8888: 20 
5555: 40 
/blind 
player 8888:hold/ 
CLUBS 9 
HEARTS 8 
/hold 
player 5555:hold/ 
SPADES 7 
HEARTS 9 
/hold 
player 1111:hold/ 
SPADES Q 
SPADES 10 
/hold 
player 3333:hold/ 
CLUBS 4 
HEARTS K 
/hold 
player 7777:hold/ 
SPADES 9 
SPADES 5 
/hold 
player 2222:hold/ 
CLUBS 6 
CLUBS Q 
/hold 
player 4444:hold/ 
DIAMONDS A 
HEARTS 7 
/hold 
player 6666:hold/ 
DIAMONDS 7 
CLUBS 10 
/hold 

---pre flop round bet---
valid player: 8, all in player: 0, fold player: 0
send inquire msg to player 1111 
inquire/ 
5555 1672 2000 40 blind 
8888 1692 2000 20 blind 
total pot: 60 
/inquire 
recv from player 1111: call 

send inquire msg to player 3333 
inquire/ 
1111 2276 2000 40 call 
5555 1672 2000 40 blind 
8888 1692 2000 20 blind 
total pot: 100 
/inquire 
recv from player 3333: fold 

send inquire msg to player 7777 
inquire/ 
3333 1940 2000 0 fold 
1111 2276 2000 40 call 
5555 1672 2000 40 blind 
8888 1692 2000 20 blind 
total pot: 100 
/inquire 
recv from player 7777: fold 

send inquire msg to player 2222 
inquire/ 
7777 2120 2000 0 fold 
3333 1940 2000 0 fold 
1111 2276 2000 40 call 
5555 1672 2000 40 blind 
8888 1692 2000 20 blind 
total pot: 100 
/inquire 
recv from player 2222: fold 

send inquire msg to player 4444 
inquire/ 
2222 1920 2000 0 fold 
7777 2120 2000 0 fold 
3333 1940 2000 0 fold 
1111 2276 2000 40 call 
5555 1672 2000 40 blind 
8888 1692 2000 20 blind 
total pot: 100 
/inquire 
recv from player 4444: fold 
send inquire msg to player 6666 
inquire/ 
4444 2140 2000 0 fold 
2222 1920 2000 0 fold 
7777 2120 2000 0 fold 
3333 1940 2000 0 fold 
1111 2276 2000 40 call 
5555 1672 2000 40 blind 
8888 1692 2000 20 blind 
total pot: 100 
/inquire 
recv from player 6666: fold 

send inquire msg to player 8888 
inquire/ 
6666 2140 2000 0 fold 
4444 2140 2000 0 fold 
2222 1920 2000 0 fold 
7777 2120 2000 0 fold 
3333 1940 2000 0 fold 
1111 2276 2000 40 call 
5555 1672 2000 40 blind 
8888 1692 2000 20 blind 
total pot: 100 
/inquire 
recv from player 8888: call 
send inquire msg to player 5555 
inquire/ 
8888 1672 2000 40 call 
6666 2140 2000 0 fold 
4444 2140 2000 0 fold 
2222 1920 2000 0 fold 
7777 2120 2000 0 fold 
3333 1940 2000 0 fold 
1111 2276 2000 40 call 
5555 1672 2000 40 blind 
total pot: 120 
/inquire 
recv from player 5555: call 
flop/ 
CLUBS A 
DIAMONDS 6 
SPADES 8 
/flop 

---flop round bet---
valid player: 8, all in player: 0, fold player: 5
send inquire msg to player 8888 
inquire/ 
6666 2140 2000 0 fold 
4444 2140 2000 0 fold 
2222 1920 2000 0 fold 
7777 2120 2000 0 fold 
3333 1940 2000 0 fold 
1111 2276 2000 40 call 
5555 1672 2000 40 check 
8888 1672 2000 40 call 
total pot: 120 
/inquire 
recv from player 8888: call 
send inquire msg to player 5555 
inquire/ 
8888 1672 2000 40 check 
6666 2140 2000 0 fold 
4444 2140 2000 0 fold 
2222 1920 2000 0 fold 
7777 2120 2000 0 fold 
3333 1940 2000 0 fold 
1111 2276 2000 40 call 
5555 1672 2000 40 check 
total pot: 120 
/inquire 
recv from player 5555: check 
send inquire msg to player 1111 
inquire/ 
5555 1672 2000 40 check 
8888 1672 2000 40 check 
6666 2140 2000 0 fold 
4444 2140 2000 0 fold 
2222 1920 2000 0 fold 
7777 2120 2000 0 fold 
3333 1940 2000 0 fold 
1111 2276 2000 40 call 
total pot: 120 
/inquire 
recv from player 1111: check 

turn/ 
CLUBS 5 
/turn 

---turn round bet---
valid player: 8, all in player: 0, fold player: 5
send inquire msg to player 8888 
inquire/ 
6666 2140 2000 0 fold 
4444 2140 2000 0 fold 
2222 1920 2000 0 fold 
7777 2120 2000 0 fold 
3333 1940 2000 0 fold 
1111 2276 2000 40 check 
5555 1672 2000 40 check 
8888 1672 2000 40 check 
total pot: 120 
/inquire 
recv from player 8888: check 
send inquire msg to player 5555 
inquire/ 
8888 1672 2000 40 check 
6666 2140 2000 0 fold 
4444 2140 2000 0 fold 
2222 1920 2000 0 fold 
7777 2120 2000 0 fold 
3333 1940 2000 0 fold 
1111 2276 2000 40 check 
5555 1672 2000 40 check 
total pot: 120 
/inquire 
recv from player 5555: raise 500 
send inquire msg to player 1111 
inquire/ 
5555 1172 2000 540 raise 
8888 1672 2000 40 check 
6666 2140 2000 0 fold 
4444 2140 2000 0 fold 
2222 1920 2000 0 fold 
7777 2120 2000 0 fold 
3333 1940 2000 0 fold 
1111 2276 2000 40 check 
total pot: 620 
/inquire 
recv from player 1111: fold 

send notify msg to player 7777 
notify/ 
3333 1940 2000 0 fold 
1111 2276 2000 40 fold 
5555 1172 2000 540 raise 
8888 1672 2000 40 check 
6666 2140 2000 0 fold 
4444 2140 2000 0 fold 
2222 1920 2000 0 fold 
7777 2120 2000 0 fold 
total pot: 620 
/notify 
send notify msg to player 6666 
notify/ 
4444 2140 2000 0 fold 
2222 1920 2000 0 fold 
7777 2120 2000 0 fold 
3333 1940 2000 0 fold 
1111 2276 2000 40 fold 
5555 1172 2000 540 raise 
8888 1672 2000 40 check 
6666 2140 2000 0 fold 
total pot: 620 
/notify 
send inquire msg to player 8888 
inquire/ 
6666 2140 2000 0 fold 
4444 2140 2000 0 fold 
2222 1920 2000 0 fold 
7777 2120 2000 0 fold 
3333 1940 2000 0 fold 
1111 2276 2000 40 fold 
5555 1172 2000 540 raise 
8888 1672 2000 40 check 
total pot: 620 
/inquire 
recv from player 8888: call 
river/ 
HEARTS Q 
/river 

---river round bet---
valid player: 8, all in player: 0, fold player: 6
send inquire msg to player 8888 
inquire/ 
6666 2140 2000 0 fold 
4444 2140 2000 0 fold 
2222 1920 2000 0 fold 
7777 2120 2000 0 fold 
3333 1940 2000 0 fold 
1111 2276 2000 40 fold 
5555 1172 2000 540 raise 
8888 1172 2000 540 call 
total pot: 1120 
/inquire 
recv from player 8888: fold 
send inquire msg to player 5555 
inquire/ 
8888 1172 2000 540 fold 
6666 2140 2000 0 fold 
4444 2140 2000 0 fold 
2222 1920 2000 0 fold 
7777 2120 2000 0 fold 
3333 1940 2000 0 fold 
1111 2276 2000 40 fold 
5555 1172 2000 540 raise 
total pot: 1120 
/inquire 
recv from player 5555: all_in 

----- notify msg last round -----
send notify msg to player 1111 
notify/ 
5555 0 2000 1712 all_in 
8888 1172 2000 540 fold 
6666 2140 2000 0 fold 
4444 2140 2000 0 fold 
2222 1920 2000 0 fold 
7777 2120 2000 0 fold 
3333 1940 2000 0 fold 
1111 2276 2000 40 fold 
total pot: 2292 
/notify 
send notify msg to player 7777 
notify/ 
3333 1940 2000 0 fold 
1111 2276 2000 40 fold 
5555 0 2000 1712 all_in 
8888 1172 2000 540 fold 
6666 2140 2000 0 fold 
4444 2140 2000 0 fold 
2222 1920 2000 0 fold 
7777 2120 2000 0 fold 
total pot: 2292 
/notify 
send notify msg to player 6666 
notify/ 
4444 2140 2000 0 fold 
2222 1920 2000 0 fold 
7777 2120 2000 0 fold 
3333 1940 2000 0 fold 
1111 2276 2000 40 fold 
5555 0 2000 1712 all_in 
8888 1172 2000 540 fold 
6666 2140 2000 0 fold 
total pot: 2292 
/notify 

--- 1 players not fold, don't need show down---

---Allocate pot---
Only player at seat 1 not fold, win all the pot 2292
pot-win/ 
5555: 2292 
/pot-win 
it is player 8888's turn to be button

-----7 Hand-----

----- clean player data in socket -----
seat/ 
button: 8888 1172 2000 
small blind: 5555 2292 2000 
big blind: 1111 2276 2000 
3333 1940 2000 
7777 2120 2000 
2222 1920 2000 
4444 2140 2000 
6666 2140 2000 
/seat 
blind/ 
5555: 20 
1111: 40 
/blind 
player 5555:hold/ 
DIAMONDS K 
DIAMONDS 8 
/hold 
player 1111:hold/ 
SPADES 3 
SPADES 2 
/hold 
player 3333:hold/ 
HEARTS Q 
DIAMONDS 4 
/hold 
player 7777:hold/ 
SPADES J 
DIAMONDS 10 
/hold 
player 2222:hold/ 
HEARTS 8 
SPADES 4 
/hold 
player 4444:hold/ 
HEARTS 7 
SPADES Q 
/hold 
player 6666:hold/ 
HEARTS 5 
CLUBS 5 
/hold 
player 8888:hold/ 
HEARTS A 
SPADES 5 
/hold 

---pre flop round bet---
valid player: 8, all in player: 0, fold player: 0
