

===VERSION 1.25===
---GAME START @ 2015-5-28-10-40-9---

wait registration for 30 seconds
reg: 3333 Ty_lxx 
reg: 8888 DSB  reg: 4444 ewsnc 
reg: 5555 fool123 
reg: 2222 JunLinTianXia 
reg: 6666 zz 
reg: 1111 Young need_notify  
reg: 7777 CQchappie need_notify 
close registration

-----1 Hand-----

----- clean player data in socket -----
seat/ 
button: 3333 2000 2000 
small blind: 1111 2000 2000 
big blind: 2222 2000 2000 
6666 2000 2000 
8888 2000 2000 
7777 2000 2000 
5555 2000 2000 
4444 2000 2000 
/seat 
blind/ 
1111: 20 
2222: 40 
/blind 
player 1111:hold/ 
HEARTS Q 
SPADES 9 
/hold 
player 2222:hold/ 
DIAMONDS 5 
CLUBS Q 
/hold 
player 6666:hold/ 
CLUBS 4 
CLUBS 3 
/hold 
player 8888:hold/ 
SPADES 4 
SPADES 10 
/hold 
player 7777:hold/ 
HEARTS 2 
SPADES K 
/hold 
player 5555:hold/ 
SPADES 3 
CLUBS 10 
/hold 
player 4444:hold/ 
HEARTS 3 
DIAMONDS 8 
/hold 
player 3333:hold/ 
SPADES 5 
HEARTS K 
/hold 

---pre flop round bet---
valid player: 8, all in player: 0, fold player: 0

send inquire msg to player 6666 
inquire/ 
2222 1960 2000 40 blind 
1111 1980 2000 20 blind 
total pot: 60 
/inquire 
recv from player 6666: fold 


send inquire msg to player 8888 
inquire/ 
6666 2000 2000 0 fold 
2222 1960 2000 40 blind 
1111 1980 2000 20 blind 
total pot: 60 
/inquire 
recv from player 8888: fold 

send inquire msg to player 7777 
inquire/ 
8888 2000 2000 0 fold 
6666 2000 2000 0 fold 
2222 1960 2000 40 blind 
1111 1980 2000 20 blind 
total pot: 60 
/inquire 
recv from player 7777: fold 


send inquire msg to player 5555 
inquire/ 
7777 2000 2000 0 fold 
8888 2000 2000 0 fold 
6666 2000 2000 0 fold 
2222 1960 2000 40 blind 
1111 1980 2000 20 blind 
total pot: 60 
/inquire 
recv from player 5555: fold 


send inquire msg to player 4444 
inquire/ 
5555 2000 2000 0 fold 
7777 2000 2000 0 fold 
8888 2000 2000 0 fold 
6666 2000 2000 0 fold 
2222 1960 2000 40 blind 
1111 1980 2000 20 blind 
total pot: 60 
/inquire 
recv from player 4444: flod 


Recv invalid action msg(flod 
) from player 4444
send inquire msg to player 3333 
inquire/ 
4444 2000 2000 0 fold 
5555 2000 2000 0 fold 
7777 2000 2000 0 fold 
8888 2000 2000 0 fold 
6666 2000 2000 0 fold 
2222 1960 2000 40 blind 
1111 1980 2000 20 blind 
total pot: 60 
/inquire 
recv from player 3333: call 


send inquire msg to player 1111 
inquire/ 
3333 1960 2000 40 call 
4444 2000 2000 0 fold 
5555 2000 2000 0 fold 
7777 2000 2000 0 fold 
8888 2000 2000 0 fold 
6666 2000 2000 0 fold 
2222 1960 2000 40 blind 
1111 1980 2000 20 blind 
total pot: 100 
/inquire 
recv from player 1111: fold 


send inquire msg to player 2222 
inquire/ 
1111 1980 2000 20 fold 
3333 1960 2000 40 call 
4444 2000 2000 0 fold 
5555 2000 2000 0 fold 
7777 2000 2000 0 fold 
8888 2000 2000 0 fold 
6666 2000 2000 0 fold 
2222 1960 2000 40 blind 
total pot: 100 
/inquire 
recv from player 2222: check 

flop/ 
HEARTS 10 
HEARTS 7 
HEARTS A 
/flop 

---flop round bet---
valid player: 8, all in player: 0, fold player: 6

send notify msg to player 1111 
notify/ 
3333 1960 2000 40 call 
4444 2000 2000 0 fold 
5555 2000 2000 0 fold 
7777 2000 2000 0 fold 
8888 2000 2000 0 fold 
6666 2000 2000 0 fold 
2222 1960 2000 40 check 
1111 1980 2000 20 fold 
total pot: 100 
/notify 

send inquire msg to player 2222 
inquire/ 
1111 1980 2000 20 fold 
3333 1960 2000 40 call 
4444 2000 2000 0 fold 
5555 2000 2000 0 fold 
7777 2000 2000 0 fold 
8888 2000 2000 0 fold 
6666 2000 2000 0 fold 
2222 1960 2000 40 check 
total pot: 100 
/inquire 
recv from player 2222: fold 


send notify msg to player 7777 
notify/ 
8888 2000 2000 0 fold 
6666 2000 2000 0 fold 
2222 1960 2000 40 fold 
1111 1980 2000 20 fold 
3333 1960 2000 40 call 
4444 2000 2000 0 fold 
5555 2000 2000 0 fold 
7777 2000 2000 0 fold 
total pot: 100 
/notify 

send inquire msg to player 3333 
inquire/ 
4444 2000 2000 0 fold 
5555 2000 2000 0 fold 
7777 2000 2000 0 fold 
8888 2000 2000 0 fold 
6666 2000 2000 0 fold 
2222 1960 2000 40 fold 
1111 1980 2000 20 fold 
3333 1960 2000 40 call 
total pot: 100 
/inquire 
recv from player 3333: raise 120 


---turn round bet---
valid player: 8, all in player: 0, fold player: 7

---river round bet---
valid player: 8, all in player: 0, fold player: 7

----- notify msg last round -----

send notify msg to player 1111 
notify/ 
3333 1840 2000 160 raise 
4444 2000 2000 0 fold 
5555 2000 2000 0 fold 
7777 2000 2000 0 fold 
8888 2000 2000 0 fold 
6666 2000 2000 0 fold 
2222 1960 2000 40 fold 
1111 1980 2000 20 fold 
total pot: 220 
/notify 

send notify msg to player 7777 
notify/ 
8888 2000 2000 0 fold 
6666 2000 2000 0 fold 
2222 1960 2000 40 fold 
1111 1980 2000 20 fold 
3333 1840 2000 160 raise 
4444 2000 2000 0 fold 
5555 2000 2000 0 fold 
7777 2000 2000 0 fold 
total pot: 220 
/notify 

--- 1 players not fold, don't need show down---

---Allocate pot---
Only player at seat 7 not fold, win all the pot 220
pot-win/ 
3333: 220 
/pot-win 
it is player 1111's turn to be button

-----2 Hand-----

----- clean player data in socket -----
seat/ 
button: 1111 1980 2000 
small blind: 2222 1960 2000 
big blind: 6666 2000 2000 
8888 2000 2000 
7777 2000 2000 
5555 2000 2000 
4444 2000 2000 
3333 2060 2000 
/seat 
blind/ 
2222: 20 
6666: 40 
/blind 
player 2222:hold/ 
HEARTS 7 
CLUBS 5 
/hold 
player 6666:hold/ 
DIAMONDS 8 
SPADES 4 
/hold 
player 8888:hold/ 
HEARTS 4 
CLUBS 6 
/hold 
player 7777:hold/ 
HEARTS A 
HEARTS 2 
/hold 
player 5555:hold/ 
HEARTS Q 
SPADES 2 
/hold 
player 4444:hold/ 
DIAMONDS K 
CLUBS K 
/hold 
player 3333:hold/ 
DIAMONDS 6 
CLUBS 4 
/hold 
player 1111:hold/ 
DIAMONDS Q 
SPADES 6 
/hold 

---pre flop round bet---
valid player: 8, all in player: 0, fold player: 0

send inquire msg to player 8888 
inquire/ 
6666 1960 2000 40 blind 
2222 1940 2000 20 blind 
total pot: 60 
/inquire 
recv from player 8888: fold 

send inquire msg to player 7777 
inquire/ 
8888 2000 2000 0 fold 
6666 1960 2000 40 blind 
2222 1940 2000 20 blind 
total pot: 60 
/inquire 
recv from player 7777: call 


send inquire msg to player 5555 
inquire/ 
7777 1960 2000 40 call 
8888 2000 2000 0 fold 
6666 1960 2000 40 blind 
2222 1940 2000 20 blind 
total pot: 100 
/inquire 
recv from player 5555: call 


send inquire msg to player 4444 
inquire/ 
5555 1960 2000 40 call 
7777 1960 2000 40 call 
8888 2000 2000 0 fold 
6666 1960 2000 40 blind 
2222 1940 2000 20 blind 
total pot: 140 
/inquire 
recv from player 4444: raise 40


send inquire msg to player 3333 
inquire/ 
4444 1920 2000 80 raise 
5555 1960 2000 40 call 
7777 1960 2000 40 call 
8888 2000 2000 0 fold 
6666 1960 2000 40 blind 
2222 1940 2000 20 blind 
total pot: 220 
/inquire 
recv from player 3333: fold 


send inquire msg to player 1111 
inquire/ 
3333 2060 2000 0 fold 
4444 1920 2000 80 raise 
5555 1960 2000 40 call 
7777 1960 2000 40 call 
8888 2000 2000 0 fold 
6666 1960 2000 40 blind 
2222 1940 2000 20 blind 
total pot: 220 
/inquire 
recv from player 1111: fold 


send inquire msg to player 2222 
inquire/ 
1111 1980 2000 0 fold 
3333 2060 2000 0 fold 
4444 1920 2000 80 raise 
5555 1960 2000 40 call 
7777 1960 2000 40 call 
8888 2000 2000 0 fold 
6666 1960 2000 40 blind 
2222 1940 2000 20 blind 
total pot: 220 
/inquire 
recv from player 2222: fold 


send inquire msg to player 6666 
inquire/ 
2222 1940 2000 20 fold 
1111 1980 2000 0 fold 
3333 2060 2000 0 fold 
4444 1920 2000 80 raise 
5555 1960 2000 40 call 
7777 1960 2000 40 call 
8888 2000 2000 0 fold 
6666 1960 2000 40 blind 
total pot: 220 
/inquire 
recv from player 6666: fold 


send inquire msg to player 7777 
inquire/ 
8888 2000 2000 0 fold 
6666 1960 2000 40 fold 
2222 1940 2000 20 fold 
1111 1980 2000 0 fold 
3333 2060 2000 0 fold 
4444 1920 2000 80 raise 
5555 1960 2000 40 call 
7777 1960 2000 40 call 
total pot: 220 
/inquire 
recv from player 7777: call 


send inquire msg to player 5555 
inquire/ 
7777 1920 2000 80 call 
8888 2000 2000 0 fold 
6666 1960 2000 40 fold 
2222 1940 2000 20 fold 
1111 1980 2000 0 fold 
3333 2060 2000 0 fold 
4444 1920 2000 80 raise 
5555 1960 2000 40 call 
total pot: 260 
/inquire 
recv from player 5555: fold 

flop/ 
CLUBS 3 
SPADES 7 
CLUBS 2 
/flop 

---flop round bet---
valid player: 8, all in player: 0, fold player: 6

send inquire msg to player 7777 
inquire/ 
8888 2000 2000 0 fold 
6666 1960 2000 40 fold 
2222 1940 2000 20 fold 
1111 1980 2000 0 fold 
3333 2060 2000 0 fold 
4444 1920 2000 80 raise 
5555 1960 2000 40 fold 
7777 1920 2000 80 call 
total pot: 260 
/inquire 
recv from player 7777: fold 


send inquire msg to player 4444 
inquire/ 
5555 1960 2000 40 fold 
7777 1920 2000 80 fold 
8888 2000 2000 0 fold 
6666 1960 2000 40 fold 
2222 1940 2000 20 fold 
1111 1980 2000 0 fold 
3333 2060 2000 0 fold 
4444 1920 2000 80 raise 
total pot: 260 
/inquire 
recv from player 4444: check 


---turn round bet---
valid player: 8, all in player: 0, fold player: 7

---river round bet---
valid player: 8, all in player: 0, fold player: 7

----- notify msg last round -----

send notify msg to player 1111 
notify/ 
3333 2060 2000 0 fold 
4444 1920 2000 80 check 
5555 1960 2000 40 fold 
7777 1920 2000 80 fold 
8888 2000 2000 0 fold 
6666 1960 2000 40 fold 
2222 1940 2000 20 fold 
1111 1980 2000 0 fold 
total pot: 260 
/notify 

send notify msg to player 7777 
notify/ 
8888 2000 2000 0 fold 
6666 1960 2000 40 fold 
2222 1940 2000 20 fold 
1111 1980 2000 0 fold 
3333 2060 2000 0 fold 
4444 1920 2000 80 check 
5555 1960 2000 40 fold 
7777 1920 2000 80 fold 
total pot: 260 
/notify 

--- 1 players not fold, don't need show down---

---Allocate pot---
Only player at seat 5 not fold, win all the pot 260
pot-win/ 
4444: 260 
/pot-win 
it is player 2222's turn to be button

-----3 Hand-----

----- clean player data in socket -----
seat/ 
button: 2222 1940 2000 
small blind: 6666 1960 2000 
big blind: 8888 2000 2000 
7777 1920 2000 
5555 1960 2000 
4444 2180 2000 
3333 2060 2000 
1111 1980 2000 
/seat 
blind/ 
6666: 20 
8888: 40 
/blind 
player 6666:hold/ 
HEARTS 5 
CLUBS Q 
/hold 
player 8888:hold/ 
DIAMONDS 7 
DIAMONDS 10 
/hold 
player 7777:hold/ 
CLUBS 9 
HEARTS 8 
/hold 
player 5555:hold/ 
CLUBS K 
HEARTS 2 
/hold 
player 4444:hold/ 
SPADES J 
HEARTS Q 
/hold 
player 3333:hold/ 
HEARTS 7 
HEARTS K 
/hold 
player 1111:hold/ 
SPADES 4 
SPADES A 
/hold 
player 2222:hold/ 
HEARTS A 
CLUBS J 
/hold 

---pre flop round bet---
valid player: 8, all in player: 0, fold player: 0

send inquire msg to player 7777 
inquire/ 
8888 1960 2000 40 blind 
6666 1940 2000 20 blind 
total pot: 60 
/inquire 
recv from player 7777: fold 


send inquire msg to player 5555 
inquire/ 
7777 1920 2000 0 fold 
8888 1960 2000 40 blind 
6666 1940 2000 20 blind 
total pot: 60 
/inquire 
recv from player 5555: call 


send inquire msg to player 4444 
inquire/ 
5555 1920 2000 40 call 
7777 1920 2000 0 fold 
8888 1960 2000 40 blind 
6666 1940 2000 20 blind 
total pot: 100 
/inquire 
recv from player 4444: check 


send inquire msg to player 3333 
inquire/ 
4444 2140 2000 40 call 
5555 1920 2000 40 call 
7777 1920 2000 0 fold 
8888 1960 2000 40 blind 
6666 1940 2000 20 blind 
total pot: 140 
/inquire 
recv from player 3333: call 


send inquire msg to player 1111 
inquire/ 
3333 2020 2000 40 call 
4444 2140 2000 40 call 
5555 1920 2000 40 call 
7777 1920 2000 0 fold 
8888 1960 2000 40 blind 
6666 1940 2000 20 blind 
total pot: 180 
/inquire 
recv from player 1111: call 


send inquire msg to player 2222 
inquire/ 
1111 1940 2000 40 call 
3333 2020 2000 40 call 
4444 2140 2000 40 call 
5555 1920 2000 40 call 
7777 1920 2000 0 fold 
8888 1960 2000 40 blind 
6666 1940 2000 20 blind 
total pot: 220 
/inquire 
recv from player 2222: fold 


send inquire msg to player 6666 
inquire/ 
2222 1940 2000 0 fold 
1111 1940 2000 40 call 
3333 2020 2000 40 call 
4444 2140 2000 40 call 
5555 1920 2000 40 call 
7777 1920 2000 0 fold 
8888 1960 2000 40 blind 
6666 1940 2000 20 blind 
total pot: 220 
/inquire 
recv from player 6666: call 


send inquire msg to player 8888 
inquire/ 
6666 1920 2000 40 call 
2222 1940 2000 0 fold 
1111 1940 2000 40 call 
3333 2020 2000 40 call 
4444 2140 2000 40 call 
5555 1920 2000 40 call 
7777 1920 2000 0 fold 
8888 1960 2000 40 blind 
total pot: 240 
/inquire 
recv from player 8888: check 
flop/ 
DIAMONDS 6 
DIAMONDS 4 
CLUBS 5 
/flop 

---flop round bet---
valid player: 8, all in player: 0, fold player: 2

send inquire msg to player 6666 
inquire/ 
2222 1940 2000 0 fold 
1111 1940 2000 40 call 
3333 2020 2000 40 call 
4444 2140 2000 40 call 
5555 1920 2000 40 call 
7777 1920 2000 0 fold 
8888 1960 2000 40 check 
6666 1920 2000 40 call 
total pot: 240 
/inquire 
recv from player 6666: call 


send inquire msg to player 8888 
inquire/ 
6666 1920 2000 40 check 
2222 1940 2000 0 fold 
1111 1940 2000 40 call 
3333 2020 2000 40 call 
4444 2140 2000 40 call 
5555 1920 2000 40 call 
7777 1920 2000 0 fold 
8888 1960 2000 40 check 
total pot: 240 
/inquire 
recv from player 8888: check 

send notify msg to player 7777 
notify/ 
8888 1960 2000 40 check 
6666 1920 2000 40 check 
2222 1940 2000 0 fold 
1111 1940 2000 40 call 
3333 2020 2000 40 call 
4444 2140 2000 40 call 
5555 1920 2000 40 call 
7777 1920 2000 0 fold 
total pot: 240 
/notify 
find residue data from player 5555, data size 7

send inquire msg to player 5555 
inquire/ 
7777 1920 2000 0 fold 
8888 1960 2000 40 check 
6666 1920 2000 40 check 
2222 1940 2000 0 fold 
1111 1940 2000 40 call 
3333 2020 2000 40 call 
4444 2140 2000 40 call 
5555 1920 2000 40 call 
total pot: 240 
/inquire 
recv from player 5555: fold 


send inquire msg to player 4444 
inquire/ 
5555 1920 2000 40 fold 
7777 1920 2000 0 fold 
8888 1960 2000 40 check 
6666 1920 2000 40 check 
2222 1940 2000 0 fold 
1111 1940 2000 40 call 
3333 2020 2000 40 call 
4444 2140 2000 40 call 
total pot: 240 
/inquire 
recv from player 4444: check 


send inquire msg to player 3333 
inquire/ 
4444 2140 2000 40 check 
5555 1920 2000 40 fold 
7777 1920 2000 0 fold 
8888 1960 2000 40 check 
6666 1920 2000 40 check 
2222 1940 2000 0 fold 
1111 1940 2000 40 call 
3333 2020 2000 40 call 
total pot: 240 
/inquire 
recv from player 3333: raise 40 


send inquire msg to player 1111 
inquire/ 
3333 1980 2000 80 raise 
4444 2140 2000 40 check 
5555 1920 2000 40 fold 
7777 1920 2000 0 fold 
8888 1960 2000 40 check 
6666 1920 2000 40 check 
2222 1940 2000 0 fold 
1111 1940 2000 40 call 
total pot: 280 
/inquire 
recv from player 1111: fold 

find residue data from player 6666, data size 6

send inquire msg to player 6666 
inquire/ 
2222 1940 2000 0 fold 
1111 1940 2000 40 fold 
3333 1980 2000 80 raise 
4444 2140 2000 40 check 
5555 1920 2000 40 fold 
7777 1920 2000 0 fold 
8888 1960 2000 40 check 
6666 1920 2000 40 check 
total pot: 280 
/inquire 
recv from player 6666: call 
fold 


send inquire msg to player 8888 
inquire/ 
6666 1880 2000 80 call 
2222 1940 2000 0 fold 
1111 1940 2000 40 fold 
3333 1980 2000 80 raise 
4444 2140 2000 40 check 
5555 1920 2000 40 fold 
7777 1920 2000 0 fold 
8888 1960 2000 40 check 
total pot: 320 
/inquire 
recv from player 8888: fold 

send notify msg to player 7777 
notify/ 
8888 1960 2000 40 fold 
6666 1880 2000 80 call 
2222 1940 2000 0 fold 
1111 1940 2000 40 fold 
3333 1980 2000 80 raise 
4444 2140 2000 40 check 
5555 1920 2000 40 fold 
7777 1920 2000 0 fold 
total pot: 320 
/notify 

send inquire msg to player 4444 
inquire/ 
5555 1920 2000 40 fold 
7777 1920 2000 0 fold 
8888 1960 2000 40 fold 
6666 1880 2000 80 call 
2222 1940 2000 0 fold 
1111 1940 2000 40 fold 
3333 1980 2000 80 raise 
4444 2140 2000 40 check 
total pot: 320 
/inquire 
recv from player 4444: flod 


Recv invalid action msg(flod 
) from player 4444turn/ 
DIAMONDS 3 
/turn 

---turn round bet---
valid player: 8, all in player: 0, fold player: 6

send inquire msg to player 6666 
inquire/ 
2222 1940 2000 0 fold 
1111 1940 2000 40 fold 
3333 1980 2000 80 raise 
4444 2140 2000 40 fold 
5555 1920 2000 40 fold 
7777 1920 2000 0 fold 
8888 1960 2000 40 fold 
6666 1880 2000 80 call 
total pot: 320 
/inquire 
recv from player 6666: call 
fold 


send notify msg to player 7777 
notify/ 
8888 1960 2000 40 fold 
6666 1880 2000 80 check 
2222 1940 2000 0 fold 
1111 1940 2000 40 fold 
3333 1980 2000 80 raise 
4444 2140 2000 40 fold 
5555 1920 2000 40 fold 
7777 1920 2000 0 fold 
total pot: 320 
/notify 

send inquire msg to player 3333 
inquire/ 
4444 2140 2000 40 fold 
5555 1920 2000 40 fold 
7777 1920 2000 0 fold 
8888 1960 2000 40 fold 
6666 1880 2000 80 check 
2222 1940 2000 0 fold 
1111 1940 2000 40 fold 
3333 1980 2000 80 raise 
total pot: 320 
/inquire 
recv from player 3333: call 

river/ 
DIAMONDS K 
/river 

---river round bet---
valid player: 8, all in player: 0, fold player: 6

send inquire msg to player 6666 
inquire/ 
2222 1940 2000 0 fold 
1111 1940 2000 40 fold 
3333 1980 2000 80 check 
4444 2140 2000 40 fold 
5555 1920 2000 40 fold 
7777 1920 2000 0 fold 
8888 1960 2000 40 fold 
6666 1880 2000 80 check 
total pot: 320 
/inquire 
recv from player 6666: call 


send notify msg to player 7777 
notify/ 
8888 1960 2000 40 fold 
6666 1880 2000 80 check 
2222 1940 2000 0 fold 
1111 1940 2000 40 fold 
3333 1980 2000 80 check 
4444 2140 2000 40 fold 
5555 1920 2000 40 fold 
7777 1920 2000 0 fold 
total pot: 320 
/notify 

send inquire msg to player 3333 
inquire/ 
4444 2140 2000 40 fold 
5555 1920 2000 40 fold 
7777 1920 2000 0 fold 
8888 1960 2000 40 fold 
6666 1880 2000 80 check 
2222 1940 2000 0 fold 
1111 1940 2000 40 fold 
3333 1980 2000 80 check 
total pot: 320 
/inquire 
recv from player 3333: call 


----- notify msg last round -----

send notify msg to player 1111 
notify/ 
3333 1980 2000 80 check 
4444 2140 2000 40 fold 
5555 1920 2000 40 fold 
7777 1920 2000 0 fold 
8888 1960 2000 40 fold 
6666 1880 2000 80 check 
2222 1940 2000 0 fold 
1111 1940 2000 40 fold 
total pot: 320 
/notify 

send notify msg to player 7777 
notify/ 
8888 1960 2000 40 fold 
6666 1880 2000 80 check 
2222 1940 2000 0 fold 
1111 1940 2000 40 fold 
3333 1980 2000 80 check 
4444 2140 2000 40 fold 
5555 1920 2000 40 fold 
7777 1920 2000 0 fold 
total pot: 320 
/notify 

---show down---
showdown/ 
common/ 
DIAMONDS 6 
DIAMONDS 4 
CLUBS 5 
DIAMONDS 3 
DIAMONDS K 
/common 
2: 6666 HEARTS 5 CLUBS Q ONE_PAIR 
1: 3333 HEARTS 7 HEARTS K STRAIGHT 
/showdown 

---Allocate pot---
pot-win/ 
3333: 320 
/pot-win 
it is player 6666's turn to be button

-----4 Hand-----

----- clean player data in socket -----
seat/ 
button: 6666 1880 2000 
small blind: 8888 1960 2000 
big blind: 7777 1920 2000 
5555 1920 2000 
4444 2140 2000 
3333 2300 2000 
1111 1940 2000 
2222 1940 2000 
/seat 
blind/ 
8888: 20 
7777: 40 
/blind 
player 8888:hold/ 
HEARTS 3 
CLUBS 3 
/hold 
player 7777:hold/ 
CLUBS 9 
DIAMONDS 3 
/hold 
player 5555:hold/ 
DIAMONDS 6 
SPADES Q 
/hold 
player 4444:hold/ 
HEARTS 9 
HEARTS 2 
/hold 
player 3333:hold/ 
CLUBS A 
HEARTS A 
/hold 
player 1111:hold/ 
SPADES K 
HEARTS K 
/hold 
player 2222:hold/ 
DIAMONDS 2 
SPADES 5 
/hold 
player 6666:hold/ 
CLUBS 6 
SPADES 7 
/hold 

---pre flop round bet---
valid player: 8, all in player: 0, fold player: 0

send inquire msg to player 5555 
inquire/ 
7777 1880 2000 40 blind 
8888 1940 2000 20 blind 
total pot: 60 
/inquire 
recv from player 5555: call 


send inquire msg to player 4444 
inquire/ 
5555 1880 2000 40 call 
7777 1880 2000 40 blind 
8888 1940 2000 20 blind 
total pot: 100 
/inquire 
recv from player 4444: flod 


Recv invalid action msg(flod 
) from player 4444
send inquire msg to player 3333 
inquire/ 
4444 2140 2000 0 fold 
5555 1880 2000 40 call 
7777 1880 2000 40 blind 
8888 1940 2000 20 blind 
total pot: 100 
/inquire 
recv from player 3333: call 


send inquire msg to player 1111 
inquire/ 
3333 2260 2000 40 call 
4444 2140 2000 0 fold 
5555 1880 2000 40 call 
7777 1880 2000 40 blind 
8888 1940 2000 20 blind 
total pot: 140 
/inquire 
recv from player 1111: call 


send inquire msg to player 2222 
inquire/ 
1111 1900 2000 40 call 
3333 2260 2000 40 call 
4444 2140 2000 0 fold 
5555 1880 2000 40 call 
7777 1880 2000 40 blind 
8888 1940 2000 20 blind 
total pot: 180 
/inquire 
recv from player 2222: fold 


send inquire msg to player 6666 
inquire/ 
2222 1940 2000 0 fold 
1111 1900 2000 40 call 
3333 2260 2000 40 call 
4444 2140 2000 0 fold 
5555 1880 2000 40 call 
7777 1880 2000 40 blind 
8888 1940 2000 20 blind 
total pot: 180 
/inquire 
recv from player 6666: fold 


send inquire msg to player 8888 
inquire/ 
6666 1880 2000 0 fold 
2222 1940 2000 0 fold 
1111 1900 2000 40 call 
3333 2260 2000 40 call 
4444 2140 2000 0 fold 
5555 1880 2000 40 call 
7777 1880 2000 40 blind 
8888 1940 2000 20 blind 
total pot: 180 
/inquire 
recv from player 8888: call 

send inquire msg to player 7777 
inquire/ 
8888 1920 2000 40 call 
6666 1880 2000 0 fold 
2222 1940 2000 0 fold 
1111 1900 2000 40 call 
3333 2260 2000 40 call 
4444 2140 2000 0 fold 
5555 1880 2000 40 call 
7777 1880 2000 40 blind 
total pot: 200 
/inquire 
recv from player 7777: check 

flop/ 
SPADES 6 
DIAMONDS Q 
CLUBS 4 
/flop 

---flop round bet---
valid player: 8, all in player: 0, fold player: 3

send inquire msg to player 8888 
inquire/ 
6666 1880 2000 0 fold 
2222 1940 2000 0 fold 
1111 1900 2000 40 call 
3333 2260 2000 40 call 
4444 2140 2000 0 fold 
5555 1880 2000 40 call 
7777 1880 2000 40 check 
8888 1920 2000 40 call 
total pot: 200 
/inquire 
recv from player 8888: raise 100 

send inquire msg to player 7777 
inquire/ 
8888 1820 2000 140 raise 
6666 1880 2000 0 fold 
2222 1940 2000 0 fold 
1111 1900 2000 40 call 
3333 2260 2000 40 call 
4444 2140 2000 0 fold 
5555 1880 2000 40 call 
7777 1880 2000 40 check 
total pot: 300 
/inquire 
recv from player 7777: fold 


send inquire msg to player 5555 
inquire/ 
7777 1880 2000 40 fold 
8888 1820 2000 140 raise 
6666 1880 2000 0 fold 
2222 1940 2000 0 fold 
1111 1900 2000 40 call 
3333 2260 2000 40 call 
4444 2140 2000 0 fold 
5555 1880 2000 40 call 
total pot: 300 
/inquire 
recv from player 5555: call 


send inquire msg to player 3333 
inquire/ 
4444 2140 2000 0 fold 
5555 1780 2000 140 call 
7777 1880 2000 40 fold 
8888 1820 2000 140 raise 
6666 1880 2000 0 fold 
2222 1940 2000 0 fold 
1111 1900 2000 40 call 
3333 2260 2000 40 call 
total pot: 400 
/inquire 
recv from player 3333: call 


send inquire msg to player 1111 
inquire/ 
3333 2160 2000 140 call 
4444 2140 2000 0 fold 
5555 1780 2000 140 call 
7777 1880 2000 40 fold 
8888 1820 2000 140 raise 
6666 1880 2000 0 fold 
2222 1940 2000 0 fold 
1111 1900 2000 40 call 
total pot: 500 
/inquire 
recv from player 1111: call 

turn/ 
CLUBS K 
/turn 

---turn round bet---
valid player: 8, all in player: 0, fold player: 4

send inquire msg to player 8888 
inquire/ 
6666 1880 2000 0 fold 
2222 1940 2000 0 fold 
1111 1800 2000 140 call 
3333 2160 2000 140 call 
4444 2140 2000 0 fold 
5555 1780 2000 140 call 
7777 1880 2000 40 fold 
8888 1820 2000 140 raise 
total pot: 600 
/inquire 
recv from player 8888: fold 

send notify msg to player 7777 
notify/ 
8888 1820 2000 140 fold 
6666 1880 2000 0 fold 
2222 1940 2000 0 fold 
1111 1800 2000 140 call 
3333 2160 2000 140 call 
4444 2140 2000 0 fold 
5555 1780 2000 140 call 
7777 1880 2000 40 fold 
total pot: 600 
/notify 

send inquire msg to player 5555 
inquire/ 
7777 1880 2000 40 fold 
8888 1820 2000 140 fold 
6666 1880 2000 0 fold 
2222 1940 2000 0 fold 
1111 1800 2000 140 call 
3333 2160 2000 140 call 
4444 2140 2000 0 fold 
5555 1780 2000 140 call 
total pot: 600 
/inquire 
recv from player 5555: call 


send inquire msg to player 3333 
inquire/ 
4444 2140 2000 0 fold 
5555 1780 2000 140 check 
7777 1880 2000 40 fold 
8888 1820 2000 140 fold 
6666 1880 2000 0 fold 
2222 1940 2000 0 fold 
1111 1800 2000 140 call 
3333 2160 2000 140 call 
total pot: 600 
/inquire 
recv from player 3333: call 


send inquire msg to player 1111 
inquire/ 
3333 2160 2000 140 check 
4444 2140 2000 0 fold 
5555 1780 2000 140 check 
7777 1880 2000 40 fold 
8888 1820 2000 140 fold 
6666 1880 2000 0 fold 
2222 1940 2000 0 fold 
1111 1800 2000 140 call 
total pot: 600 
/inquire 
recv from player 1111: all_in 


send notify msg to player 7777 
notify/ 
8888 1820 2000 140 fold 
6666 1880 2000 0 fold 
2222 1940 2000 0 fold 
1111 0 2000 1940 all_in 
3333 2160 2000 140 check 
4444 2140 2000 0 fold 
5555 1780 2000 140 check 
7777 1880 2000 40 fold 
total pot: 2400 
/notify 

send inquire msg to player 5555 
inquire/ 
7777 1880 2000 40 fold 
8888 1820 2000 140 fold 
6666 1880 2000 0 fold 
2222 1940 2000 0 fold 
1111 0 2000 1940 all_in 
3333 2160 2000 140 check 
4444 2140 2000 0 fold 
5555 1780 2000 140 check 
total pot: 2400 
/inquire 
recv from player 5555: call 


send inquire msg to player 3333 
inquire/ 
4444 2140 2000 0 fold 
5555 0 2000 1920 all_in 
7777 1880 2000 40 fold 
8888 1820 2000 140 fold 
6666 1880 2000 0 fold 
2222 1940 2000 0 fold 
1111 0 2000 1940 all_in 
3333 2160 2000 140 check 
total pot: 4180 
/inquire 
recv from player 3333: call 

river/ 
SPADES 3 
/river 

---river round bet---
valid player: 8, all in player: 2, fold player: 5

----- notify msg last round -----

send notify msg to player 1111 
notify/ 
3333 360 2000 1940 call 
4444 2140 2000 0 fold 
5555 0 2000 1920 all_in 
7777 1880 2000 40 fold 
8888 1820 2000 140 fold 
6666 1880 2000 0 fold 
2222 1940 2000 0 fold 
1111 0 2000 1940 all_in 
total pot: 5980 
/notify 

send notify msg to player 7777 
notify/ 
8888 1820 2000 140 fold 
6666 1880 2000 0 fold 
2222 1940 2000 0 fold 
1111 0 2000 1940 all_in 
3333 360 2000 1940 call 
4444 2140 2000 0 fold 
5555 0 2000 1920 all_in 
7777 1880 2000 40 fold 
total pot: 5980 
/notify 

---show down---
showdown/ 
common/ 
SPADES 6 
DIAMONDS Q 
CLUBS 4 
CLUBS K 
SPADES 3 
/common 
2: 5555 DIAMONDS 6 SPADES Q TWO_PAIR 
3: 3333 CLUBS A HEARTS A ONE_PAIR 
1: 1111 SPADES K HEARTS K THREE_OF_A_KIND 
/showdown 

---Allocate pot---
pot-win/ 
1111: 5980 
/pot-win 
it is player 8888's turn to be button

-----5 Hand-----

----- clean player data in socket -----
seat/ 
button: 8888 1820 2000 
small blind: 7777 1880 2000 
big blind: 5555 2000 0 
4444 2140 2000 
3333 360 2000 
1111 5980 2000 
2222 1940 2000 
6666 1880 2000 
/seat 
blind/ 
7777: 20 
5555: 40 
/blind 
player 7777:hold/ 
CLUBS 10 
HEARTS 5 
/hold 
player 5555:hold/ 
SPADES 7 
HEARTS 4 
/hold 
player 4444:hold/ 
HEARTS 3 
SPADES Q 
/hold 
player 3333:hold/ 
SPADES 6 
CLUBS 7 
/hold 
player 1111:hold/ 
HEARTS 7 
SPADES 3 
/hold 
player 2222:hold/ 
SPADES K 
DIAMONDS J 
/hold 
player 6666:hold/ 
CLUBS 3 
SPADES 5 
/hold 
player 8888:hold/ 
SPADES J 
CLUBS Q 
/hold 

---pre flop round bet---
valid player: 8, all in player: 0, fold player: 0

send inquire msg to player 4444 
inquire/ 
5555 1960 0 40 blind 
7777 1860 2000 20 blind 
total pot: 60 
/inquire 
recv from player 4444: flod 


Recv invalid action msg(flod 
) from player 4444
send inquire msg to player 3333 
inquire/ 
4444 2140 2000 0 fold 
5555 1960 0 40 blind 
7777 1860 2000 20 blind 
total pot: 60 
/inquire 
recv from player 3333: fold 


send inquire msg to player 1111 
inquire/ 
3333 360 2000 0 fold 
4444 2140 2000 0 fold 
5555 1960 0 40 blind 
7777 1860 2000 20 blind 
total pot: 60 
/inquire 
recv from player 1111: fold 


send inquire msg to player 2222 
inquire/ 
1111 5980 2000 0 fold 
3333 360 2000 0 fold 
4444 2140 2000 0 fold 
5555 1960 0 40 blind 
7777 1860 2000 20 blind 
total pot: 60 
/inquire 
recv from player 2222: fold 


send inquire msg to player 6666 
inquire/ 
2222 1940 2000 0 fold 
1111 5980 2000 0 fold 
3333 360 2000 0 fold 
4444 2140 2000 0 fold 
5555 1960 0 40 blind 
7777 1860 2000 20 blind 
total pot: 60 
/inquire 
recv from player 6666: fold 


send inquire msg to player 8888 
inquire/ 
6666 1880 2000 0 fold 
2222 1940 2000 0 fold 
1111 5980 2000 0 fold 
3333 360 2000 0 fold 
4444 2140 2000 0 fold 
5555 1960 0 40 blind 
7777 1860 2000 20 blind 
total pot: 60 
/inquire 
recv from player 8888: call 

send inquire msg to player 7777 
inquire/ 
8888 1780 2000 40 call 
6666 1880 2000 0 fold 
2222 1940 2000 0 fold 
1111 5980 2000 0 fold 
3333 360 2000 0 fold 
4444 2140 2000 0 fold 
5555 1960 0 40 blind 
7777 1860 2000 20 blind 
total pot: 100 
/inquire 
recv from player 7777: fold 


send inquire msg to player 5555 
inquire/ 
7777 1860 2000 20 fold 
8888 1780 2000 40 call 
6666 1880 2000 0 fold 
2222 1940 2000 0 fold 
1111 5980 2000 0 fold 
3333 360 2000 0 fold 
4444 2140 2000 0 fold 
5555 1960 0 40 blind 
total pot: 100 
/inquire 
recv from player 5555: call 

flop/ 
CLUBS A 
DIAMONDS Q 
SPADES 9 
/flop 

---flop round bet---
valid player: 8, all in player: 0, fold player: 6

send notify msg to player 7777 
notify/ 
8888 1780 2000 40 call 
6666 1880 2000 0 fold 
2222 1940 2000 0 fold 
1111 5980 2000 0 fold 
3333 360 2000 0 fold 
4444 2140 2000 0 fold 
5555 1960 0 40 check 
7777 1860 2000 20 fold 
total pot: 100 
/notify 

send inquire msg to player 5555 
inquire/ 
7777 1860 2000 20 fold 
8888 1780 2000 40 call 
6666 1880 2000 0 fold 
2222 1940 2000 0 fold 
1111 5980 2000 0 fold 
3333 360 2000 0 fold 
4444 2140 2000 0 fold 
5555 1960 0 40 check 
total pot: 100 
/inquire 
recv from player 5555: fold 


send notify msg to player 1111 
notify/ 
3333 360 2000 0 fold 
4444 2140 2000 0 fold 
5555 1960 0 40 fold 
7777 1860 2000 20 fold 
8888 1780 2000 40 call 
6666 1880 2000 0 fold 
2222 1940 2000 0 fold 
1111 5980 2000 0 fold 
total pot: 100 
/notify 

send inquire msg to player 8888 
inquire/ 
6666 1880 2000 0 fold 
2222 1940 2000 0 fold 
1111 5980 2000 0 fold 
3333 360 2000 0 fold 
4444 2140 2000 0 fold 
5555 1960 0 40 fold 
7777 1860 2000 20 fold 
8888 1780 2000 40 call 
total pot: 100 
/inquire 
recv from player 8888: raise 100 

---turn round bet---
valid player: 8, all in player: 0, fold player: 7

---river round bet---
valid player: 8, all in player: 0, fold player: 7

----- notify msg last round -----

send notify msg to player 7777 
notify/ 
8888 1680 2000 140 raise 
6666 1880 2000 0 fold 
2222 1940 2000 0 fold 
1111 5980 2000 0 fold 
3333 360 2000 0 fold 
4444 2140 2000 0 fold 
5555 1960 0 40 fold 
7777 1860 2000 20 fold 
total pot: 200 
/notify 

send notify msg to player 1111 
notify/ 
3333 360 2000 0 fold 
4444 2140 2000 0 fold 
5555 1960 0 40 fold 
7777 1860 2000 20 fold 
8888 1680 2000 140 raise 
6666 1880 2000 0 fold 
2222 1940 2000 0 fold 
1111 5980 2000 0 fold 
total pot: 200 
/notify 

--- 1 players not fold, don't need show down---

---Allocate pot---
Only player at seat 7 not fold, win all the pot 200
pot-win/ 
8888: 200 
/pot-win 
it is player 7777's turn to be button

-----6 Hand-----

----- clean player data in socket -----
seat/ 
button: 7777 1860 2000 
small blind: 5555 1960 0 
big blind: 4444 2140 2000 
3333 360 2000 
1111 5980 2000 
2222 1940 2000 
6666 1880 2000 
8888 1880 2000 
/seat 
blind/ 
5555: 20 
4444: 40 
/blind 
player 5555:hold/ 
CLUBS K 
SPADES 4 
/hold 
player 4444:hold/ 
DIAMONDS 8 
DIAMONDS 7 
/hold 
player 3333:hold/ 
SPADES 7 
DIAMONDS 3 
/hold 
player 1111:hold/ 
HEARTS 6 
DIAMONDS K 
/hold 
player 2222:hold/ 
CLUBS 5 
SPADES 6 
/hold 
player 6666:hold/ 
HEARTS 9 
CLUBS 6 
/hold 
player 8888:hold/ 
SPADES A 
HEARTS Q 
/hold 
player 7777:hold/ 
SPADES 9 
HEARTS 7 
/hold 

---pre flop round bet---
valid player: 8, all in player: 0, fold player: 0

send inquire msg to player 3333 
inquire/ 
4444 2100 2000 40 blind 
5555 1940 0 20 blind 
total pot: 60 
/inquire 
recv from player 3333: fold 


send inquire msg to player 1111 
inquire/ 
3333 360 2000 0 fold 
4444 2100 2000 40 blind 
5555 1940 0 20 blind 
total pot: 60 
/inquire 
recv from player 1111: fold 


send inquire msg to player 2222 
inquire/ 
1111 5980 2000 0 fold 
3333 360 2000 0 fold 
4444 2100 2000 40 blind 
5555 1940 0 20 blind 
total pot: 60 
/inquire 
recv from player 2222: fold 


send inquire msg to player 6666 
inquire/ 
2222 1940 2000 0 fold 
1111 5980 2000 0 fold 
3333 360 2000 0 fold 
4444 2100 2000 40 blind 
5555 1940 0 20 blind 
total pot: 60 
/inquire 
recv from player 6666: fold 


send inquire msg to player 8888 
inquire/ 
6666 1880 2000 0 fold 
2222 1940 2000 0 fold 
1111 5980 2000 0 fold 
3333 360 2000 0 fold 
4444 2100 2000 40 blind 
5555 1940 0 20 blind 
total pot: 60 
/inquire 
recv from player 8888: raise 250 

send inquire msg to player 7777 
inquire/ 
8888 1590 2000 290 raise 
6666 1880 2000 0 fold 
2222 1940 2000 0 fold 
1111 5980 2000 0 fold 
3333 360 2000 0 fold 
4444 2100 2000 40 blind 
5555 1940 0 20 blind 
total pot: 350 
/inquire 
recv from player 7777: fold 


send inquire msg to player 5555 
inquire/ 
7777 1860 2000 0 fold 
8888 1590 2000 290 raise 
6666 1880 2000 0 fold 
2222 1940 2000 0 fold 
1111 5980 2000 0 fold 
3333 360 2000 0 fold 
4444 2100 2000 40 blind 
5555 1940 0 20 blind 
total pot: 350 
/inquire 
recv from player 5555: fold 


send inquire msg to player 4444 
inquire/ 
5555 1940 0 20 fold 
7777 1860 2000 0 fold 
8888 1590 2000 290 raise 
6666 1880 2000 0 fold 
2222 1940 2000 0 fold 
1111 5980 2000 0 fold 
3333 360 2000 0 fold 
4444 2100 2000 40 blind 
total pot: 350 
/inquire 
recv from player 4444: flod 


Recv invalid action msg(flod 
) from player 4444
---flop round bet---
valid player: 8, all in player: 0, fold player: 7

---turn round bet---
valid player: 8, all in player: 0, fold player: 7

---river round bet---
valid player: 8, all in player: 0, fold player: 7

----- notify msg last round -----

send notify msg to player 1111 
notify/ 
3333 360 2000 0 fold 
4444 2100 2000 40 fold 
5555 1940 0 20 fold 
7777 1860 2000 0 fold 
8888 1590 2000 290 raise 
6666 1880 2000 0 fold 
2222 1940 2000 0 fold 
1111 5980 2000 0 fold 
total pot: 350 
/notify 

send notify msg to player 7777 
notify/ 
8888 1590 2000 290 raise 
6666 1880 2000 0 fold 
2222 1940 2000 0 fold 
1111 5980 2000 0 fold 
3333 360 2000 0 fold 
4444 2100 2000 40 fold 
5555 1940 0 20 fold 
7777 1860 2000 0 fold 
total pot: 350 
/notify 

--- 1 players not fold, don't need show down---

---Allocate pot---
Only player at seat 6 not fold, win all the pot 350
pot-win/ 
8888: 350 
/pot-win 
it is player 5555's turn to be button

-----7 Hand-----

----- clean player data in socket -----
find residue data from player 5555, data size 7
seat/ 
button: 5555 1940 0 
small blind: 4444 2100 2000 
big blind: 3333 360 2000 
1111 5980 2000 
2222 1940 2000 
6666 1880 2000 
8888 1940 2000 
7777 1860 2000 
/seat 
blind/ 
4444: 20 
3333: 40 
/blind 
player 4444:hold/ 
DIAMONDS A 
CLUBS 6 
/hold 
player 3333:hold/ 
CLUBS K 
DIAMONDS K 
/hold 
player 1111:hold/ 
HEARTS 4 
DIAMONDS 5 
/hold 
player 2222:hold/ 
HEARTS 9 
SPADES 2 
/hold 
player 6666:hold/ 
CLUBS 8 
DIAMONDS 7 
/hold 
player 8888:hold/ 
HEARTS 6 
HEARTS 10 
/hold 
player 7777:hold/ 
SPADES 4 
HEARTS J 
/hold 
player 5555:hold/ 
CLUBS 7 
DIAMONDS Q 
/hold 

---pre flop round bet---
valid player: 8, all in player: 0, fold player: 0

send inquire msg to player 1111 
inquire/ 
3333 320 2000 40 blind 
4444 2080 2000 20 blind 
total pot: 60 
/inquire 
recv from player 1111: fold 


send inquire msg to player 2222 
inquire/ 
1111 5980 2000 0 fold 
3333 320 2000 40 blind 
4444 2080 2000 20 blind 
total pot: 60 
/inquire 
recv from player 2222: fold 


send inquire msg to player 6666 
inquire/ 
2222 1940 2000 0 fold 
1111 5980 2000 0 fold 
3333 320 2000 40 blind 
4444 2080 2000 20 blind 
total pot: 60 
/inquire 
recv from player 6666: fold 


send inquire msg to player 8888 
inquire/ 
6666 1880 2000 0 fold 
2222 1940 2000 0 fold 
1111 5980 2000 0 fold 
3333 320 2000 40 blind 
4444 2080 2000 20 blind 
total pot: 60 
/inquire 
recv from player 8888: fold 

send inquire msg to player 7777 
inquire/ 
8888 1940 2000 0 fold 
6666 1880 2000 0 fold 
2222 1940 2000 0 fold 
1111 5980 2000 0 fold 
3333 320 2000 40 blind 
4444 2080 2000 20 blind 
total pot: 60 
/inquire 
recv from player 7777: fold 


send inquire msg to player 5555 
inquire/ 
7777 1860 2000 0 fold 
8888 1940 2000 0 fold 
6666 1880 2000 0 fold 
2222 1940 2000 0 fold 
1111 5980 2000 0 fold 
3333 320 2000 40 blind 
4444 2080 2000 20 blind 
total pot: 60 
/inquire 
recv from player 5555: fold 


send inquire msg to player 4444 
inquire/ 
5555 1940 0 0 fold 
7777 1860 2000 0 fold 
8888 1940 2000 0 fold 
6666 1880 2000 0 fold 
2222 1940 2000 0 fold 
1111 5980 2000 0 fold 
3333 320 2000 40 blind 
4444 2080 2000 20 blind 
total pot: 60 
/inquire 
recv from player 4444: flod 


Recv invalid action msg(flod 
) from player 4444
send inquire msg to player 3333 
inquire/ 
4444 2080 2000 20 fold 
5555 1940 0 0 fold 
7777 1860 2000 0 fold 
8888 1940 2000 0 fold 
6666 1880 2000 0 fold 
2222 1940 2000 0 fold 
1111 5980 2000 0 fold 
3333 320 2000 40 blind 
total pot: 60 
/inquire 
recv from player 3333: raise 120 


---flop round bet---
valid player: 8, all in player: 0, fold player: 7

---turn round bet---
valid player: 8, all in player: 0, fold player: 7

---river round bet---
valid player: 8, all in player: 0, fold player: 7

----- notify msg last round -----

send notify msg to player 1111 
notify/ 
3333 200 2000 160 raise 
4444 2080 2000 20 fold 
5555 1940 0 0 fold 
7777 1860 2000 0 fold 
8888 1940 2000 0 fold 
6666 1880 2000 0 fold 
2222 1940 2000 0 fold 
1111 5980 2000 0 fold 
total pot: 180 
/notify 

send notify msg to player 7777 
notify/ 
8888 1940 2000 0 fold 
6666 1880 2000 0 fold 
2222 1940 2000 0 fold 
1111 5980 2000 0 fold 
3333 200 2000 160 raise 
4444 2080 2000 20 fold 
5555 1940 0 0 fold 
7777 1860 2000 0 fold 
total pot: 180 
/notify 

--- 1 players not fold, don't need show down---

---Allocate pot---
Only player at seat 1 not fold, win all the pot 180
pot-win/ 
3333: 180 
/pot-win 
it is player 4444's turn to be button

-----8 Hand-----

----- clean player data in socket -----
seat/ 
button: 4444 2080 2000 
small blind: 3333 380 2000 
big blind: 1111 5980 2000 
2222 1940 2000 
6666 1880 2000 
8888 1940 2000 
7777 1860 2000 
5555 1940 0 
/seat 
blind/ 
3333: 20 
1111: 40 
/blind 
player 3333:hold/ 
DIAMONDS 6 
HEARTS 10 
/hold 
player 1111:hold/ 
CLUBS 8 
SPADES J 
/hold 
player 2222:hold/ 
CLUBS K 
HEARTS 2 
/hold 
player 6666:hold/ 
HEARTS 9 
HEARTS 3 
/hold 
player 8888:hold/ 
CLUBS 5 
SPADES K 
/hold 
player 7777:hold/ 
HEARTS 4 
HEARTS A 
/hold 
player 5555:hold/ 
SPADES 6 
DIAMONDS 4 
/hold 
player 4444:hold/ 
SPADES 3 
HEARTS 8 
/hold 

---pre flop round bet---
valid player: 8, all in player: 0, fold player: 0

send inquire msg to player 2222 
inquire/ 
1111 5940 2000 40 blind 
3333 360 2000 20 blind 
total pot: 60 
/inquire 
recv from player 2222: fold 


send inquire msg to player 6666 
inquire/ 
2222 1940 2000 0 fold 
1111 5940 2000 40 blind 
3333 360 2000 20 blind 
total pot: 60 
/inquire 
recv from player 6666: fold 


send inquire msg to player 8888 
inquire/ 
6666 1880 2000 0 fold 
2222 1940 2000 0 fold 
1111 5940 2000 40 blind 
3333 360 2000 20 blind 
total pot: 60 
/inquire 
recv from player 8888: fold 

send inquire msg to player 7777 
inquire/ 
8888 1940 2000 0 fold 
6666 1880 2000 0 fold 
2222 1940 2000 0 fold 
1111 5940 2000 40 blind 
3333 360 2000 20 blind 
total pot: 60 
/inquire 
recv from player 7777: call 


send inquire msg to player 5555 
inquire/ 
7777 1820 2000 40 call 
8888 1940 2000 0 fold 
6666 1880 2000 0 fold 
2222 1940 2000 0 fold 
1111 5940 2000 40 blind 
3333 360 2000 20 blind 
total pot: 100 
/inquire 
recv from player 5555: fold 


send inquire msg to player 4444 
inquire/ 
5555 1940 0 0 fold 
7777 1820 2000 40 call 
8888 1940 2000 0 fold 
6666 1880 2000 0 fold 
2222 1940 2000 0 fold 
1111 5940 2000 40 blind 
3333 360 2000 20 blind 
total pot: 100 
/inquire 
recv from player 4444: flod 


Recv invalid action msg(flod 
) from player 4444
send inquire msg to player 3333 
inquire/ 
4444 2080 2000 0 fold 
5555 1940 0 0 fold 
7777 1820 2000 40 call 
8888 1940 2000 0 fold 
6666 1880 2000 0 fold 
2222 1940 2000 0 fold 
1111 5940 2000 40 blind 
3333 360 2000 20 blind 
total pot: 100 
/inquire 
recv from player 3333: raise 100 


send inquire msg to player 1111 
inquire/ 
3333 240 2000 140 raise 
4444 2080 2000 0 fold 
5555 1940 0 0 fold 
7777 1820 2000 40 call 
