

===VERSION 1.25===
---GAME START @ 2015-5-27-23-53-13---

wait registration for 30 seconds
reg: 2222 JunLinTianXia 
reg: 3333 3333 
reg: 5555 xxx need_notify 
reg: 4444 yjk need_notify 
reg: 6666 wmml need_notify 
reg: 8888 DSB  reg: 1111 Young need_notify  
reg: 7777 CQchappie need_notify 
close registration

-----1 Hand-----

----- clean player data in socket -----
seat/ 
button: 5555 2000 2000 
small blind: 4444 2000 2000 
big blind: 6666 2000 2000 
8888 2000 2000 
7777 2000 2000 
3333 2000 2000 
2222 2000 2000 
1111 2000 2000 
/seat 
blind/ 
4444: 20 
6666: 40 
/blind 
player 4444:hold/ 
CLUBS J 
SPADES 4 
/hold 
player 6666:hold/ 
SPADES 10 
HEARTS A 
/hold 
player 8888:hold/ 
CLUBS 6 
DIAMONDS A 
/hold 
player 7777:hold/ 
SPADES 3 
SPADES A 
/hold 
player 3333:hold/ 
DIAMONDS Q 
SPADES 7 
/hold 
player 2222:hold/ 
HEARTS 2 
HEARTS 6 
/hold 
player 1111:hold/ 
CLUBS 3 
DIAMONDS 3 
/hold 
player 5555:hold/ 
DIAMONDS K 
CLUBS K 
/hold 

---pre flop round bet---
valid player: 8, all in player: 0, fold player: 0

send inquire msg to player 8888 
inquire/ 
6666 1960 2000 40 blind 
4444 1980 2000 20 blind 
total pot: 60 
/inquire 
recv from player 8888: fold 

send inquire msg to player 7777 
inquire/ 
8888 2000 2000 0 fold 
6666 1960 2000 40 blind 
4444 1980 2000 20 blind 
total pot: 60 
/inquire 
recv from player 7777: call 


send inquire msg to player 3333 
inquire/ 
7777 1960 2000 40 call 
8888 2000 2000 0 fold 
6666 1960 2000 40 blind 
4444 1980 2000 20 blind 
total pot: 100 
/inquire 
recv from player 3333: fold 


send inquire msg to player 2222 
inquire/ 
3333 2000 2000 0 fold 
7777 1960 2000 40 call 
8888 2000 2000 0 fold 
6666 1960 2000 40 blind 
4444 1980 2000 20 blind 
total pot: 100 
/inquire 
recv from player 2222: fold 


send inquire msg to player 1111 
inquire/ 
2222 2000 2000 0 fold 
3333 2000 2000 0 fold 
7777 1960 2000 40 call 
8888 2000 2000 0 fold 
6666 1960 2000 40 blind 
4444 1980 2000 20 blind 
total pot: 100 
/inquire 
recv from player 1111: fold 


send inquire msg to player 5555 
inquire/ 
1111 2000 2000 0 fold 
2222 2000 2000 0 fold 
3333 2000 2000 0 fold 
7777 1960 2000 40 call 
8888 2000 2000 0 fold 
6666 1960 2000 40 blind 
4444 1980 2000 20 blind 
total pot: 100 
/inquire 
recv from player 5555: check 


send inquire msg to player 4444 
inquire/ 
5555 1960 2000 40 call 
1111 2000 2000 0 fold 
2222 2000 2000 0 fold 
3333 2000 2000 0 fold 
7777 1960 2000 40 call 
8888 2000 2000 0 fold 
6666 1960 2000 40 blind 
4444 1980 2000 20 blind 
total pot: 140 
/inquire 
recv from player 4444: fold 


send inquire msg to player 6666 
inquire/ 
4444 1980 2000 20 fold 
5555 1960 2000 40 call 
1111 2000 2000 0 fold 
2222 2000 2000 0 fold 
3333 2000 2000 0 fold 
7777 1960 2000 40 call 
8888 2000 2000 0 fold 
6666 1960 2000 40 blind 
total pot: 140 
/inquire 
recv from player 6666: check 

flop/ 
DIAMONDS 5 
DIAMONDS J 
SPADES K 
/flop 

---flop round bet---
valid player: 8, all in player: 0, fold player: 5

send notify msg to player 4444 
notify/ 
5555 1960 2000 40 call 
1111 2000 2000 0 fold 
2222 2000 2000 0 fold 
3333 2000 2000 0 fold 
7777 1960 2000 40 call 
8888 2000 2000 0 fold 
6666 1960 2000 40 check 
4444 1980 2000 20 fold 
total pot: 140 
/notify 

send inquire msg to player 6666 
inquire/ 
4444 1980 2000 20 fold 
5555 1960 2000 40 call 
1111 2000 2000 0 fold 
2222 2000 2000 0 fold 
3333 2000 2000 0 fold 
7777 1960 2000 40 call 
8888 2000 2000 0 fold 
6666 1960 2000 40 check 
total pot: 140 
/inquire 
recv from player 6666: check 


send inquire msg to player 7777 
inquire/ 
8888 2000 2000 0 fold 
6666 1960 2000 40 check 
4444 1980 2000 20 fold 
5555 1960 2000 40 call 
1111 2000 2000 0 fold 
2222 2000 2000 0 fold 
3333 2000 2000 0 fold 
7777 1960 2000 40 call 
total pot: 140 
/inquire 
recv from player 7777: call 


send notify msg to player 1111 
notify/ 
2222 2000 2000 0 fold 
3333 2000 2000 0 fold 
7777 1960 2000 40 check 
8888 2000 2000 0 fold 
6666 1960 2000 40 check 
4444 1980 2000 20 fold 
5555 1960 2000 40 call 
1111 2000 2000 0 fold 
total pot: 140 
/notify 

send inquire msg to player 5555 
inquire/ 
1111 2000 2000 0 fold 
2222 2000 2000 0 fold 
3333 2000 2000 0 fold 
7777 1960 2000 40 check 
8888 2000 2000 0 fold 
6666 1960 2000 40 check 
4444 1980 2000 20 fold 
5555 1960 2000 40 call 
total pot: 140 
/inquire 
recv from player 5555: check 

turn/ 
SPADES 8 
/turn 

---turn round bet---
valid player: 8, all in player: 0, fold player: 5

send notify msg to player 4444 
notify/ 
5555 1960 2000 40 check 
1111 2000 2000 0 fold 
2222 2000 2000 0 fold 
3333 2000 2000 0 fold 
7777 1960 2000 40 check 
8888 2000 2000 0 fold 
6666 1960 2000 40 check 
4444 1980 2000 20 fold 
total pot: 140 
/notify 

send inquire msg to player 6666 
inquire/ 
4444 1980 2000 20 fold 
5555 1960 2000 40 check 
1111 2000 2000 0 fold 
2222 2000 2000 0 fold 
3333 2000 2000 0 fold 
7777 1960 2000 40 check 
8888 2000 2000 0 fold 
6666 1960 2000 40 check 
total pot: 140 
/inquire 
recv from player 6666: check 


send inquire msg to player 7777 
inquire/ 
8888 2000 2000 0 fold 
6666 1960 2000 40 check 
4444 1980 2000 20 fold 
5555 1960 2000 40 check 
1111 2000 2000 0 fold 
2222 2000 2000 0 fold 
3333 2000 2000 0 fold 
7777 1960 2000 40 check 
total pot: 140 
/inquire 
recv from player 7777: call 


send notify msg to player 1111 
notify/ 
2222 2000 2000 0 fold 
3333 2000 2000 0 fold 
7777 1960 2000 40 check 
8888 2000 2000 0 fold 
6666 1960 2000 40 check 
4444 1980 2000 20 fold 
5555 1960 2000 40 check 
1111 2000 2000 0 fold 
total pot: 140 
/notify 

send inquire msg to player 5555 
inquire/ 
1111 2000 2000 0 fold 
2222 2000 2000 0 fold 
3333 2000 2000 0 fold 
7777 1960 2000 40 check 
8888 2000 2000 0 fold 
6666 1960 2000 40 check 
4444 1980 2000 20 fold 
5555 1960 2000 40 check 
total pot: 140 
/inquire 
recv from player 5555: check 

river/ 
HEARTS 9 
/river 

---river round bet---
valid player: 8, all in player: 0, fold player: 5

send notify msg to player 4444 
notify/ 
5555 1960 2000 40 check 
1111 2000 2000 0 fold 
2222 2000 2000 0 fold 
3333 2000 2000 0 fold 
7777 1960 2000 40 check 
8888 2000 2000 0 fold 
6666 1960 2000 40 check 
4444 1980 2000 20 fold 
total pot: 140 
/notify 

send inquire msg to player 6666 
inquire/ 
4444 1980 2000 20 fold 
5555 1960 2000 40 check 
1111 2000 2000 0 fold 
2222 2000 2000 0 fold 
3333 2000 2000 0 fold 
7777 1960 2000 40 check 
8888 2000 2000 0 fold 
6666 1960 2000 40 check 
total pot: 140 
/inquire 
recv from player 6666: check 


send inquire msg to player 7777 
inquire/ 
8888 2000 2000 0 fold 
6666 1960 2000 40 check 
4444 1980 2000 20 fold 
5555 1960 2000 40 check 
1111 2000 2000 0 fold 
2222 2000 2000 0 fold 
3333 2000 2000 0 fold 
7777 1960 2000 40 check 
total pot: 140 
/inquire 
recv from player 7777: call 


send notify msg to player 1111 
notify/ 
2222 2000 2000 0 fold 
3333 2000 2000 0 fold 
7777 1960 2000 40 check 
8888 2000 2000 0 fold 
6666 1960 2000 40 check 
4444 1980 2000 20 fold 
5555 1960 2000 40 check 
1111 2000 2000 0 fold 
total pot: 140 
/notify 

send inquire msg to player 5555 
inquire/ 
1111 2000 2000 0 fold 
2222 2000 2000 0 fold 
3333 2000 2000 0 fold 
7777 1960 2000 40 check 
8888 2000 2000 0 fold 
6666 1960 2000 40 check 
4444 1980 2000 20 fold 
5555 1960 2000 40 check 
total pot: 140 
/inquire 
recv from player 5555: check 


----- notify msg last round -----

send notify msg to player 4444 
notify/ 
5555 1960 2000 40 check 
1111 2000 2000 0 fold 
2222 2000 2000 0 fold 
3333 2000 2000 0 fold 
7777 1960 2000 40 check 
8888 2000 2000 0 fold 
6666 1960 2000 40 check 
4444 1980 2000 20 fold 
total pot: 140 
/notify 

send notify msg to player 6666 
notify/ 
4444 1980 2000 20 fold 
5555 1960 2000 40 check 
1111 2000 2000 0 fold 
2222 2000 2000 0 fold 
3333 2000 2000 0 fold 
7777 1960 2000 40 check 
8888 2000 2000 0 fold 
6666 1960 2000 40 check 
total pot: 140 
/notify 

send notify msg to player 7777 
notify/ 
8888 2000 2000 0 fold 
6666 1960 2000 40 check 
4444 1980 2000 20 fold 
5555 1960 2000 40 check 
1111 2000 2000 0 fold 
2222 2000 2000 0 fold 
3333 2000 2000 0 fold 
7777 1960 2000 40 check 
total pot: 140 
/notify 

send notify msg to player 1111 
notify/ 
2222 2000 2000 0 fold 
3333 2000 2000 0 fold 
7777 1960 2000 40 check 
8888 2000 2000 0 fold 
6666 1960 2000 40 check 
4444 1980 2000 20 fold 
5555 1960 2000 40 check 
1111 2000 2000 0 fold 
total pot: 140 
/notify 

send notify msg to player 5555 
notify/ 
1111 2000 2000 0 fold 
2222 2000 2000 0 fold 
3333 2000 2000 0 fold 
7777 1960 2000 40 check 
8888 2000 2000 0 fold 
6666 1960 2000 40 check 
4444 1980 2000 20 fold 
5555 1960 2000 40 check 
total pot: 140 
/notify 

---show down---
showdown/ 
common/ 
DIAMONDS 5 
DIAMONDS J 
SPADES K 
SPADES 8 
HEARTS 9 
/common 
2: 6666 SPADES 10 HEARTS A HIGH_CARD 
3: 7777 SPADES 3 SPADES A HIGH_CARD 
1: 5555 DIAMONDS K CLUBS K THREE_OF_A_KIND 
/showdown 

---Allocate pot---
pot-win/ 
5555: 140 
/pot-win 
it is player 4444's turn to be button

-----2 Hand-----

----- clean player data in socket -----
seat/ 
button: 4444 1980 2000 
small blind: 6666 1960 2000 
big blind: 8888 2000 2000 
7777 1960 2000 
3333 2000 2000 
2222 2000 2000 
1111 2000 2000 
5555 2100 2000 
/seat 
blind/ 
6666: 20 
8888: 40 
/blind 
player 6666:hold/ 
DIAMONDS K 
HEARTS 5 
/hold 
player 8888:hold/ 
HEARTS 10 
HEARTS 9 
/hold 
player 7777:hold/ 
DIAMONDS Q 
HEARTS 6 
/hold 
player 3333:hold/ 
DIAMONDS 9 
HEARTS 7 
/hold 
player 2222:hold/ 
SPADES 8 
HEARTS J 
/hold 
player 1111:hold/ 
DIAMONDS 2 
CLUBS 9 
/hold 
player 5555:hold/ 
SPADES 3 
CLUBS 2 
/hold 
player 4444:hold/ 
SPADES 7 
SPADES 5 
/hold 

---pre flop round bet---
valid player: 8, all in player: 0, fold player: 0

send inquire msg to player 7777 
inquire/ 
8888 1960 2000 40 blind 
6666 1940 2000 20 blind 
total pot: 60 
/inquire 
recv from player 7777: fold 


send inquire msg to player 3333 
inquire/ 
7777 1960 2000 0 fold 
8888 1960 2000 40 blind 
6666 1940 2000 20 blind 
total pot: 60 
/inquire 
recv from player 3333: fold 


send inquire msg to player 2222 
inquire/ 
3333 2000 2000 0 fold 
7777 1960 2000 0 fold 
8888 1960 2000 40 blind 
6666 1940 2000 20 blind 
total pot: 60 
/inquire 
recv from player 2222: fold 


send inquire msg to player 1111 
inquire/ 
2222 2000 2000 0 fold 
3333 2000 2000 0 fold 
7777 1960 2000 0 fold 
8888 1960 2000 40 blind 
6666 1940 2000 20 blind 
total pot: 60 
/inquire 
recv from player 1111: fold 


send inquire msg to player 5555 
inquire/ 
1111 2000 2000 0 fold 
2222 2000 2000 0 fold 
3333 2000 2000 0 fold 
7777 1960 2000 0 fold 
8888 1960 2000 40 blind 
6666 1940 2000 20 blind 
total pot: 60 
/inquire 
recv from player 5555: check 


send inquire msg to player 4444 
inquire/ 
5555 2060 2000 40 call 
1111 2000 2000 0 fold 
2222 2000 2000 0 fold 
3333 2000 2000 0 fold 
7777 1960 2000 0 fold 
8888 1960 2000 40 blind 
6666 1940 2000 20 blind 
total pot: 100 
/inquire 
recv from player 4444: call 


send inquire msg to player 6666 
inquire/ 
4444 1940 2000 40 call 
5555 2060 2000 40 call 
1111 2000 2000 0 fold 
2222 2000 2000 0 fold 
3333 2000 2000 0 fold 
7777 1960 2000 0 fold 
8888 1960 2000 40 blind 
6666 1940 2000 20 blind 
total pot: 140 
/inquire 
recv from player 6666: fold 


send inquire msg to player 8888 
inquire/ 
6666 1940 2000 20 fold 
4444 1940 2000 40 call 
5555 2060 2000 40 call 
1111 2000 2000 0 fold 
2222 2000 2000 0 fold 
3333 2000 2000 0 fold 
7777 1960 2000 0 fold 
8888 1960 2000 40 blind 
total pot: 140 
/inquire 
recv from player 8888: check 
flop/ 
DIAMONDS 10 
SPADES K 
SPADES 2 
/flop 

---flop round bet---
valid player: 8, all in player: 0, fold player: 5

send notify msg to player 6666 
notify/ 
4444 1940 2000 40 call 
5555 2060 2000 40 call 
1111 2000 2000 0 fold 
2222 2000 2000 0 fold 
3333 2000 2000 0 fold 
7777 1960 2000 0 fold 
8888 1960 2000 40 check 
6666 1940 2000 20 fold 
total pot: 140 
/notify 

send inquire msg to player 8888 
inquire/ 
6666 1940 2000 20 fold 
4444 1940 2000 40 call 
5555 2060 2000 40 call 
1111 2000 2000 0 fold 
2222 2000 2000 0 fold 
3333 2000 2000 0 fold 
7777 1960 2000 0 fold 
8888 1960 2000 40 check 
total pot: 140 
/inquire 
recv from player 8888: raise 100 

send notify msg to player 7777 
notify/ 
8888 1860 2000 140 raise 
6666 1940 2000 20 fold 
4444 1940 2000 40 call 
5555 2060 2000 40 call 
1111 2000 2000 0 fold 
2222 2000 2000 0 fold 
3333 2000 2000 0 fold 
7777 1960 2000 0 fold 
total pot: 240 
/notify 

send notify msg to player 1111 
notify/ 
2222 2000 2000 0 fold 
3333 2000 2000 0 fold 
7777 1960 2000 0 fold 
8888 1860 2000 140 raise 
6666 1940 2000 20 fold 
4444 1940 2000 40 call 
5555 2060 2000 40 call 
1111 2000 2000 0 fold 
total pot: 240 
/notify 

send inquire msg to player 5555 
inquire/ 
1111 2000 2000 0 fold 
2222 2000 2000 0 fold 
3333 2000 2000 0 fold 
7777 1960 2000 0 fold 
8888 1860 2000 140 raise 
6666 1940 2000 20 fold 
4444 1940 2000 40 call 
5555 2060 2000 40 call 
total pot: 240 
/inquire 
recv from player 5555: check 


send inquire msg to player 4444 
inquire/ 
5555 1960 2000 140 call 
1111 2000 2000 0 fold 
2222 2000 2000 0 fold 
3333 2000 2000 0 fold 
7777 1960 2000 0 fold 
8888 1860 2000 140 raise 
6666 1940 2000 20 fold 
4444 1940 2000 40 call 
total pot: 340 
/inquire 
recv from player 4444: call 

turn/ 
HEARTS A 
/turn 

---turn round bet---
valid player: 8, all in player: 0, fold player: 5

send notify msg to player 6666 
notify/ 
4444 1840 2000 140 call 
5555 1960 2000 140 call 
1111 2000 2000 0 fold 
2222 2000 2000 0 fold 
3333 2000 2000 0 fold 
7777 1960 2000 0 fold 
8888 1860 2000 140 raise 
6666 1940 2000 20 fold 
total pot: 440 
/notify 

send inquire msg to player 8888 
inquire/ 
6666 1940 2000 20 fold 
4444 1840 2000 140 call 
5555 1960 2000 140 call 
1111 2000 2000 0 fold 
2222 2000 2000 0 fold 
3333 2000 2000 0 fold 
7777 1960 2000 0 fold 
8888 1860 2000 140 raise 
total pot: 440 
/inquire 
recv from player 8888: call 

send notify msg to player 7777 
notify/ 
8888 1860 2000 140 check 
6666 1940 2000 20 fold 
4444 1840 2000 140 call 
5555 1960 2000 140 call 
1111 2000 2000 0 fold 
2222 2000 2000 0 fold 
3333 2000 2000 0 fold 
7777 1960 2000 0 fold 
total pot: 440 
/notify 

send notify msg to player 1111 
notify/ 
2222 2000 2000 0 fold 
3333 2000 2000 0 fold 
7777 1960 2000 0 fold 
8888 1860 2000 140 check 
6666 1940 2000 20 fold 
4444 1840 2000 140 call 
5555 1960 2000 140 call 
1111 2000 2000 0 fold 
total pot: 440 
/notify 

send inquire msg to player 5555 
inquire/ 
1111 2000 2000 0 fold 
2222 2000 2000 0 fold 
3333 2000 2000 0 fold 
7777 1960 2000 0 fold 
8888 1860 2000 140 check 
6666 1940 2000 20 fold 
4444 1840 2000 140 call 
5555 1960 2000 140 call 
total pot: 440 
/inquire 
recv from player 5555: check 


send inquire msg to player 4444 
inquire/ 
5555 1960 2000 140 check 
1111 2000 2000 0 fold 
2222 2000 2000 0 fold 
3333 2000 2000 0 fold 
7777 1960 2000 0 fold 
8888 1860 2000 140 check 
6666 1940 2000 20 fold 
4444 1840 2000 140 call 
total pot: 440 
/inquire 
recv from player 4444: fold 

river/ 
CLUBS A 
/river 

---river round bet---
valid player: 8, all in player: 0, fold player: 6

send notify msg to player 6666 
notify/ 
4444 1840 2000 140 fold 
5555 1960 2000 140 check 
1111 2000 2000 0 fold 
2222 2000 2000 0 fold 
3333 2000 2000 0 fold 
7777 1960 2000 0 fold 
8888 1860 2000 140 check 
6666 1940 2000 20 fold 
total pot: 440 
/notify 

send inquire msg to player 8888 
inquire/ 
6666 1940 2000 20 fold 
4444 1840 2000 140 fold 
5555 1960 2000 140 check 
1111 2000 2000 0 fold 
2222 2000 2000 0 fold 
3333 2000 2000 0 fold 
7777 1960 2000 0 fold 
8888 1860 2000 140 check 
total pot: 440 
/inquire 
recv from player 8888: check 

send notify msg to player 7777 
notify/ 
8888 1860 2000 140 check 
6666 1940 2000 20 fold 
4444 1840 2000 140 fold 
5555 1960 2000 140 check 
1111 2000 2000 0 fold 
2222 2000 2000 0 fold 
3333 2000 2000 0 fold 
7777 1960 2000 0 fold 
total pot: 440 
/notify 

send notify msg to player 1111 
notify/ 
2222 2000 2000 0 fold 
3333 2000 2000 0 fold 
7777 1960 2000 0 fold 
8888 1860 2000 140 check 
6666 1940 2000 20 fold 
4444 1840 2000 140 fold 
5555 1960 2000 140 check 
1111 2000 2000 0 fold 
total pot: 440 
/notify 

send inquire msg to player 5555 
inquire/ 
1111 2000 2000 0 fold 
2222 2000 2000 0 fold 
3333 2000 2000 0 fold 
7777 1960 2000 0 fold 
8888 1860 2000 140 check 
6666 1940 2000 20 fold 
4444 1840 2000 140 fold 
5555 1960 2000 140 check 
total pot: 440 
/inquire 
recv from player 5555: check 


----- notify msg last round -----

send notify msg to player 4444 
notify/ 
5555 1960 2000 140 check 
1111 2000 2000 0 fold 
2222 2000 2000 0 fold 
3333 2000 2000 0 fold 
7777 1960 2000 0 fold 
8888 1860 2000 140 check 
6666 1940 2000 20 fold 
4444 1840 2000 140 fold 
total pot: 440 
/notify 

send notify msg to player 6666 
notify/ 
4444 1840 2000 140 fold 
5555 1960 2000 140 check 
1111 2000 2000 0 fold 
2222 2000 2000 0 fold 
3333 2000 2000 0 fold 
7777 1960 2000 0 fold 
8888 1860 2000 140 check 
6666 1940 2000 20 fold 
total pot: 440 
/notify 

send notify msg to player 7777 
notify/ 
8888 1860 2000 140 check 
6666 1940 2000 20 fold 
4444 1840 2000 140 fold 
5555 1960 2000 140 check 
1111 2000 2000 0 fold 
2222 2000 2000 0 fold 
3333 2000 2000 0 fold 
7777 1960 2000 0 fold 
total pot: 440 
/notify 

send notify msg to player 1111 
notify/ 
2222 2000 2000 0 fold 
3333 2000 2000 0 fold 
7777 1960 2000 0 fold 
8888 1860 2000 140 check 
6666 1940 2000 20 fold 
4444 1840 2000 140 fold 
5555 1960 2000 140 check 
1111 2000 2000 0 fold 
total pot: 440 
/notify 

send notify msg to player 5555 
notify/ 
1111 2000 2000 0 fold 
2222 2000 2000 0 fold 
3333 2000 2000 0 fold 
7777 1960 2000 0 fold 
8888 1860 2000 140 check 
6666 1940 2000 20 fold 
4444 1840 2000 140 fold 
5555 1960 2000 140 check 
total pot: 440 
/notify 

---show down---
showdown/ 
common/ 
DIAMONDS 10 
SPADES K 
SPADES 2 
HEARTS A 
CLUBS A 
/common 
1: 8888 HEARTS 10 HEARTS 9 TWO_PAIR 
2: 5555 SPADES 3 CLUBS 2 TWO_PAIR 
/showdown 

---Allocate pot---
pot-win/ 
8888: 440 
/pot-win 
it is player 6666's turn to be button

-----3 Hand-----

----- clean player data in socket -----
seat/ 
button: 6666 1940 2000 
small blind: 8888 2300 2000 
big blind: 7777 1960 2000 
3333 2000 2000 
2222 2000 2000 
1111 2000 2000 
5555 1960 2000 
4444 1840 2000 
/seat 
blind/ 
8888: 20 
7777: 40 
/blind 
player 8888:hold/ 
DIAMONDS 5 
DIAMONDS 9 
/hold 
player 7777:hold/ 
HEARTS Q 
SPADES 8 
/hold 
player 3333:hold/ 
SPADES 3 
HEARTS 4 
/hold 
player 2222:hold/ 
CLUBS J 
CLUBS 7 
/hold 
player 1111:hold/ 
HEARTS 9 
HEARTS 6 
/hold 
player 5555:hold/ 
HEARTS 10 
SPADES J 
/hold 
player 4444:hold/ 
HEARTS A 
HEARTS 3 
/hold 
player 6666:hold/ 
HEARTS J 
DIAMONDS J 
/hold 

---pre flop round bet---
valid player: 8, all in player: 0, fold player: 0

send inquire msg to player 3333 
inquire/ 
7777 1920 2000 40 blind 
8888 2280 2000 20 blind 
total pot: 60 
/inquire 
recv from player 3333: fold 


send inquire msg to player 2222 
inquire/ 
3333 2000 2000 0 fold 
7777 1920 2000 40 blind 
8888 2280 2000 20 blind 
total pot: 60 
/inquire 
recv from player 2222: fold 


send inquire msg to player 1111 
inquire/ 
2222 2000 2000 0 fold 
3333 2000 2000 0 fold 
7777 1920 2000 40 blind 
8888 2280 2000 20 blind 
total pot: 60 
/inquire 
recv from player 1111: fold 


send inquire msg to player 5555 
inquire/ 
1111 2000 2000 0 fold 
2222 2000 2000 0 fold 
3333 2000 2000 0 fold 
7777 1920 2000 40 blind 
8888 2280 2000 20 blind 
total pot: 60 
/inquire 
recv from player 5555: check 


send inquire msg to player 4444 
inquire/ 
5555 1920 2000 40 call 
1111 2000 2000 0 fold 
2222 2000 2000 0 fold 
3333 2000 2000 0 fold 
7777 1920 2000 40 blind 
8888 2280 2000 20 blind 
total pot: 100 
/inquire 
recv from player 4444: call 


send inquire msg to player 6666 
inquire/ 
4444 1800 2000 40 call 
5555 1920 2000 40 call 
1111 2000 2000 0 fold 
2222 2000 2000 0 fold 
3333 2000 2000 0 fold 
7777 1920 2000 40 blind 
8888 2280 2000 20 blind 
total pot: 140 
/inquire 
recv from player 6666: raise 366 


send inquire msg to player 8888 
inquire/ 
6666 1534 2000 406 raise 
4444 1800 2000 40 call 
5555 1920 2000 40 call 
1111 2000 2000 0 fold 
2222 2000 2000 0 fold 
3333 2000 2000 0 fold 
7777 1920 2000 40 blind 
8888 2280 2000 20 blind 
total pot: 546 
/inquire 
recv from player 8888: fold 

send inquire msg to player 7777 
inquire/ 
8888 2280 2000 20 fold 
6666 1534 2000 406 raise 
4444 1800 2000 40 call 
5555 1920 2000 40 call 
1111 2000 2000 0 fold 
2222 2000 2000 0 fold 
3333 2000 2000 0 fold 
7777 1920 2000 40 blind 
total pot: 546 
/inquire 
recv from player 7777: fold 


send notify msg to player 1111 
notify/ 
2222 2000 2000 0 fold 
3333 2000 2000 0 fold 
7777 1920 2000 40 fold 
8888 2280 2000 20 fold 
6666 1534 2000 406 raise 
4444 1800 2000 40 call 
5555 1920 2000 40 call 
1111 2000 2000 0 fold 
total pot: 546 
/notify 

send inquire msg to player 5555 
inquire/ 
1111 2000 2000 0 fold 
2222 2000 2000 0 fold 
3333 2000 2000 0 fold 
7777 1920 2000 40 fold 
8888 2280 2000 20 fold 
6666 1534 2000 406 raise 
4444 1800 2000 40 call 
5555 1920 2000 40 call 
total pot: 546 
/inquire 
recv from player 5555: check 


send inquire msg to player 4444 
inquire/ 
5555 1554 2000 406 call 
1111 2000 2000 0 fold 
2222 2000 2000 0 fold 
3333 2000 2000 0 fold 
7777 1920 2000 40 fold 
8888 2280 2000 20 fold 
6666 1534 2000 406 raise 
4444 1800 2000 40 call 
total pot: 912 
/inquire 
recv from player 4444: call 

flop/ 
CLUBS 8 
SPADES 2 
CLUBS 5 
/flop 

---flop round bet---
valid player: 8, all in player: 0, fold player: 5

send notify msg to player 7777 
notify/ 
8888 2280 2000 20 fold 
6666 1534 2000 406 raise 
4444 1434 2000 406 call 
5555 1554 2000 406 call 
1111 2000 2000 0 fold 
2222 2000 2000 0 fold 
3333 2000 2000 0 fold 
7777 1920 2000 40 fold 
total pot: 1278 
/notify 

send notify msg to player 1111 
notify/ 
2222 2000 2000 0 fold 
3333 2000 2000 0 fold 
7777 1920 2000 40 fold 
8888 2280 2000 20 fold 
6666 1534 2000 406 raise 
4444 1434 2000 406 call 
5555 1554 2000 406 call 
1111 2000 2000 0 fold 
total pot: 1278 
/notify 

send inquire msg to player 5555 
inquire/ 
1111 2000 2000 0 fold 
2222 2000 2000 0 fold 
3333 2000 2000 0 fold 
7777 1920 2000 40 fold 
8888 2280 2000 20 fold 
6666 1534 2000 406 raise 
4444 1434 2000 406 call 
5555 1554 2000 406 call 
total pot: 1278 
/inquire 
recv from player 5555: check 


send inquire msg to player 4444 
inquire/ 
5555 1554 2000 406 check 
1111 2000 2000 0 fold 
2222 2000 2000 0 fold 
3333 2000 2000 0 fold 
7777 1920 2000 40 fold 
8888 2280 2000 20 fold 
6666 1534 2000 406 raise 
4444 1434 2000 406 call 
total pot: 1278 
/inquire 
recv from player 4444: raise 120 


send inquire msg to player 6666 
inquire/ 
4444 1314 2000 526 raise 
5555 1554 2000 406 check 
1111 2000 2000 0 fold 
2222 2000 2000 0 fold 
3333 2000 2000 0 fold 
7777 1920 2000 40 fold 
8888 2280 2000 20 fold 
6666 1534 2000 406 raise 
total pot: 1398 
/inquire 
recv from player 6666: fold 


send notify msg to player 7777 
notify/ 
8888 2280 2000 20 fold 
6666 1534 2000 406 fold 
4444 1314 2000 526 raise 
5555 1554 2000 406 check 
1111 2000 2000 0 fold 
2222 2000 2000 0 fold 
3333 2000 2000 0 fold 
7777 1920 2000 40 fold 
total pot: 1398 
/notify 

send notify msg to player 1111 
notify/ 
2222 2000 2000 0 fold 
3333 2000 2000 0 fold 
7777 1920 2000 40 fold 
8888 2280 2000 20 fold 
6666 1534 2000 406 fold 
4444 1314 2000 526 raise 
5555 1554 2000 406 check 
1111 2000 2000 0 fold 
total pot: 1398 
/notify 

send inquire msg to player 5555 
inquire/ 
1111 2000 2000 0 fold 
2222 2000 2000 0 fold 
3333 2000 2000 0 fold 
7777 1920 2000 40 fold 
8888 2280 2000 20 fold 
6666 1534 2000 406 fold 
4444 1314 2000 526 raise 
5555 1554 2000 406 check 
total pot: 1398 
/inquire 
recv from player 5555: check 

turn/ 
SPADES 10 
/turn 

---turn round bet---
valid player: 8, all in player: 0, fold player: 6

send notify msg to player 7777 
notify/ 
8888 2280 2000 20 fold 
6666 1534 2000 406 fold 
4444 1314 2000 526 raise 
5555 1434 2000 526 call 
1111 2000 2000 0 fold 
2222 2000 2000 0 fold 
3333 2000 2000 0 fold 
7777 1920 2000 40 fold 
total pot: 1518 
/notify 

send notify msg to player 1111 
notify/ 
2222 2000 2000 0 fold 
3333 2000 2000 0 fold 
7777 1920 2000 40 fold 
8888 2280 2000 20 fold 
6666 1534 2000 406 fold 
4444 1314 2000 526 raise 
5555 1434 2000 526 call 
1111 2000 2000 0 fold 
total pot: 1518 
/notify 

send inquire msg to player 5555 
inquire/ 
1111 2000 2000 0 fold 
2222 2000 2000 0 fold 
3333 2000 2000 0 fold 
7777 1920 2000 40 fold 
8888 2280 2000 20 fold 
6666 1534 2000 406 fold 
4444 1314 2000 526 raise 
5555 1434 2000 526 call 
total pot: 1518 
/inquire 
recv from player 5555: check 


send inquire msg to player 4444 
inquire/ 
5555 1434 2000 526 check 
1111 2000 2000 0 fold 
2222 2000 2000 0 fold 
3333 2000 2000 0 fold 
7777 1920 2000 40 fold 
8888 2280 2000 20 fold 
6666 1534 2000 406 fold 
4444 1314 2000 526 raise 
total pot: 1518 
/inquire 
recv from player 4444: fold 


---river round bet---
valid player: 8, all in player: 0, fold player: 7

----- notify msg last round -----

send notify msg to player 6666 
notify/ 
4444 1314 2000 526 fold 
5555 1434 2000 526 check 
1111 2000 2000 0 fold 
2222 2000 2000 0 fold 
3333 2000 2000 0 fold 
7777 1920 2000 40 fold 
8888 2280 2000 20 fold 
6666 1534 2000 406 fold 
total pot: 1518 
/notify 

send notify msg to player 7777 
notify/ 
8888 2280 2000 20 fold 
6666 1534 2000 406 fold 
4444 1314 2000 526 fold 
5555 1434 2000 526 check 
1111 2000 2000 0 fold 
2222 2000 2000 0 fold 
3333 2000 2000 0 fold 
7777 1920 2000 40 fold 
total pot: 1518 
/notify 

send notify msg to player 1111 
notify/ 
2222 2000 2000 0 fold 
3333 2000 2000 0 fold 
7777 1920 2000 40 fold 
8888 2280 2000 20 fold 
6666 1534 2000 406 fold 
4444 1314 2000 526 fold 
5555 1434 2000 526 check 
1111 2000 2000 0 fold 
total pot: 1518 
/notify 

send notify msg to player 5555 
notify/ 
1111 2000 2000 0 fold 
2222 2000 2000 0 fold 
3333 2000 2000 0 fold 
7777 1920 2000 40 fold 
8888 2280 2000 20 fold 
6666 1534 2000 406 fold 
4444 1314 2000 526 fold 
5555 1434 2000 526 check 
total pot: 1518 
/notify 

send notify msg to player 4444 
notify/ 
5555 1434 2000 526 check 
1111 2000 2000 0 fold 
2222 2000 2000 0 fold 
3333 2000 2000 0 fold 
7777 1920 2000 40 fold 
8888 2280 2000 20 fold 
6666 1534 2000 406 fold 
4444 1314 2000 526 fold 
total pot: 1518 
/notify 

--- 1 players not fold, don't need show down---

---Allocate pot---
Only player at seat 5 not fold, win all the pot 1518
pot-win/ 
5555: 1518 
/pot-win 
it is player 8888's turn to be button

-----4 Hand-----

----- clean player data in socket -----
seat/ 
button: 8888 2280 2000 
small blind: 7777 1920 2000 
big blind: 3333 2000 2000 
2222 2000 2000 
1111 2000 2000 
5555 2952 2000 
4444 1314 2000 
6666 1534 2000 
/seat 
blind/ 
7777: 20 
3333: 40 
/blind 
player 7777:hold/ 
HEARTS 8 
CLUBS J 
/hold 
player 3333:hold/ 
DIAMONDS 3 
SPADES 4 
/hold 
player 2222:hold/ 
DIAMONDS 7 
HEARTS J 
/hold 
player 1111:hold/ 
SPADES K 
HEARTS 10 
/hold 
player 5555:hold/ 
CLUBS 10 
DIAMONDS J 
/hold 
player 4444:hold/ 
CLUBS K 
DIAMONDS A 
/hold 
player 6666:hold/ 
SPADES 7 
DIAMONDS 5 
/hold 
player 8888:hold/ 
DIAMONDS 4 
HEARTS A 
/hold 

---pre flop round bet---
valid player: 8, all in player: 0, fold player: 0

send inquire msg to player 2222 
inquire/ 
3333 1960 2000 40 blind 
7777 1900 2000 20 blind 
total pot: 60 
/inquire 
recv from player 2222: fold 


send inquire msg to player 1111 
inquire/ 
2222 2000 2000 0 fold 
3333 1960 2000 40 blind 
7777 1900 2000 20 blind 
total pot: 60 
/inquire 
recv from player 1111: call 


send inquire msg to player 5555 
inquire/ 
1111 1960 2000 40 call 
2222 2000 2000 0 fold 
3333 1960 2000 40 blind 
7777 1900 2000 20 blind 
total pot: 100 
/inquire 
recv from player 5555: check 


send inquire msg to player 4444 
inquire/ 
5555 2912 2000 40 call 
1111 1960 2000 40 call 
2222 2000 2000 0 fold 
3333 1960 2000 40 blind 
7777 1900 2000 20 blind 
total pot: 140 
/inquire 
recv from player 4444: fold 


send inquire msg to player 6666 
inquire/ 
4444 1314 2000 0 fold 
5555 2912 2000 40 call 
1111 1960 2000 40 call 
2222 2000 2000 0 fold 
3333 1960 2000 40 blind 
7777 1900 2000 20 blind 
total pot: 140 
/inquire 
recv from player 6666: fold 


send inquire msg to player 8888 
inquire/ 
6666 1534 2000 0 fold 
4444 1314 2000 0 fold 
5555 2912 2000 40 call 
1111 1960 2000 40 call 
2222 2000 2000 0 fold 
3333 1960 2000 40 blind 
7777 1900 2000 20 blind 
total pot: 140 
/inquire 
recv from player 8888: fold 

send inquire msg to player 7777 
inquire/ 
8888 2280 2000 0 fold 
6666 1534 2000 0 fold 
4444 1314 2000 0 fold 
5555 2912 2000 40 call 
1111 1960 2000 40 call 
2222 2000 2000 0 fold 
3333 1960 2000 40 blind 
7777 1900 2000 20 blind 
total pot: 140 
/inquire 
recv from player 7777: fold 


send inquire msg to player 3333 
inquire/ 
7777 1900 2000 20 fold 
8888 2280 2000 0 fold 
6666 1534 2000 0 fold 
4444 1314 2000 0 fold 
5555 2912 2000 40 call 
1111 1960 2000 40 call 
2222 2000 2000 0 fold 
3333 1960 2000 40 blind 
total pot: 140 
/inquire 
recv from player 3333: check 

flop/ 
DIAMONDS Q 
DIAMONDS 10 
SPADES 3 
/flop 

---flop round bet---
valid player: 8, all in player: 0, fold player: 5

send notify msg to player 7777 
notify/ 
8888 2280 2000 0 fold 
6666 1534 2000 0 fold 
4444 1314 2000 0 fold 
5555 2912 2000 40 call 
1111 1960 2000 40 call 
2222 2000 2000 0 fold 
3333 1960 2000 40 check 
7777 1900 2000 20 fold 
total pot: 140 
/notify 

send inquire msg to player 3333 
inquire/ 
7777 1900 2000 20 fold 
8888 2280 2000 0 fold 
6666 1534 2000 0 fold 
4444 1314 2000 0 fold 
5555 2912 2000 40 call 
1111 1960 2000 40 call 
2222 2000 2000 0 fold 
3333 1960 2000 40 check 
total pot: 140 
/inquire 
recv from player 3333: check 


send inquire msg to player 1111 
inquire/ 
2222 2000 2000 0 fold 
3333 1960 2000 40 check 
7777 1900 2000 20 fold 
8888 2280 2000 0 fold 
6666 1534 2000 0 fold 
4444 1314 2000 0 fold 
5555 2912 2000 40 call 
1111 1960 2000 40 call 
total pot: 140 
/inquire 
recv from player 1111: call 


send inquire msg to player 5555 
inquire/ 
1111 1960 2000 40 check 
2222 2000 2000 0 fold 
3333 1960 2000 40 check 
7777 1900 2000 20 fold 
8888 2280 2000 0 fold 
6666 1534 2000 0 fold 
4444 1314 2000 0 fold 
5555 2912 2000 40 call 
total pot: 140 
/inquire 
recv from player 5555: check 

turn/ 
HEARTS 9 
/turn 

---turn round bet---
valid player: 8, all in player: 0, fold player: 5

send notify msg to player 7777 
notify/ 
8888 2280 2000 0 fold 
6666 1534 2000 0 fold 
4444 1314 2000 0 fold 
5555 2912 2000 40 check 
1111 1960 2000 40 check 
2222 2000 2000 0 fold 
3333 1960 2000 40 check 
7777 1900 2000 20 fold 
total pot: 140 
/notify 

send inquire msg to player 3333 
inquire/ 
7777 1900 2000 20 fold 
8888 2280 2000 0 fold 
6666 1534 2000 0 fold 
4444 1314 2000 0 fold 
5555 2912 2000 40 check 
1111 1960 2000 40 check 
2222 2000 2000 0 fold 
3333 1960 2000 40 check 
total pot: 140 
/inquire 
recv from player 3333: check 


send inquire msg to player 1111 
inquire/ 
2222 2000 2000 0 fold 
3333 1960 2000 40 check 
7777 1900 2000 20 fold 
8888 2280 2000 0 fold 
6666 1534 2000 0 fold 
4444 1314 2000 0 fold 
5555 2912 2000 40 check 
1111 1960 2000 40 check 
total pot: 140 
/inquire 
recv from player 1111: call 


send inquire msg to player 5555 
inquire/ 
1111 1960 2000 40 check 
2222 2000 2000 0 fold 
3333 1960 2000 40 check 
7777 1900 2000 20 fold 
8888 2280 2000 0 fold 
6666 1534 2000 0 fold 
4444 1314 2000 0 fold 
5555 2912 2000 40 check 
total pot: 140 
/inquire 
recv from player 5555: check 

river/ 
CLUBS 4 
/river 

---river round bet---
valid player: 8, all in player: 0, fold player: 5

send notify msg to player 7777 
notify/ 
8888 2280 2000 0 fold 
6666 1534 2000 0 fold 
4444 1314 2000 0 fold 
5555 2912 2000 40 check 
1111 1960 2000 40 check 
2222 2000 2000 0 fold 
3333 1960 2000 40 check 
7777 1900 2000 20 fold 
total pot: 140 
/notify 

send inquire msg to player 3333 
inquire/ 
7777 1900 2000 20 fold 
8888 2280 2000 0 fold 
6666 1534 2000 0 fold 
4444 1314 2000 0 fold 
5555 2912 2000 40 check 
1111 1960 2000 40 check 
2222 2000 2000 0 fold 
3333 1960 2000 40 check 
total pot: 140 
/inquire 
recv from player 3333: check 


send inquire msg to player 1111 
inquire/ 
2222 2000 2000 0 fold 
3333 1960 2000 40 check 
7777 1900 2000 20 fold 
8888 2280 2000 0 fold 
6666 1534 2000 0 fold 
4444 1314 2000 0 fold 
5555 2912 2000 40 check 
1111 1960 2000 40 check 
total pot: 140 
/inquire 
recv from player 1111: check 


send inquire msg to player 5555 
inquire/ 
1111 1960 2000 40 check 
2222 2000 2000 0 fold 
3333 1960 2000 40 check 
7777 1900 2000 20 fold 
8888 2280 2000 0 fold 
6666 1534 2000 0 fold 
4444 1314 2000 0 fold 
5555 2912 2000 40 check 
total pot: 140 
/inquire 
recv from player 5555: check 


----- notify msg last round -----

send notify msg to player 4444 
notify/ 
5555 2912 2000 40 check 
1111 1960 2000 40 check 
2222 2000 2000 0 fold 
3333 1960 2000 40 check 
7777 1900 2000 20 fold 
8888 2280 2000 0 fold 
6666 1534 2000 0 fold 
4444 1314 2000 0 fold 
total pot: 140 
/notify 

send notify msg to player 6666 
notify/ 
4444 1314 2000 0 fold 
5555 2912 2000 40 check 
1111 1960 2000 40 check 
2222 2000 2000 0 fold 
3333 1960 2000 40 check 
7777 1900 2000 20 fold 
8888 2280 2000 0 fold 
6666 1534 2000 0 fold 
total pot: 140 
/notify 

send notify msg to player 7777 
notify/ 
8888 2280 2000 0 fold 
6666 1534 2000 0 fold 
4444 1314 2000 0 fold 
5555 2912 2000 40 check 
1111 1960 2000 40 check 
2222 2000 2000 0 fold 
3333 1960 2000 40 check 
7777 1900 2000 20 fold 
total pot: 140 
/notify 

send notify msg to player 1111 
notify/ 
2222 2000 2000 0 fold 
3333 1960 2000 40 check 
7777 1900 2000 20 fold 
8888 2280 2000 0 fold 
6666 1534 2000 0 fold 
4444 1314 2000 0 fold 
5555 2912 2000 40 check 
1111 1960 2000 40 check 
total pot: 140 
/notify 

send notify msg to player 5555 
notify/ 
1111 1960 2000 40 check 
2222 2000 2000 0 fold 
3333 1960 2000 40 check 
7777 1900 2000 20 fold 
8888 2280 2000 0 fold 
6666 1534 2000 0 fold 
4444 1314 2000 0 fold 
5555 2912 2000 40 check 
total pot: 140 
/notify 

---show down---
showdown/ 
common/ 
DIAMONDS Q 
DIAMONDS 10 
SPADES 3 
HEARTS 9 
CLUBS 4 
/common 
1: 3333 DIAMONDS 3 SPADES 4 TWO_PAIR 
2: 1111 SPADES K HEARTS 10 ONE_PAIR 
3: 5555 CLUBS 10 DIAMONDS J ONE_PAIR 
/showdown 

---Allocate pot---
pot-win/ 
3333: 140 
/pot-win 
it is player 7777's turn to be button

-----5 Hand-----

----- clean player data in socket -----
seat/ 
button: 7777 1900 2000 
small blind: 3333 2100 2000 
big blind: 2222 2000 2000 
1111 1960 2000 
5555 2912 2000 
4444 1314 2000 
6666 1534 2000 
8888 2280 2000 
/seat 
blind/ 
3333: 20 
2222: 40 
/blind 
player 3333:hold/ 
CLUBS 7 
CLUBS 9 
/hold 
player 2222:hold/ 
CLUBS 3 
CLUBS 5 
/hold 
player 1111:hold/ 
HEARTS 4 
HEARTS 2 
/hold 
player 5555:hold/ 
HEARTS K 
SPADES 3 
/hold 
player 4444:hold/ 
HEARTS 7 
DIAMONDS 8 
/hold 
player 6666:hold/ 
SPADES J 
HEARTS Q 
/hold 
player 8888:hold/ 
CLUBS Q 
HEARTS J 
/hold 
player 7777:hold/ 
SPADES 5 
CLUBS J 
/hold 

---pre flop round bet---
valid player: 8, all in player: 0, fold player: 0

send inquire msg to player 1111 
inquire/ 
2222 1960 2000 40 blind 
3333 2080 2000 20 blind 
total pot: 60 
/inquire 
recv from player 1111: fold 


send inquire msg to player 5555 
inquire/ 
1111 1960 2000 0 fold 
2222 1960 2000 40 blind 
3333 2080 2000 20 blind 
total pot: 60 
/inquire 
recv from player 5555: check 


send inquire msg to player 4444 
inquire/ 
5555 2872 2000 40 call 
1111 1960 2000 0 fold 
2222 1960 2000 40 blind 
3333 2080 2000 20 blind 
total pot: 100 
/inquire 
recv from player 4444: fold 


send inquire msg to player 6666 
inquire/ 
4444 1314 2000 0 fold 
5555 2872 2000 40 call 
1111 1960 2000 0 fold 
2222 1960 2000 40 blind 
3333 2080 2000 20 blind 
total pot: 100 
/inquire 
recv from player 6666: fold 


send inquire msg to player 8888 
inquire/ 
6666 1534 2000 0 fold 
4444 1314 2000 0 fold 
5555 2872 2000 40 call 
1111 1960 2000 0 fold 
2222 1960 2000 40 blind 
3333 2080 2000 20 blind 
total pot: 100 
/inquire 
recv from player 8888: call 

send inquire msg to player 7777 
inquire/ 
8888 2240 2000 40 call 
6666 1534 2000 0 fold 
4444 1314 2000 0 fold 
5555 2872 2000 40 call 
1111 1960 2000 0 fold 
2222 1960 2000 40 blind 
3333 2080 2000 20 blind 
total pot: 140 
/inquire 
recv from player 7777: fold 


send inquire msg to player 3333 
inquire/ 
7777 1900 2000 0 fold 
8888 2240 2000 40 call 
6666 1534 2000 0 fold 
4444 1314 2000 0 fold 
5555 2872 2000 40 call 
1111 1960 2000 0 fold 
2222 1960 2000 40 blind 
3333 2080 2000 20 blind 
total pot: 140 
/inquire 
recv from player 3333: fold 


send inquire msg to player 2222 
inquire/ 
3333 2080 2000 20 fold 
7777 1900 2000 0 fold 
8888 2240 2000 40 call 
6666 1534 2000 0 fold 
4444 1314 2000 0 fold 
5555 2872 2000 40 call 
1111 1960 2000 0 fold 
2222 1960 2000 40 blind 
total pot: 140 
/inquire 
recv from player 2222: check 

flop/ 
SPADES A 
HEARTS 6 
SPADES 7 
/flop 

---flop round bet---
valid player: 8, all in player: 0, fold player: 5

send inquire msg to player 2222 
inquire/ 
3333 2080 2000 20 fold 
7777 1900 2000 0 fold 
8888 2240 2000 40 call 
6666 1534 2000 0 fold 
4444 1314 2000 0 fold 
5555 2872 2000 40 call 
1111 1960 2000 0 fold 
2222 1960 2000 40 check 
total pot: 140 
/inquire 
recv from player 2222: fold 


send notify msg to player 1111 
notify/ 
2222 1960 2000 40 fold 
3333 2080 2000 20 fold 
7777 1900 2000 0 fold 
8888 2240 2000 40 call 
6666 1534 2000 0 fold 
4444 1314 2000 0 fold 
5555 2872 2000 40 call 
1111 1960 2000 0 fold 
total pot: 140 
/notify 

send inquire msg to player 5555 
inquire/ 
1111 1960 2000 0 fold 
2222 1960 2000 40 fold 
3333 2080 2000 20 fold 
7777 1900 2000 0 fold 
8888 2240 2000 40 call 
6666 1534 2000 0 fold 
4444 1314 2000 0 fold 
5555 2872 2000 40 call 
total pot: 140 
/inquire 
recv from player 5555: check 


send notify msg to player 4444 
notify/ 
5555 2872 2000 40 check 
1111 1960 2000 0 fold 
2222 1960 2000 40 fold 
3333 2080 2000 20 fold 
7777 1900 2000 0 fold 
8888 2240 2000 40 call 
6666 1534 2000 0 fold 
4444 1314 2000 0 fold 
total pot: 140 
/notify 

send notify msg to player 6666 
notify/ 
4444 1314 2000 0 fold 
5555 2872 2000 40 check 
1111 1960 2000 0 fold 
2222 1960 2000 40 fold 
3333 2080 2000 20 fold 
7777 1900 2000 0 fold 
8888 2240 2000 40 call 
6666 1534 2000 0 fold 
total pot: 140 
/notify 

send inquire msg to player 8888 
inquire/ 
6666 1534 2000 0 fold 
4444 1314 2000 0 fold 
5555 2872 2000 40 check 
1111 1960 2000 0 fold 
2222 1960 2000 40 fold 
3333 2080 2000 20 fold 
7777 1900 2000 0 fold 
8888 2240 2000 40 call 
total pot: 140 
/inquire 
recv from player 8888: check 
turn/ 
DIAMONDS K 
/turn 

---turn round bet---
valid player: 8, all in player: 0, fold player: 6

send notify msg to player 1111 
notify/ 
2222 1960 2000 40 fold 
3333 2080 2000 20 fold 
7777 1900 2000 0 fold 
8888 2240 2000 40 check 
6666 1534 2000 0 fold 
4444 1314 2000 0 fold 
5555 2872 2000 40 check 
1111 1960 2000 0 fold 
total pot: 140 
/notify 

send inquire msg to player 5555 
inquire/ 
1111 1960 2000 0 fold 
2222 1960 2000 40 fold 
3333 2080 2000 20 fold 
7777 1900 2000 0 fold 
8888 2240 2000 40 check 
6666 1534 2000 0 fold 
4444 1314 2000 0 fold 
5555 2872 2000 40 check 
total pot: 140 
/inquire 
recv from player 5555: check 


send notify msg to player 4444 
notify/ 
5555 2872 2000 40 check 
1111 1960 2000 0 fold 
2222 1960 2000 40 fold 
3333 2080 2000 20 fold 
7777 1900 2000 0 fold 
8888 2240 2000 40 check 
6666 1534 2000 0 fold 
4444 1314 2000 0 fold 
total pot: 140 
/notify 

send notify msg to player 6666 
notify/ 
4444 1314 2000 0 fold 
5555 2872 2000 40 check 
1111 1960 2000 0 fold 
2222 1960 2000 40 fold 
3333 2080 2000 20 fold 
7777 1900 2000 0 fold 
8888 2240 2000 40 check 
6666 1534 2000 0 fold 
total pot: 140 
