

===VERSION 1.31===
---GAME START @ 2015-6-13-12-12-9---

wait registration for 30 seconds
reg: 2222 baymax 
reg: 3333 JunLinTianXia 
reg: 5555 baymax 
reg: 1111 HJ  need_notify  
reg: 6666 ShuQi need_notify  
reg: 7777 CQchappie need_notify 
reg: 4444 DSNJU 
reg: 8888 ShuQi need_notify  
close registration

-----1 Hand-----

----- clean player data in socket -----
seat/ 
button: 2222 2000 2000 
small blind: 7777 2000 2000 
big blind: 3333 2000 2000 
5555 2000 2000 
1111 2000 2000 
6666 2000 2000 
4444 2000 2000 
8888 2000 2000 
/seat 
blind/ 
7777: 20 
3333: 40 
/blind 
player 7777:hold/ 
SPADES 3 
CLUBS 4 
/hold 
player 3333:hold/ 
SPADES 5 
DIAMONDS 4 
/hold 
player 5555:hold/ 
CLUBS 7 
HEARTS A 
/hold 
player 1111:hold/ 
CLUBS 8 
DIAMONDS K 
/hold 
player 6666:hold/ 
SPADES J 
HEARTS Q 
/hold 
player 4444:hold/ 
HEARTS 4 
DIAMONDS 6 
/hold 
player 8888:hold/ 
DIAMONDS 5 
CLUBS 3 
/hold 
player 2222:hold/ 
CLUBS 6 
CLUBS 5 
/hold 

---pre flop round bet---
valid player: 8, all in player: 0, fold player: 0

send inquire msg to player 5555(seat:2) 
inquire/ 
3333 1960 2000 40 blind 
7777 1980 2000 20 blind 
total pot: 60 
/inquire 
recv from player 5555: fold 


send inquire msg to player 1111(seat:3) 
inquire/ 
5555 2000 2000 0 fold 
3333 1960 2000 40 blind 
7777 1980 2000 20 blind 
total pot: 60 
/inquire 
recv from player 1111: fold 

send inquire msg to player 6666(seat:4) 
inquire/ 
1111 2000 2000 0 fold 
5555 2000 2000 0 fold 
3333 1960 2000 40 blind 
7777 1980 2000 20 blind 
total pot: 60 
/inquire 
recv from player 6666: call 


send inquire msg to player 4444(seat:5) 
inquire/ 
6666 1960 2000 40 call 
1111 2000 2000 0 fold 
5555 2000 2000 0 fold 
3333 1960 2000 40 blind 
7777 1980 2000 20 blind 
total pot: 100 
/inquire 
recv from player 4444: fold


send inquire msg to player 8888(seat:6) 
inquire/ 
4444 2000 2000 0 fold 
6666 1960 2000 40 call 
1111 2000 2000 0 fold 
5555 2000 2000 0 fold 
3333 1960 2000 40 blind 
7777 1980 2000 20 blind 
total pot: 100 
/inquire 
recv from player 8888: fold 


send inquire msg to player 2222(seat:7) 
inquire/ 
8888 2000 2000 0 fold 
4444 2000 2000 0 fold 
6666 1960 2000 40 call 
1111 2000 2000 0 fold 
5555 2000 2000 0 fold 
3333 1960 2000 40 blind 
7777 1980 2000 20 blind 
total pot: 100 
/inquire 
recv from player 2222: fold 


send inquire msg to player 7777(seat:0) 
inquire/ 
2222 2000 2000 0 fold 
8888 2000 2000 0 fold 
4444 2000 2000 0 fold 
6666 1960 2000 40 call 
1111 2000 2000 0 fold 
5555 2000 2000 0 fold 
3333 1960 2000 40 blind 
7777 1980 2000 20 blind 
total pot: 100 
/inquire 
recv from player 7777: raise 88 


send inquire msg to player 3333(seat:1) 
inquire/ 
7777 1872 2000 128 raise 
2222 2000 2000 0 fold 
8888 2000 2000 0 fold 
4444 2000 2000 0 fold 
6666 1960 2000 40 call 
1111 2000 2000 0 fold 
5555 2000 2000 0 fold 
3333 1960 2000 40 blind 
total pot: 208 
/inquire 
recv from player 3333: fold 


player 5555(seat:2) doesn't need notify-msg

send notify msg to player 1111(seat:3) 
notify/ 
5555 2000 2000 0 fold 
3333 1960 2000 40 fold 
7777 1872 2000 128 raise 
2222 2000 2000 0 fold 
8888 2000 2000 0 fold 
4444 2000 2000 0 fold 
6666 1960 2000 40 call 
1111 2000 2000 0 fold 
total pot: 208 
/notify 

send inquire msg to player 6666(seat:4) 
inquire/ 
1111 2000 2000 0 fold 
5555 2000 2000 0 fold 
3333 1960 2000 40 fold 
7777 1872 2000 128 raise 
2222 2000 2000 0 fold 
8888 2000 2000 0 fold 
4444 2000 2000 0 fold 
6666 1960 2000 40 call 
total pot: 208 
/inquire 
recv from player 6666: call 

valid player: 8, all in player: 0, fold player: 6

----- send notify msg from 5 to 0(exclude) -----

player 4444(seat:5) doesn't need notify-msg

send notify msg to player 8888(seat:6) 
notify/ 
4444 2000 2000 0 fold 
6666 1872 2000 128 call 
1111 2000 2000 0 fold 
5555 2000 2000 0 fold 
3333 1960 2000 40 fold 
7777 1872 2000 128 raise 
2222 2000 2000 0 fold 
8888 2000 2000 0 fold 
total pot: 296 
/notify 

player 2222(seat:7) doesn't need notify-msg
flop/ 
DIAMONDS 9 
DIAMONDS 7 
HEARTS J 
/flop 

---flop round bet---
valid player: 8, all in player: 0, fold player: 6

send inquire msg to player 7777(seat:0) 
inquire/ 
2222 2000 2000 0 fold 
8888 2000 2000 0 fold 
4444 2000 2000 0 fold 
6666 1872 2000 128 call 
1111 2000 2000 0 fold 
5555 2000 2000 0 fold 
3333 1960 2000 40 fold 
7777 1872 2000 128 raise 
total pot: 296 
/inquire 
recv from player 7777: raise 88 


player 3333(seat:1) doesn't need notify-msg

player 5555(seat:2) doesn't need notify-msg

send notify msg to player 1111(seat:3) 
notify/ 
5555 2000 2000 0 fold 
3333 1960 2000 40 fold 
7777 1784 2000 216 raise 
2222 2000 2000 0 fold 
8888 2000 2000 0 fold 
4444 2000 2000 0 fold 
6666 1872 2000 128 call 
1111 2000 2000 0 fold 
total pot: 384 
/notify 

send inquire msg to player 6666(seat:4) 
inquire/ 
1111 2000 2000 0 fold 
5555 2000 2000 0 fold 
3333 1960 2000 40 fold 
7777 1784 2000 216 raise 
2222 2000 2000 0 fold 
8888 2000 2000 0 fold 
4444 2000 2000 0 fold 
6666 1872 2000 128 call 
total pot: 384 
/inquire 
recv from player 6666: call 

valid player: 8, all in player: 0, fold player: 6

----- send notify msg from 5 to 0(exclude) -----

player 4444(seat:5) doesn't need notify-msg

send notify msg to player 8888(seat:6) 
notify/ 
4444 2000 2000 0 fold 
6666 1784 2000 216 call 
1111 2000 2000 0 fold 
5555 2000 2000 0 fold 
3333 1960 2000 40 fold 
7777 1784 2000 216 raise 
2222 2000 2000 0 fold 
8888 2000 2000 0 fold 
total pot: 472 
/notify 

player 2222(seat:7) doesn't need notify-msg
turn/ 
CLUBS Q 
/turn 

---turn round bet---
valid player: 8, all in player: 0, fold player: 6

send inquire msg to player 7777(seat:0) 
inquire/ 
2222 2000 2000 0 fold 
8888 2000 2000 0 fold 
4444 2000 2000 0 fold 
6666 1784 2000 216 call 
1111 2000 2000 0 fold 
5555 2000 2000 0 fold 
3333 1960 2000 40 fold 
7777 1784 2000 216 raise 
total pot: 472 
/inquire 
recv from player 7777: raise 88 


player 3333(seat:1) doesn't need notify-msg

player 5555(seat:2) doesn't need notify-msg

send notify msg to player 1111(seat:3) 
notify/ 
5555 2000 2000 0 fold 
3333 1960 2000 40 fold 
7777 1696 2000 304 raise 
2222 2000 2000 0 fold 
8888 2000 2000 0 fold 
4444 2000 2000 0 fold 
6666 1784 2000 216 call 
1111 2000 2000 0 fold 
total pot: 560 
/notify 

send inquire msg to player 6666(seat:4) 
inquire/ 
1111 2000 2000 0 fold 
5555 2000 2000 0 fold 
3333 1960 2000 40 fold 
7777 1696 2000 304 raise 
2222 2000 2000 0 fold 
8888 2000 2000 0 fold 
4444 2000 2000 0 fold 
6666 1784 2000 216 call 
total pot: 560 
/inquire 
recv from player 6666: call 

valid player: 8, all in player: 0, fold player: 6

----- send notify msg from 5 to 0(exclude) -----

player 4444(seat:5) doesn't need notify-msg

send notify msg to player 8888(seat:6) 
notify/ 
4444 2000 2000 0 fold 
6666 1696 2000 304 call 
1111 2000 2000 0 fold 
5555 2000 2000 0 fold 
3333 1960 2000 40 fold 
7777 1696 2000 304 raise 
2222 2000 2000 0 fold 
8888 2000 2000 0 fold 
total pot: 648 
/notify 

player 2222(seat:7) doesn't need notify-msg
river/ 
SPADES 9 
/river 

---river round bet---
valid player: 8, all in player: 0, fold player: 6

send inquire msg to player 7777(seat:0) 
inquire/ 
2222 2000 2000 0 fold 
8888 2000 2000 0 fold 
4444 2000 2000 0 fold 
6666 1696 2000 304 call 
1111 2000 2000 0 fold 
5555 2000 2000 0 fold 
3333 1960 2000 40 fold 
7777 1696 2000 304 raise 
total pot: 648 
/inquire 
recv from player 7777: raise 88 


player 3333(seat:1) doesn't need notify-msg

player 5555(seat:2) doesn't need notify-msg

send notify msg to player 1111(seat:3) 
notify/ 
5555 2000 2000 0 fold 
3333 1960 2000 40 fold 
7777 1608 2000 392 raise 
2222 2000 2000 0 fold 
8888 2000 2000 0 fold 
4444 2000 2000 0 fold 
6666 1696 2000 304 call 
1111 2000 2000 0 fold 
total pot: 736 
/notify 

send inquire msg to player 6666(seat:4) 
inquire/ 
1111 2000 2000 0 fold 
5555 2000 2000 0 fold 
3333 1960 2000 40 fold 
7777 1608 2000 392 raise 
2222 2000 2000 0 fold 
8888 2000 2000 0 fold 
4444 2000 2000 0 fold 
6666 1696 2000 304 call 
total pot: 736 
/inquire 
recv from player 6666: call 

valid player: 8, all in player: 0, fold player: 6

----- send notify msg from 5 to 4(exclude) -----

player 4444(seat:5) doesn't need notify-msg

send notify msg to player 8888(seat:6) 
notify/ 
4444 2000 2000 0 fold 
6666 1608 2000 392 call 
1111 2000 2000 0 fold 
5555 2000 2000 0 fold 
3333 1960 2000 40 fold 
7777 1608 2000 392 raise 
2222 2000 2000 0 fold 
8888 2000 2000 0 fold 
total pot: 824 
/notify 

player 2222(seat:7) doesn't need notify-msg

send notify msg to player 7777(seat:0) 
notify/ 
2222 2000 2000 0 fold 
8888 2000 2000 0 fold 
4444 2000 2000 0 fold 
6666 1608 2000 392 call 
1111 2000 2000 0 fold 
5555 2000 2000 0 fold 
3333 1960 2000 40 fold 
7777 1608 2000 392 raise 
total pot: 824 
/notify 

player 3333(seat:1) doesn't need notify-msg

player 5555(seat:2) doesn't need notify-msg

send notify msg to player 1111(seat:3) 
notify/ 
5555 2000 2000 0 fold 
3333 1960 2000 40 fold 
7777 1608 2000 392 raise 
2222 2000 2000 0 fold 
8888 2000 2000 0 fold 
4444 2000 2000 0 fold 
6666 1608 2000 392 call 
1111 2000 2000 0 fold 
total pot: 824 
/notify 

---show down---
showdown/ 
common/ 
DIAMONDS 9 
DIAMONDS 7 
HEARTS J 
CLUBS Q 
SPADES 9 
/common 
2: 7777 SPADES 3 CLUBS 4 ONE_PAIR 
1: 6666 SPADES J HEARTS Q TWO_PAIR 
/showdown 

---Allocate pot---
pot-win/ 
6666: 824 
/pot-win 
it is player 7777's turn to be button

-----2 Hand-----

----- clean player data in socket -----
seat/ 
button: 7777 1608 2000 
small blind: 3333 1960 2000 
big blind: 5555 2000 2000 
1111 2000 2000 
6666 2432 2000 
4444 2000 2000 
8888 2000 2000 
2222 2000 2000 
/seat 
blind/ 
3333: 20 
5555: 40 
/blind 
player 3333:hold/ 
HEARTS Q 
HEARTS 4 
/hold 
player 5555:hold/ 
HEARTS 6 
DIAMONDS 8 
/hold 
player 1111:hold/ 
SPADES 8 
CLUBS 8 
/hold 
player 6666:hold/ 
SPADES 4 
DIAMONDS 9 
/hold 
player 4444:hold/ 
DIAMONDS 2 
HEARTS 3 
/hold 
player 8888:hold/ 
HEARTS 9 
CLUBS K 
/hold 
player 2222:hold/ 
HEARTS 10 
HEARTS A 
/hold 
player 7777:hold/ 
DIAMONDS A 
SPADES 7 
/hold 

---pre flop round bet---
valid player: 8, all in player: 0, fold player: 0

send inquire msg to player 1111(seat:2) 
inquire/ 
5555 1960 2000 40 blind 
3333 1940 2000 20 blind 
total pot: 60 
/inquire 
recv from player 1111: raise 83


send inquire msg to player 6666(seat:3) 
inquire/ 
1111 1877 2000 123 raise 
5555 1960 2000 40 blind 
3333 1940 2000 20 blind 
total pot: 183 
/inquire 
recv from player 6666: fold 


send inquire msg to player 4444(seat:4) 
inquire/ 
6666 2432 2000 0 fold 
1111 1877 2000 123 raise 
5555 1960 2000 40 blind 
3333 1940 2000 20 blind 
total pot: 183 
/inquire 
recv from player 4444: fold


send inquire msg to player 8888(seat:5) 
inquire/ 
4444 2000 2000 0 fold 
6666 2432 2000 0 fold 
1111 1877 2000 123 raise 
5555 1960 2000 40 blind 
3333 1940 2000 20 blind 
total pot: 183 
/inquire 
recv from player 8888: fold 


send inquire msg to player 2222(seat:6) 
inquire/ 
8888 2000 2000 0 fold 
4444 2000 2000 0 fold 
6666 2432 2000 0 fold 
1111 1877 2000 123 raise 
5555 1960 2000 40 blind 
3333 1940 2000 20 blind 
total pot: 183 
/inquire 
recv from player 2222: raise 142


send inquire msg to player 7777(seat:7) 
inquire/ 
2222 1735 2000 265 raise 
8888 2000 2000 0 fold 
4444 2000 2000 0 fold 
6666 2432 2000 0 fold 
1111 1877 2000 123 raise 
5555 1960 2000 40 blind 
3333 1940 2000 20 blind 
total pot: 448 
/inquire 
recv from player 7777: fold 


send inquire msg to player 3333(seat:0) 
inquire/ 
7777 1608 2000 0 fold 
2222 1735 2000 265 raise 
8888 2000 2000 0 fold 
4444 2000 2000 0 fold 
6666 2432 2000 0 fold 
1111 1877 2000 123 raise 
5555 1960 2000 40 blind 
3333 1940 2000 20 blind 
total pot: 448 
/inquire 
recv from player 3333: fold 


send inquire msg to player 5555(seat:1) 
inquire/ 
3333 1940 2000 20 fold 
7777 1608 2000 0 fold 
2222 1735 2000 265 raise 
8888 2000 2000 0 fold 
4444 2000 2000 0 fold 
6666 2432 2000 0 fold 
1111 1877 2000 123 raise 
5555 1960 2000 40 blind 
total pot: 448 
/inquire 
recv from player 5555: fold 


send inquire msg to player 1111(seat:2) 
inquire/ 
5555 1960 2000 40 fold 
3333 1940 2000 20 fold 
7777 1608 2000 0 fold 
2222 1735 2000 265 raise 
8888 2000 2000 0 fold 
4444 2000 2000 0 fold 
6666 2432 2000 0 fold 
1111 1877 2000 123 raise 
total pot: 448 
/inquire 
recv from player 1111: call 
valid player: 8, all in player: 0, fold player: 6

----- send notify msg from 3 to 0(exclude) -----

send notify msg to player 6666(seat:3) 
notify/ 
1111 1735 2000 265 call 
5555 1960 2000 40 fold 
3333 1940 2000 20 fold 
7777 1608 2000 0 fold 
2222 1735 2000 265 raise 
8888 2000 2000 0 fold 
4444 2000 2000 0 fold 
6666 2432 2000 0 fold 
total pot: 590 
/notify 

player 4444(seat:4) doesn't need notify-msg

send notify msg to player 8888(seat:5) 
notify/ 
4444 2000 2000 0 fold 
6666 2432 2000 0 fold 
1111 1735 2000 265 call 
5555 1960 2000 40 fold 
3333 1940 2000 20 fold 
7777 1608 2000 0 fold 
2222 1735 2000 265 raise 
8888 2000 2000 0 fold 
total pot: 590 
/notify 

player 2222(seat:6) doesn't need notify-msg

send notify msg to player 7777(seat:7) 
notify/ 
2222 1735 2000 265 raise 
8888 2000 2000 0 fold 
4444 2000 2000 0 fold 
6666 2432 2000 0 fold 
1111 1735 2000 265 call 
5555 1960 2000 40 fold 
3333 1940 2000 20 fold 
7777 1608 2000 0 fold 
total pot: 590 
/notify 
flop/ 
CLUBS 9 
CLUBS 7 
CLUBS 3 
/flop 

---flop round bet---
valid player: 8, all in player: 0, fold player: 6

player 3333(seat:0) doesn't need notify-msg

player 5555(seat:1) doesn't need notify-msg

send inquire msg to player 1111(seat:2) 
inquire/ 
5555 1960 2000 40 fold 
3333 1940 2000 20 fold 
7777 1608 2000 0 fold 
2222 1735 2000 265 raise 
8888 2000 2000 0 fold 
4444 2000 2000 0 fold 
6666 2432 2000 0 fold 
1111 1735 2000 265 call 
total pot: 590 
/inquire 
recv from player 1111: raise 160


send notify msg to player 6666(seat:3) 
notify/ 
1111 1575 2000 425 raise 
5555 1960 2000 40 fold 
3333 1940 2000 20 fold 
7777 1608 2000 0 fold 
2222 1735 2000 265 raise 
8888 2000 2000 0 fold 
4444 2000 2000 0 fold 
6666 2432 2000 0 fold 
total pot: 750 
/notify 

player 4444(seat:4) doesn't need notify-msg

send notify msg to player 8888(seat:5) 
notify/ 
4444 2000 2000 0 fold 
6666 2432 2000 0 fold 
1111 1575 2000 425 raise 
5555 1960 2000 40 fold 
3333 1940 2000 20 fold 
7777 1608 2000 0 fold 
2222 1735 2000 265 raise 
8888 2000 2000 0 fold 
total pot: 750 
/notify 

send inquire msg to player 2222(seat:6) 
inquire/ 
8888 2000 2000 0 fold 
4444 2000 2000 0 fold 
6666 2432 2000 0 fold 
1111 1575 2000 425 raise 
5555 1960 2000 40 fold 
3333 1940 2000 20 fold 
7777 1608 2000 0 fold 
2222 1735 2000 265 raise 
total pot: 750 
/inquire 
recv from player 2222: fold 

valid player: 8, all in player: 0, fold player: 7

----- send notify msg from 7 to 6(exclude) -----

send notify msg to player 7777(seat:7) 
notify/ 
2222 1735 2000 265 fold 
8888 2000 2000 0 fold 
4444 2000 2000 0 fold 
6666 2432 2000 0 fold 
1111 1575 2000 425 raise 
5555 1960 2000 40 fold 
3333 1940 2000 20 fold 
7777 1608 2000 0 fold 
total pot: 750 
/notify 

player 3333(seat:0) doesn't need notify-msg

player 5555(seat:1) doesn't need notify-msg

send notify msg to player 1111(seat:2) 
notify/ 
5555 1960 2000 40 fold 
3333 1940 2000 20 fold 
7777 1608 2000 0 fold 
2222 1735 2000 265 fold 
8888 2000 2000 0 fold 
4444 2000 2000 0 fold 
6666 2432 2000 0 fold 
1111 1575 2000 425 raise 
total pot: 750 
/notify 

send notify msg to player 6666(seat:3) 
notify/ 
1111 1575 2000 425 raise 
5555 1960 2000 40 fold 
3333 1940 2000 20 fold 
7777 1608 2000 0 fold 
2222 1735 2000 265 fold 
8888 2000 2000 0 fold 
4444 2000 2000 0 fold 
6666 2432 2000 0 fold 
total pot: 750 
/notify 

player 4444(seat:4) doesn't need notify-msg

send notify msg to player 8888(seat:5) 
notify/ 
4444 2000 2000 0 fold 
6666 2432 2000 0 fold 
1111 1575 2000 425 raise 
5555 1960 2000 40 fold 
3333 1940 2000 20 fold 
7777 1608 2000 0 fold 
2222 1735 2000 265 fold 
8888 2000 2000 0 fold 
total pot: 750 
/notify 

---turn round bet---
valid player: 8, all in player: 0, fold player: 7

---river round bet---
valid player: 8, all in player: 0, fold player: 7

--- 1 players not fold, don't need show down---

---Allocate pot---
Only player at seat 2 not fold, win all the pot 750
pot-win/ 
1111: 750 
/pot-win 
it is player 3333's turn to be button

-----3 Hand-----

----- clean player data in socket -----
seat/ 
button: 3333 1940 2000 
small blind: 5555 1960 2000 
big blind: 1111 2325 2000 
6666 2432 2000 
4444 2000 2000 
8888 2000 2000 
2222 1735 2000 
7777 1608 2000 
/seat 
blind/ 
5555: 20 
1111: 40 
/blind 
player 5555:hold/ 
DIAMONDS 7 
CLUBS 8 
/hold 
player 1111:hold/ 
HEARTS 10 
CLUBS 2 
/hold 
player 6666:hold/ 
DIAMONDS 6 
CLUBS 6 
/hold 
player 4444:hold/ 
HEARTS 7 
CLUBS K 
/hold 
player 8888:hold/ 
HEARTS 9 
SPADES 9 
/hold 
player 2222:hold/ 
DIAMONDS A 
SPADES Q 
/hold 
player 7777:hold/ 
DIAMONDS 8 
CLUBS 7 
/hold 
player 3333:hold/ 
SPADES A 
HEARTS 8 
/hold 

---pre flop round bet---
valid player: 8, all in player: 0, fold player: 0

send inquire msg to player 6666(seat:2) 
inquire/ 
1111 2285 2000 40 blind 
5555 1940 2000 20 blind 
total pot: 60 
/inquire 
recv from player 6666: fold 


send inquire msg to player 4444(seat:3) 
inquire/ 
6666 2432 2000 0 fold 
1111 2285 2000 40 blind 
5555 1940 2000 20 blind 
total pot: 60 
/inquire 
recv from player 4444: fold


send inquire msg to player 8888(seat:4) 
inquire/ 
4444 2000 2000 0 fold 
6666 2432 2000 0 fold 
1111 2285 2000 40 blind 
5555 1940 2000 20 blind 
total pot: 60 
/inquire 
recv from player 8888: call 


send inquire msg to player 2222(seat:5) 
inquire/ 
8888 1960 2000 40 call 
4444 2000 2000 0 fold 
6666 2432 2000 0 fold 
1111 2285 2000 40 blind 
5555 1940 2000 20 blind 
total pot: 100 
/inquire 
recv from player 2222: raise 70


send inquire msg to player 7777(seat:6) 
inquire/ 
2222 1625 2000 110 raise 
8888 1960 2000 40 call 
4444 2000 2000 0 fold 
6666 2432 2000 0 fold 
1111 2285 2000 40 blind 
5555 1940 2000 20 blind 
total pot: 210 
/inquire 
recv from player 7777: fold 


send inquire msg to player 3333(seat:7) 
inquire/ 
7777 1608 2000 0 fold 
2222 1625 2000 110 raise 
8888 1960 2000 40 call 
4444 2000 2000 0 fold 
6666 2432 2000 0 fold 
1111 2285 2000 40 blind 
5555 1940 2000 20 blind 
total pot: 210 
/inquire 
recv from player 3333: fold 


send inquire msg to player 5555(seat:0) 
inquire/ 
3333 1940 2000 0 fold 
7777 1608 2000 0 fold 
2222 1625 2000 110 raise 
8888 1960 2000 40 call 
4444 2000 2000 0 fold 
6666 2432 2000 0 fold 
1111 2285 2000 40 blind 
5555 1940 2000 20 blind 
total pot: 210 
/inquire 
recv from player 5555: fold 


send inquire msg to player 1111(seat:1) 
inquire/ 
5555 1940 2000 20 fold 
3333 1940 2000 0 fold 
7777 1608 2000 0 fold 
2222 1625 2000 110 raise 
8888 1960 2000 40 call 
4444 2000 2000 0 fold 
6666 2432 2000 0 fold 
1111 2285 2000 40 blind 
total pot: 210 
/inquire 
recv from player 1111: fold 

send notify msg to player 6666(seat:2) 
notify/ 
1111 2285 2000 40 fold 
5555 1940 2000 20 fold 
3333 1940 2000 0 fold 
7777 1608 2000 0 fold 
2222 1625 2000 110 raise 
8888 1960 2000 40 call 
4444 2000 2000 0 fold 
6666 2432 2000 0 fold 
total pot: 210 
/notify 

player 4444(seat:3) doesn't need notify-msg

send inquire msg to player 8888(seat:4) 
inquire/ 
4444 2000 2000 0 fold 
6666 2432 2000 0 fold 
1111 2285 2000 40 fold 
5555 1940 2000 20 fold 
3333 1940 2000 0 fold 
7777 1608 2000 0 fold 
2222 1625 2000 110 raise 
8888 1960 2000 40 call 
total pot: 210 
/inquire 
recv from player 8888: raise 70 


send inquire msg to player 2222(seat:5) 
inquire/ 
8888 1820 2000 180 raise 
4444 2000 2000 0 fold 
6666 2432 2000 0 fold 
1111 2285 2000 40 fold 
5555 1940 2000 20 fold 
3333 1940 2000 0 fold 
7777 1608 2000 0 fold 
2222 1625 2000 110 raise 
total pot: 350 
/inquire 
recv from player 2222: raise 247


send notify msg to player 7777(seat:6) 
notify/ 
2222 1308 2000 427 raise 
8888 1820 2000 180 raise 
4444 2000 2000 0 fold 
6666 2432 2000 0 fold 
1111 2285 2000 40 fold 
5555 1940 2000 20 fold 
3333 1940 2000 0 fold 
7777 1608 2000 0 fold 
total pot: 667 
/notify 

player 3333(seat:7) doesn't need notify-msg

player 5555(seat:0) doesn't need notify-msg

send notify msg to player 1111(seat:1) 
notify/ 
5555 1940 2000 20 fold 
3333 1940 2000 0 fold 
7777 1608 2000 0 fold 
2222 1308 2000 427 raise 
8888 1820 2000 180 raise 
4444 2000 2000 0 fold 
6666 2432 2000 0 fold 
1111 2285 2000 40 fold 
total pot: 667 
/notify 

send notify msg to player 6666(seat:2) 
notify/ 
1111 2285 2000 40 fold 
5555 1940 2000 20 fold 
3333 1940 2000 0 fold 
7777 1608 2000 0 fold 
2222 1308 2000 427 raise 
8888 1820 2000 180 raise 
4444 2000 2000 0 fold 
6666 2432 2000 0 fold 
total pot: 667 
/notify 

player 4444(seat:3) doesn't need notify-msg

send inquire msg to player 8888(seat:4) 
inquire/ 
4444 2000 2000 0 fold 
6666 2432 2000 0 fold 
1111 2285 2000 40 fold 
5555 1940 2000 20 fold 
3333 1940 2000 0 fold 
7777 1608 2000 0 fold 
2222 1308 2000 427 raise 
8888 1820 2000 180 raise 
total pot: 667 
/inquire 
recv from player 8888: call 

valid player: 8, all in player: 0, fold player: 6

----- send notify msg from 5 to 0(exclude) -----

player 2222(seat:5) doesn't need notify-msg

send notify msg to player 7777(seat:6) 
notify/ 
2222 1308 2000 427 raise 
8888 1573 2000 427 call 
4444 2000 2000 0 fold 
6666 2432 2000 0 fold 
1111 2285 2000 40 fold 
5555 1940 2000 20 fold 
3333 1940 2000 0 fold 
7777 1608 2000 0 fold 
total pot: 914 
/notify 

player 3333(seat:7) doesn't need notify-msg
flop/ 
SPADES 8 
CLUBS 10 
DIAMONDS J 
/flop 

---flop round bet---
valid player: 8, all in player: 0, fold player: 6

player 5555(seat:0) doesn't need notify-msg

send notify msg to player 1111(seat:1) 
notify/ 
5555 1940 2000 20 fold 
3333 1940 2000 0 fold 
7777 1608 2000 0 fold 
2222 1308 2000 427 raise 
8888 1573 2000 427 call 
4444 2000 2000 0 fold 
6666 2432 2000 0 fold 
1111 2285 2000 40 fold 
total pot: 914 
/notify 

send notify msg to player 6666(seat:2) 
notify/ 
1111 2285 2000 40 fold 
5555 1940 2000 20 fold 
3333 1940 2000 0 fold 
7777 1608 2000 0 fold 
2222 1308 2000 427 raise 
8888 1573 2000 427 call 
4444 2000 2000 0 fold 
6666 2432 2000 0 fold 
total pot: 914 
/notify 

player 4444(seat:3) doesn't need notify-msg

send inquire msg to player 8888(seat:4) 
inquire/ 
4444 2000 2000 0 fold 
6666 2432 2000 0 fold 
1111 2285 2000 40 fold 
5555 1940 2000 20 fold 
3333 1940 2000 0 fold 
7777 1608 2000 0 fold 
2222 1308 2000 427 raise 
8888 1573 2000 427 call 
total pot: 914 
/inquire 
recv from player 8888: call 


send inquire msg to player 2222(seat:5) 
inquire/ 
8888 1573 2000 427 check 
4444 2000 2000 0 fold 
6666 2432 2000 0 fold 
1111 2285 2000 40 fold 
5555 1940 2000 20 fold 
3333 1940 2000 0 fold 
7777 1608 2000 0 fold 
2222 1308 2000 427 raise 
total pot: 914 
/inquire 
recv from player 2222: raise 


send notify msg to player 7777(seat:6) 
notify/ 
2222 1268 2000 467 raise 
8888 1573 2000 427 check 
4444 2000 2000 0 fold 
6666 2432 2000 0 fold 
1111 2285 2000 40 fold 
5555 1940 2000 20 fold 
3333 1940 2000 0 fold 
7777 1608 2000 0 fold 
total pot: 954 
/notify 

player 3333(seat:7) doesn't need notify-msg

player 5555(seat:0) doesn't need notify-msg

send notify msg to player 1111(seat:1) 
notify/ 
5555 1940 2000 20 fold 
3333 1940 2000 0 fold 
7777 1608 2000 0 fold 
2222 1268 2000 467 raise 
8888 1573 2000 427 check 
4444 2000 2000 0 fold 
6666 2432 2000 0 fold 
1111 2285 2000 40 fold 
total pot: 954 
/notify 

send notify msg to player 6666(seat:2) 
notify/ 
1111 2285 2000 40 fold 
5555 1940 2000 20 fold 
3333 1940 2000 0 fold 
7777 1608 2000 0 fold 
2222 1268 2000 467 raise 
8888 1573 2000 427 check 
4444 2000 2000 0 fold 
6666 2432 2000 0 fold 
total pot: 954 
/notify 

player 4444(seat:3) doesn't need notify-msg

send inquire msg to player 8888(seat:4) 
inquire/ 
4444 2000 2000 0 fold 
6666 2432 2000 0 fold 
1111 2285 2000 40 fold 
5555 1940 2000 20 fold 
3333 1940 2000 0 fold 
7777 1608 2000 0 fold 
2222 1268 2000 467 raise 
8888 1573 2000 427 check 
total pot: 954 
/inquire 
recv from player 8888: call 

valid player: 8, all in player: 0, fold player: 6

----- send notify msg from 5 to 0(exclude) -----

player 2222(seat:5) doesn't need notify-msg

send notify msg to player 7777(seat:6) 
notify/ 
2222 1268 2000 467 raise 
8888 1533 2000 467 call 
4444 2000 2000 0 fold 
6666 2432 2000 0 fold 
1111 2285 2000 40 fold 
5555 1940 2000 20 fold 
3333 1940 2000 0 fold 
7777 1608 2000 0 fold 
total pot: 994 
/notify 

player 3333(seat:7) doesn't need notify-msg
turn/ 
HEARTS J 
/turn 

---turn round bet---
valid player: 8, all in player: 0, fold player: 6

player 5555(seat:0) doesn't need notify-msg

send notify msg to player 1111(seat:1) 
notify/ 
5555 1940 2000 20 fold 
3333 1940 2000 0 fold 
7777 1608 2000 0 fold 
2222 1268 2000 467 raise 
8888 1533 2000 467 call 
4444 2000 2000 0 fold 
6666 2432 2000 0 fold 
1111 2285 2000 40 fold 
total pot: 994 
/notify 

send notify msg to player 6666(seat:2) 
notify/ 
1111 2285 2000 40 fold 
5555 1940 2000 20 fold 
3333 1940 2000 0 fold 
7777 1608 2000 0 fold 
2222 1268 2000 467 raise 
8888 1533 2000 467 call 
4444 2000 2000 0 fold 
6666 2432 2000 0 fold 
total pot: 994 
/notify 

player 4444(seat:3) doesn't need notify-msg

send inquire msg to player 8888(seat:4) 
inquire/ 
4444 2000 2000 0 fold 
6666 2432 2000 0 fold 
1111 2285 2000 40 fold 
5555 1940 2000 20 fold 
3333 1940 2000 0 fold 
7777 1608 2000 0 fold 
2222 1268 2000 467 raise 
8888 1533 2000 467 call 
total pot: 994 
/inquire 
recv from player 8888: call 


send inquire msg to player 2222(seat:5) 
inquire/ 
8888 1533 2000 467 check 
4444 2000 2000 0 fold 
6666 2432 2000 0 fold 
1111 2285 2000 40 fold 
5555 1940 2000 20 fold 
3333 1940 2000 0 fold 
7777 1608 2000 0 fold 
2222 1268 2000 467 raise 
total pot: 994 
/inquire 
recv from player 2222: call 

valid player: 8, all in player: 0, fold player: 6

----- send notify msg from 6 to 0(exclude) -----

send notify msg to player 7777(seat:6) 
notify/ 
2222 1268 2000 467 check 
8888 1533 2000 467 check 
4444 2000 2000 0 fold 
6666 2432 2000 0 fold 
1111 2285 2000 40 fold 
5555 1940 2000 20 fold 
3333 1940 2000 0 fold 
7777 1608 2000 0 fold 
total pot: 994 
/notify 

player 3333(seat:7) doesn't need notify-msg
river/ 
SPADES 5 
/river 

---river round bet---
valid player: 8, all in player: 0, fold player: 6

player 5555(seat:0) doesn't need notify-msg

send notify msg to player 1111(seat:1) 
notify/ 
5555 1940 2000 20 fold 
3333 1940 2000 0 fold 
7777 1608 2000 0 fold 
2222 1268 2000 467 check 
8888 1533 2000 467 check 
4444 2000 2000 0 fold 
6666 2432 2000 0 fold 
1111 2285 2000 40 fold 
total pot: 994 
/notify 

send notify msg to player 6666(seat:2) 
notify/ 
1111 2285 2000 40 fold 
5555 1940 2000 20 fold 
3333 1940 2000 0 fold 
7777 1608 2000 0 fold 
2222 1268 2000 467 check 
8888 1533 2000 467 check 
4444 2000 2000 0 fold 
6666 2432 2000 0 fold 
total pot: 994 
/notify 

player 4444(seat:3) doesn't need notify-msg

send inquire msg to player 8888(seat:4) 
inquire/ 
4444 2000 2000 0 fold 
6666 2432 2000 0 fold 
1111 2285 2000 40 fold 
5555 1940 2000 20 fold 
3333 1940 2000 0 fold 
7777 1608 2000 0 fold 
2222 1268 2000 467 check 
8888 1533 2000 467 check 
total pot: 994 
/inquire 
recv from player 8888: call 


send inquire msg to player 2222(seat:5) 
inquire/ 
8888 1533 2000 467 check 
4444 2000 2000 0 fold 
6666 2432 2000 0 fold 
1111 2285 2000 40 fold 
5555 1940 2000 20 fold 
3333 1940 2000 0 fold 
7777 1608 2000 0 fold 
2222 1268 2000 467 check 
total pot: 994 
/inquire 
recv from player 2222: raise 


send notify msg to player 7777(seat:6) 
notify/ 
2222 1228 2000 507 raise 
8888 1533 2000 467 check 
4444 2000 2000 0 fold 
6666 2432 2000 0 fold 
1111 2285 2000 40 fold 
5555 1940 2000 20 fold 
3333 1940 2000 0 fold 
7777 1608 2000 0 fold 
total pot: 1034 
/notify 

player 3333(seat:7) doesn't need notify-msg

player 5555(seat:0) doesn't need notify-msg

send notify msg to player 1111(seat:1) 
notify/ 
5555 1940 2000 20 fold 
3333 1940 2000 0 fold 
7777 1608 2000 0 fold 
2222 1228 2000 507 raise 
8888 1533 2000 467 check 
4444 2000 2000 0 fold 
6666 2432 2000 0 fold 
1111 2285 2000 40 fold 
total pot: 1034 
/notify 

send notify msg to player 6666(seat:2) 
notify/ 
1111 2285 2000 40 fold 
5555 1940 2000 20 fold 
3333 1940 2000 0 fold 
7777 1608 2000 0 fold 
2222 1228 2000 507 raise 
8888 1533 2000 467 check 
4444 2000 2000 0 fold 
6666 2432 2000 0 fold 
total pot: 1034 
/notify 

player 4444(seat:3) doesn't need notify-msg

send inquire msg to player 8888(seat:4) 
inquire/ 
4444 2000 2000 0 fold 
6666 2432 2000 0 fold 
1111 2285 2000 40 fold 
5555 1940 2000 20 fold 
3333 1940 2000 0 fold 
7777 1608 2000 0 fold 
2222 1228 2000 507 raise 
8888 1533 2000 467 check 
total pot: 1034 
/inquire 
recv from player 8888: call 

valid player: 8, all in player: 0, fold player: 6

----- send notify msg from 5 to 4(exclude) -----

player 2222(seat:5) doesn't need notify-msg

send notify msg to player 7777(seat:6) 
notify/ 
2222 1228 2000 507 raise 
8888 1493 2000 507 call 
4444 2000 2000 0 fold 
6666 2432 2000 0 fold 
1111 2285 2000 40 fold 
5555 1940 2000 20 fold 
3333 1940 2000 0 fold 
7777 1608 2000 0 fold 
total pot: 1074 
/notify 

player 3333(seat:7) doesn't need notify-msg

player 5555(seat:0) doesn't need notify-msg

send notify msg to player 1111(seat:1) 
notify/ 
5555 1940 2000 20 fold 
3333 1940 2000 0 fold 
7777 1608 2000 0 fold 
2222 1228 2000 507 raise 
8888 1493 2000 507 call 
4444 2000 2000 0 fold 
6666 2432 2000 0 fold 
1111 2285 2000 40 fold 
total pot: 1074 
/notify 

send notify msg to player 6666(seat:2) 
notify/ 
1111 2285 2000 40 fold 
5555 1940 2000 20 fold 
3333 1940 2000 0 fold 
7777 1608 2000 0 fold 
2222 1228 2000 507 raise 
8888 1493 2000 507 call 
4444 2000 2000 0 fold 
6666 2432 2000 0 fold 
total pot: 1074 
/notify 

player 4444(seat:3) doesn't need notify-msg

---show down---
showdown/ 
common/ 
SPADES 8 
CLUBS 10 
DIAMONDS J 
HEARTS J 
SPADES 5 
/common 
1: 8888 HEARTS 9 SPADES 9 TWO_PAIR 
2: 2222 DIAMONDS A SPADES Q ONE_PAIR 
/showdown 

---Allocate pot---
pot-win/ 
8888: 1074 
/pot-win 
it is player 5555's turn to be button

-----4 Hand-----

----- clean player data in socket -----
seat/ 
button: 5555 1940 2000 
small blind: 1111 2285 2000 
big blind: 6666 2432 2000 
4444 2000 2000 
8888 2567 2000 
2222 1228 2000 
7777 1608 2000 
3333 1940 2000 
/seat 
blind/ 
1111: 20 
6666: 40 
/blind 
player 1111:hold/ 
HEARTS 2 
HEARTS J 
/hold 
player 6666:hold/ 
DIAMONDS K 
SPADES J 
/hold 
player 4444:hold/ 
CLUBS A 
HEARTS 3 
/hold 
player 8888:hold/ 
CLUBS 8 
HEARTS 4 
/hold 
player 2222:hold/ 
SPADES 10 
SPADES A 
/hold 
player 7777:hold/ 
SPADES 8 
CLUBS 2 
/hold 
player 3333:hold/ 
HEARTS 9 
DIAMONDS 5 
/hold 
player 5555:hold/ 
CLUBS 5 
SPADES 2 
/hold 

---pre flop round bet---
valid player: 8, all in player: 0, fold player: 0

send inquire msg to player 4444(seat:2) 
inquire/ 
6666 2392 2000 40 blind 
1111 2265 2000 20 blind 
total pot: 60 
/inquire 
recv from player 4444: fold


send inquire msg to player 8888(seat:3) 
inquire/ 
4444 2000 2000 0 fold 
6666 2392 2000 40 blind 
1111 2265 2000 20 blind 
total pot: 60 
/inquire 
recv from player 8888: fold 


send inquire msg to player 2222(seat:4) 
inquire/ 
8888 2567 2000 0 fold 
4444 2000 2000 0 fold 
6666 2392 2000 40 blind 
1111 2265 2000 20 blind 
total pot: 60 
/inquire 
recv from player 2222: raise 46


send inquire msg to player 7777(seat:5) 
inquire/ 
2222 1142 2000 86 raise 
8888 2567 2000 0 fold 
4444 2000 2000 0 fold 
6666 2392 2000 40 blind 
1111 2265 2000 20 blind 
total pot: 146 
/inquire 
recv from player 7777: fold 


send inquire msg to player 3333(seat:6) 
inquire/ 
7777 1608 2000 0 fold 
2222 1142 2000 86 raise 
8888 2567 2000 0 fold 
4444 2000 2000 0 fold 
6666 2392 2000 40 blind 
1111 2265 2000 20 blind 
total pot: 146 
/inquire 
recv from player 3333: fold 


send inquire msg to player 5555(seat:7) 
inquire/ 
3333 1940 2000 0 fold 
7777 1608 2000 0 fold 
2222 1142 2000 86 raise 
8888 2567 2000 0 fold 
4444 2000 2000 0 fold 
6666 2392 2000 40 blind 
1111 2265 2000 20 blind 
total pot: 146 
/inquire 
recv from player 5555: fold 


send inquire msg to player 1111(seat:0) 
inquire/ 
5555 1940 2000 0 fold 
3333 1940 2000 0 fold 
7777 1608 2000 0 fold 
2222 1142 2000 86 raise 
8888 2567 2000 0 fold 
4444 2000 2000 0 fold 
6666 2392 2000 40 blind 
1111 2265 2000 20 blind 
total pot: 146 
/inquire 
recv from player 1111: fold 

send inquire msg to player 6666(seat:1) 
inquire/ 
1111 2265 2000 20 fold 
5555 1940 2000 0 fold 
3333 1940 2000 0 fold 
7777 1608 2000 0 fold 
2222 1142 2000 86 raise 
8888 2567 2000 0 fold 
4444 2000 2000 0 fold 
6666 2392 2000 40 blind 
total pot: 146 
/inquire 
recv from player 6666: call 

valid player: 8, all in player: 0, fold player: 6

----- send notify msg from 2 to 0(exclude) -----

player 4444(seat:2) doesn't need notify-msg

send notify msg to player 8888(seat:3) 
notify/ 
4444 2000 2000 0 fold 
6666 2346 2000 86 call 
1111 2265 2000 20 fold 
5555 1940 2000 0 fold 
3333 1940 2000 0 fold 
7777 1608 2000 0 fold 
2222 1142 2000 86 raise 
8888 2567 2000 0 fold 
total pot: 192 
/notify 

player 2222(seat:4) doesn't need notify-msg

send notify msg to player 7777(seat:5) 
notify/ 
2222 1142 2000 86 raise 
8888 2567 2000 0 fold 
4444 2000 2000 0 fold 
6666 2346 2000 86 call 
1111 2265 2000 20 fold 
5555 1940 2000 0 fold 
3333 1940 2000 0 fold 
7777 1608 2000 0 fold 
total pot: 192 
/notify 

player 3333(seat:6) doesn't need notify-msg

player 5555(seat:7) doesn't need notify-msg
flop/ 
DIAMONDS 3 
CLUBS J 
DIAMONDS J 
/flop 

---flop round bet---
valid player: 8, all in player: 0, fold player: 6

send notify msg to player 1111(seat:0) 
notify/ 
5555 1940 2000 0 fold 
3333 1940 2000 0 fold 
7777 1608 2000 0 fold 
2222 1142 2000 86 raise 
8888 2567 2000 0 fold 
4444 2000 2000 0 fold 
6666 2346 2000 86 call 
1111 2265 2000 20 fold 
total pot: 192 
/notify 

send inquire msg to player 6666(seat:1) 
inquire/ 
1111 2265 2000 20 fold 
5555 1940 2000 0 fold 
3333 1940 2000 0 fold 
7777 1608 2000 0 fold 
2222 1142 2000 86 raise 
8888 2567 2000 0 fold 
4444 2000 2000 0 fold 
6666 2346 2000 86 call 
total pot: 192 
/inquire 
recv from player 6666: raise 0


player 4444(seat:2) doesn't need notify-msg

send notify msg to player 8888(seat:3) 
notify/ 
4444 2000 2000 0 fold 
6666 2306 2000 126 raise 
1111 2265 2000 20 fold 
5555 1940 2000 0 fold 
3333 1940 2000 0 fold 
7777 1608 2000 0 fold 
2222 1142 2000 86 raise 
8888 2567 2000 0 fold 
total pot: 232 
/notify 

send inquire msg to player 2222(seat:4) 
inquire/ 
8888 2567 2000 0 fold 
4444 2000 2000 0 fold 
6666 2306 2000 126 raise 
1111 2265 2000 20 fold 
5555 1940 2000 0 fold 
3333 1940 2000 0 fold 
7777 1608 2000 0 fold 
2222 1142 2000 86 raise 
total pot: 232 
/inquire 
recv from player 2222: fold 

valid player: 8, all in player: 0, fold player: 7

----- send notify msg from 5 to 4(exclude) -----

send notify msg to player 7777(seat:5) 
notify/ 
2222 1142 2000 86 fold 
8888 2567 2000 0 fold 
4444 2000 2000 0 fold 
6666 2306 2000 126 raise 
1111 2265 2000 20 fold 
5555 1940 2000 0 fold 
3333 1940 2000 0 fold 
7777 1608 2000 0 fold 
total pot: 232 
/notify 

player 3333(seat:6) doesn't need notify-msg

player 5555(seat:7) doesn't need notify-msg

send notify msg to player 1111(seat:0) 
notify/ 
5555 1940 2000 0 fold 
3333 1940 2000 0 fold 
7777 1608 2000 0 fold 
2222 1142 2000 86 fold 
8888 2567 2000 0 fold 
4444 2000 2000 0 fold 
6666 2306 2000 126 raise 
1111 2265 2000 20 fold 
total pot: 232 
/notify 

send notify msg to player 6666(seat:1) 
notify/ 
1111 2265 2000 20 fold 
5555 1940 2000 0 fold 
3333 1940 2000 0 fold 
7777 1608 2000 0 fold 
2222 1142 2000 86 fold 
8888 2567 2000 0 fold 
4444 2000 2000 0 fold 
6666 2306 2000 126 raise 
total pot: 232 
/notify 

player 4444(seat:2) doesn't need notify-msg

send notify msg to player 8888(seat:3) 
notify/ 
4444 2000 2000 0 fold 
6666 2306 2000 126 raise 
1111 2265 2000 20 fold 
5555 1940 2000 0 fold 
3333 1940 2000 0 fold 
7777 1608 2000 0 fold 
2222 1142 2000 86 fold 
8888 2567 2000 0 fold 
total pot: 232 
/notify 

---turn round bet---
valid player: 8, all in player: 0, fold player: 7

---river round bet---
valid player: 8, all in player: 0, fold player: 7

--- 1 players not fold, don't need show down---

---Allocate pot---
Only player at seat 1 not fold, win all the pot 232
pot-win/ 
6666: 232 
/pot-win 
it is player 1111's turn to be button

-----5 Hand-----

----- clean player data in socket -----
seat/ 
button: 1111 2265 2000 
small blind: 6666 2538 2000 
big blind: 4444 2000 2000 
8888 2567 2000 
2222 1142 2000 
7777 1608 2000 
3333 1940 2000 
5555 1940 2000 
/seat 
blind/ 
6666: 20 
4444: 40 
/blind 
player 6666:hold/ 
HEARTS Q 
SPADES 5 
/hold 
player 4444:hold/ 
SPADES A 
CLUBS 8 
/hold 
player 8888:hold/ 
SPADES 10 
SPADES J 
/hold 
player 2222:hold/ 
HEARTS 2 
CLUBS 9 
/hold 
player 7777:hold/ 
DIAMONDS J 
CLUBS 3 
/hold 
player 3333:hold/ 
DIAMONDS 2 
DIAMONDS 8 
/hold 
player 5555:hold/ 
CLUBS 5 
HEARTS 10 
/hold 
player 1111:hold/ 
DIAMONDS 7 
HEARTS 4 
/hold 

---pre flop round bet---
valid player: 8, all in player: 0, fold player: 0

send inquire msg to player 8888(seat:2) 
inquire/ 
4444 1960 2000 40 blind 
6666 2518 2000 20 blind 
total pot: 60 
/inquire 
recv from player 8888: call 


send inquire msg to player 2222(seat:3) 
inquire/ 
8888 2527 2000 40 call 
4444 1960 2000 40 blind 
6666 2518 2000 20 blind 
total pot: 100 
/inquire 
recv from player 2222: fold 


send inquire msg to player 7777(seat:4) 
inquire/ 
2222 1142 2000 0 fold 
8888 2527 2000 40 call 
4444 1960 2000 40 blind 
6666 2518 2000 20 blind 
total pot: 100 
/inquire 
recv from player 7777: fold 


send inquire msg to player 3333(seat:5) 
inquire/ 
7777 1608 2000 0 fold 
2222 1142 2000 0 fold 
8888 2527 2000 40 call 
4444 1960 2000 40 blind 
6666 2518 2000 20 blind 
total pot: 100 
/inquire 
recv from player 3333: fold 


send inquire msg to player 5555(seat:6) 
inquire/ 
3333 1940 2000 0 fold 
7777 1608 2000 0 fold 
2222 1142 2000 0 fold 
8888 2527 2000 40 call 
4444 1960 2000 40 blind 
6666 2518 2000 20 blind 
total pot: 100 
/inquire 
recv from player 5555: fold 


send inquire msg to player 1111(seat:7) 
inquire/ 
5555 1940 2000 0 fold 
3333 1940 2000 0 fold 
7777 1608 2000 0 fold 
2222 1142 2000 0 fold 
8888 2527 2000 40 call 
4444 1960 2000 40 blind 
6666 2518 2000 20 blind 
total pot: 100 
/inquire 
recv from player 1111: raise 91

find residue data from player 6666, data size 8

send inquire msg to player 6666(seat:0) 
inquire/ 
1111 2134 2000 131 raise 
5555 1940 2000 0 fold 
3333 1940 2000 0 fold 
7777 1608 2000 0 fold 
2222 1142 2000 0 fold 
8888 2527 2000 40 call 
4444 1960 2000 40 blind 
6666 2518 2000 20 blind 
total pot: 231 
/inquire 
recv from player 6666: fold 


send inquire msg to player 4444(seat:1) 
inquire/ 
6666 2518 2000 20 fold 
1111 2134 2000 131 raise 
5555 1940 2000 0 fold 
3333 1940 2000 0 fold 
7777 1608 2000 0 fold 
2222 1142 2000 0 fold 
8888 2527 2000 40 call 
4444 1960 2000 40 blind 
total pot: 231 
/inquire 
recv from player 4444: fold


send inquire msg to player 8888(seat:2) 
inquire/ 
4444 1960 2000 40 fold 
6666 2518 2000 20 fold 
1111 2134 2000 131 raise 
5555 1940 2000 0 fold 
3333 1940 2000 0 fold 
7777 1608 2000 0 fold 
2222 1142 2000 0 fold 
8888 2527 2000 40 call 
total pot: 231 
/inquire 
recv from player 8888: raise 78 


player 2222(seat:3) doesn't need notify-msg

send notify msg to player 7777(seat:4) 
notify/ 
2222 1142 2000 0 fold 
8888 2345 2000 222 raise 
4444 1960 2000 40 fold 
6666 2518 2000 20 fold 
1111 2134 2000 131 raise 
5555 1940 2000 0 fold 
3333 1940 2000 0 fold 
7777 1608 2000 0 fold 
total pot: 413 
/notify 

player 3333(seat:5) doesn't need notify-msg

player 5555(seat:6) doesn't need notify-msg

send inquire msg to player 1111(seat:7) 
