

===VERSION 1.31===
---GAME START @ 2015-6-13-1-34-14---

wait registration for 30 seconds
reg: 1111 JunLinTianXia 
reg: 2222 DSB  reg: 6666 new_len2of3!! 
reg: 5555 gamenull 
reg: 3333 HJ  need_notify  
reg: 7777 CQchappie need_notify 
reg: 8888 ShuQi need_notify  
reg: 4444 ShuQi need_notify  
close registration

-----1 Hand-----

----- clean player data in socket -----
seat/ 
button: 5555 2000 2000 
small blind: 4444 2000 2000 
big blind: 6666 2000 2000 
1111 2000 2000 
7777 2000 2000 
2222 2000 2000 
8888 2000 2000 
3333 2000 2000 
/seat 
blind/ 
4444: 20 
6666: 40 
/blind 
player 4444:hold/ 
DIAMONDS 6 
DIAMONDS 7 
/hold 
player 6666:hold/ 
HEARTS 8 
HEARTS 3 
/hold 
player 1111:hold/ 
HEARTS 9 
CLUBS A 
/hold 
player 7777:hold/ 
HEARTS 10 
CLUBS Q 
/hold 
player 2222:hold/ 
CLUBS 6 
DIAMONDS 4 
/hold 
player 8888:hold/ 
SPADES 3 
SPADES 9 
/hold 
player 3333:hold/ 
HEARTS K 
DIAMONDS 8 
/hold 
player 5555:hold/ 
HEARTS A 
DIAMONDS Q 
/hold 

---pre flop round bet---
valid player: 8, all in player: 0, fold player: 0

send inquire msg to player 1111(seat:2) 
inquire/ 
6666 1960 2000 40 blind 
4444 1980 2000 20 blind 
total pot: 60 
/inquire 
recv from player 1111: fold 


send inquire msg to player 7777(seat:3) 
inquire/ 
1111 2000 2000 0 fold 
6666 1960 2000 40 blind 
4444 1980 2000 20 blind 
total pot: 60 
/inquire 
recv from player 7777: fold 


send inquire msg to player 2222(seat:4) 
inquire/ 
7777 2000 2000 0 fold 
1111 2000 2000 0 fold 
6666 1960 2000 40 blind 
4444 1980 2000 20 blind 
total pot: 60 
/inquire 
recv from player 2222: fold 

send inquire msg to player 8888(seat:5) 
inquire/ 
2222 2000 2000 0 fold 
7777 2000 2000 0 fold 
1111 2000 2000 0 fold 
6666 1960 2000 40 blind 
4444 1980 2000 20 blind 
total pot: 60 
/inquire 
recv from player 8888: fold 


send inquire msg to player 3333(seat:6) 
inquire/ 
8888 2000 2000 0 fold 
2222 2000 2000 0 fold 
7777 2000 2000 0 fold 
1111 2000 2000 0 fold 
6666 1960 2000 40 blind 
4444 1980 2000 20 blind 
total pot: 60 
/inquire 
recv from player 3333: raise 63


send inquire msg to player 5555(seat:7) 
inquire/ 
3333 1897 2000 103 raise 
8888 2000 2000 0 fold 
2222 2000 2000 0 fold 
7777 2000 2000 0 fold 
1111 2000 2000 0 fold 
6666 1960 2000 40 blind 
4444 1980 2000 20 blind 
total pot: 163 
/inquire 
recv from player 5555: call

send inquire msg to player 4444(seat:0) 
inquire/ 
5555 1897 2000 103 call 
3333 1897 2000 103 raise 
8888 2000 2000 0 fold 
2222 2000 2000 0 fold 
7777 2000 2000 0 fold 
1111 2000 2000 0 fold 
6666 1960 2000 40 blind 
4444 1980 2000 20 blind 
total pot: 266 
/inquire 
recv from player 4444: call 


send inquire msg to player 6666(seat:1) 
inquire/ 
4444 1897 2000 103 call 
5555 1897 2000 103 call 
3333 1897 2000 103 raise 
8888 2000 2000 0 fold 
2222 2000 2000 0 fold 
7777 2000 2000 0 fold 
1111 2000 2000 0 fold 
6666 1960 2000 40 blind 
total pot: 349 
/inquire 
recv from player 6666: fold 

valid player: 8, all in player: 0, fold player: 5

----- send notify msg from 2 to 0(exclude) -----

player 1111(seat:2) doesn't need notify-msg

send notify msg to player 7777(seat:3) 
notify/ 
1111 2000 2000 0 fold 
6666 1960 2000 40 fold 
4444 1897 2000 103 call 
5555 1897 2000 103 call 
3333 1897 2000 103 raise 
8888 2000 2000 0 fold 
2222 2000 2000 0 fold 
7777 2000 2000 0 fold 
total pot: 349 
/notify 

player 2222(seat:4) doesn't need notify-msg

send notify msg to player 8888(seat:5) 
notify/ 
2222 2000 2000 0 fold 
7777 2000 2000 0 fold 
1111 2000 2000 0 fold 
6666 1960 2000 40 fold 
4444 1897 2000 103 call 
5555 1897 2000 103 call 
3333 1897 2000 103 raise 
8888 2000 2000 0 fold 
total pot: 349 
/notify 

send notify msg to player 3333(seat:6) 
notify/ 
8888 2000 2000 0 fold 
2222 2000 2000 0 fold 
7777 2000 2000 0 fold 
1111 2000 2000 0 fold 
6666 1960 2000 40 fold 
4444 1897 2000 103 call 
5555 1897 2000 103 call 
3333 1897 2000 103 raise 
total pot: 349 
/notify 

player 5555(seat:7) doesn't need notify-msg
flop/ 
CLUBS 7 
DIAMONDS 2 
SPADES Q 
/flop 

---flop round bet---
valid player: 8, all in player: 0, fold player: 5

send inquire msg to player 4444(seat:0) 
inquire/ 
5555 1897 2000 103 call 
3333 1897 2000 103 raise 
8888 2000 2000 0 fold 
2222 2000 2000 0 fold 
7777 2000 2000 0 fold 
1111 2000 2000 0 fold 
6666 1960 2000 40 fold 
4444 1897 2000 103 call 
total pot: 349 
/inquire 
recv from player 4444: call 


player 6666(seat:1) doesn't need notify-msg

player 1111(seat:2) doesn't need notify-msg

send notify msg to player 7777(seat:3) 
notify/ 
1111 2000 2000 0 fold 
6666 1960 2000 40 fold 
4444 1897 2000 103 check 
5555 1897 2000 103 call 
3333 1897 2000 103 raise 
8888 2000 2000 0 fold 
2222 2000 2000 0 fold 
7777 2000 2000 0 fold 
total pot: 349 
/notify 

player 2222(seat:4) doesn't need notify-msg

send notify msg to player 8888(seat:5) 
notify/ 
2222 2000 2000 0 fold 
7777 2000 2000 0 fold 
1111 2000 2000 0 fold 
6666 1960 2000 40 fold 
4444 1897 2000 103 check 
5555 1897 2000 103 call 
3333 1897 2000 103 raise 
8888 2000 2000 0 fold 
total pot: 349 
/notify 

send inquire msg to player 3333(seat:6) 
inquire/ 
8888 2000 2000 0 fold 
2222 2000 2000 0 fold 
7777 2000 2000 0 fold 
1111 2000 2000 0 fold 
6666 1960 2000 40 fold 
4444 1897 2000 103 check 
5555 1897 2000 103 call 
3333 1897 2000 103 raise 
total pot: 349 
/inquire 
recv from player 3333: check 

send inquire msg to player 5555(seat:7) 
inquire/ 
3333 1897 2000 103 check 
8888 2000 2000 0 fold 
2222 2000 2000 0 fold 
7777 2000 2000 0 fold 
1111 2000 2000 0 fold 
6666 1960 2000 40 fold 
4444 1897 2000 103 check 
5555 1897 2000 103 call 
total pot: 349 
/inquire 
recv from player 5555: call
valid player: 8, all in player: 0, fold player: 5

----- send notify msg from 0 to 0(exclude) -----
turn/ 
SPADES 2 
/turn 

---turn round bet---
valid player: 8, all in player: 0, fold player: 5

send inquire msg to player 4444(seat:0) 
inquire/ 
5555 1897 2000 103 check 
3333 1897 2000 103 check 
8888 2000 2000 0 fold 
2222 2000 2000 0 fold 
7777 2000 2000 0 fold 
1111 2000 2000 0 fold 
6666 1960 2000 40 fold 
4444 1897 2000 103 check 
total pot: 349 
/inquire 
recv from player 4444: call 


player 6666(seat:1) doesn't need notify-msg

player 1111(seat:2) doesn't need notify-msg

send notify msg to player 7777(seat:3) 
notify/ 
1111 2000 2000 0 fold 
6666 1960 2000 40 fold 
4444 1897 2000 103 check 
5555 1897 2000 103 check 
3333 1897 2000 103 check 
8888 2000 2000 0 fold 
2222 2000 2000 0 fold 
7777 2000 2000 0 fold 
total pot: 349 
/notify 

player 2222(seat:4) doesn't need notify-msg

send notify msg to player 8888(seat:5) 
notify/ 
2222 2000 2000 0 fold 
7777 2000 2000 0 fold 
1111 2000 2000 0 fold 
6666 1960 2000 40 fold 
4444 1897 2000 103 check 
5555 1897 2000 103 check 
3333 1897 2000 103 check 
8888 2000 2000 0 fold 
total pot: 349 
/notify 

send inquire msg to player 3333(seat:6) 
inquire/ 
8888 2000 2000 0 fold 
2222 2000 2000 0 fold 
7777 2000 2000 0 fold 
1111 2000 2000 0 fold 
6666 1960 2000 40 fold 
4444 1897 2000 103 check 
5555 1897 2000 103 check 
3333 1897 2000 103 check 
total pot: 349 
/inquire 
recv from player 3333: raise 201


send inquire msg to player 5555(seat:7) 
inquire/ 
3333 1696 2000 304 raise 
8888 2000 2000 0 fold 
2222 2000 2000 0 fold 
7777 2000 2000 0 fold 
1111 2000 2000 0 fold 
6666 1960 2000 40 fold 
4444 1897 2000 103 check 
5555 1897 2000 103 check 
total pot: 550 
/inquire 
recv from player 5555: call

send inquire msg to player 4444(seat:0) 
inquire/ 
5555 1696 2000 304 call 
3333 1696 2000 304 raise 
8888 2000 2000 0 fold 
2222 2000 2000 0 fold 
7777 2000 2000 0 fold 
1111 2000 2000 0 fold 
6666 1960 2000 40 fold 
4444 1897 2000 103 check 
total pot: 751 
/inquire 
recv from player 4444: fold 

valid player: 8, all in player: 0, fold player: 6

----- send notify msg from 7 to 0(exclude) -----

player 5555(seat:7) doesn't need notify-msg
river/ 
HEARTS 5 
/river 

---river round bet---
valid player: 8, all in player: 0, fold player: 6

send notify msg to player 4444(seat:0) 
notify/ 
5555 1696 2000 304 call 
3333 1696 2000 304 raise 
8888 2000 2000 0 fold 
2222 2000 2000 0 fold 
7777 2000 2000 0 fold 
1111 2000 2000 0 fold 
6666 1960 2000 40 fold 
4444 1897 2000 103 fold 
total pot: 751 
/notify 

player 6666(seat:1) doesn't need notify-msg

player 1111(seat:2) doesn't need notify-msg

send notify msg to player 7777(seat:3) 
notify/ 
1111 2000 2000 0 fold 
6666 1960 2000 40 fold 
4444 1897 2000 103 fold 
5555 1696 2000 304 call 
3333 1696 2000 304 raise 
8888 2000 2000 0 fold 
2222 2000 2000 0 fold 
7777 2000 2000 0 fold 
total pot: 751 
/notify 

player 2222(seat:4) doesn't need notify-msg

send notify msg to player 8888(seat:5) 
notify/ 
2222 2000 2000 0 fold 
7777 2000 2000 0 fold 
1111 2000 2000 0 fold 
6666 1960 2000 40 fold 
4444 1897 2000 103 fold 
5555 1696 2000 304 call 
3333 1696 2000 304 raise 
8888 2000 2000 0 fold 
total pot: 751 
/notify 

send inquire msg to player 3333(seat:6) 
inquire/ 
8888 2000 2000 0 fold 
2222 2000 2000 0 fold 
7777 2000 2000 0 fold 
1111 2000 2000 0 fold 
6666 1960 2000 40 fold 
4444 1897 2000 103 fold 
5555 1696 2000 304 call 
3333 1696 2000 304 raise 
total pot: 751 
/inquire 
recv from player 3333: check 

send inquire msg to player 5555(seat:7) 
inquire/ 
3333 1696 2000 304 check 
8888 2000 2000 0 fold 
2222 2000 2000 0 fold 
7777 2000 2000 0 fold 
1111 2000 2000 0 fold 
6666 1960 2000 40 fold 
4444 1897 2000 103 fold 
5555 1696 2000 304 call 
total pot: 751 
/inquire 
recv from player 5555: raise 580

send notify msg to player 4444(seat:0) 
notify/ 
5555 1116 2000 884 raise 
3333 1696 2000 304 check 
8888 2000 2000 0 fold 
2222 2000 2000 0 fold 
7777 2000 2000 0 fold 
1111 2000 2000 0 fold 
6666 1960 2000 40 fold 
4444 1897 2000 103 fold 
total pot: 1331 
/notify 

player 6666(seat:1) doesn't need notify-msg

player 1111(seat:2) doesn't need notify-msg

send notify msg to player 7777(seat:3) 
notify/ 
1111 2000 2000 0 fold 
6666 1960 2000 40 fold 
4444 1897 2000 103 fold 
5555 1116 2000 884 raise 
3333 1696 2000 304 check 
8888 2000 2000 0 fold 
2222 2000 2000 0 fold 
7777 2000 2000 0 fold 
total pot: 1331 
/notify 

player 2222(seat:4) doesn't need notify-msg

send notify msg to player 8888(seat:5) 
notify/ 
2222 2000 2000 0 fold 
7777 2000 2000 0 fold 
1111 2000 2000 0 fold 
6666 1960 2000 40 fold 
4444 1897 2000 103 fold 
5555 1116 2000 884 raise 
3333 1696 2000 304 check 
8888 2000 2000 0 fold 
total pot: 1331 
/notify 

send inquire msg to player 3333(seat:6) 
inquire/ 
8888 2000 2000 0 fold 
2222 2000 2000 0 fold 
7777 2000 2000 0 fold 
1111 2000 2000 0 fold 
6666 1960 2000 40 fold 
4444 1897 2000 103 fold 
5555 1116 2000 884 raise 
3333 1696 2000 304 check 
total pot: 1331 
/inquire 
recv from player 3333: fold 
valid player: 8, all in player: 0, fold player: 7

----- send notify msg from 7 to 6(exclude) -----

player 5555(seat:7) doesn't need notify-msg

send notify msg to player 4444(seat:0) 
notify/ 
5555 1116 2000 884 raise 
3333 1696 2000 304 fold 
8888 2000 2000 0 fold 
2222 2000 2000 0 fold 
7777 2000 2000 0 fold 
1111 2000 2000 0 fold 
6666 1960 2000 40 fold 
4444 1897 2000 103 fold 
total pot: 1331 
/notify 

player 6666(seat:1) doesn't need notify-msg

player 1111(seat:2) doesn't need notify-msg

send notify msg to player 7777(seat:3) 
notify/ 
1111 2000 2000 0 fold 
6666 1960 2000 40 fold 
4444 1897 2000 103 fold 
5555 1116 2000 884 raise 
3333 1696 2000 304 fold 
8888 2000 2000 0 fold 
2222 2000 2000 0 fold 
7777 2000 2000 0 fold 
total pot: 1331 
/notify 

player 2222(seat:4) doesn't need notify-msg

send notify msg to player 8888(seat:5) 
notify/ 
2222 2000 2000 0 fold 
7777 2000 2000 0 fold 
1111 2000 2000 0 fold 
6666 1960 2000 40 fold 
4444 1897 2000 103 fold 
5555 1116 2000 884 raise 
3333 1696 2000 304 fold 
8888 2000 2000 0 fold 
total pot: 1331 
/notify 

--- 1 players not fold, don't need show down---

---Allocate pot---
Only player at seat 7 not fold, win all the pot 1331
pot-win/ 
5555: 1331 
/pot-win 
it is player 4444's turn to be button

-----2 Hand-----

----- clean player data in socket -----
seat/ 
button: 4444 1897 2000 
small blind: 6666 1960 2000 
big blind: 1111 2000 2000 
7777 2000 2000 
2222 2000 2000 
8888 2000 2000 
3333 1696 2000 
5555 2447 2000 
/seat 
blind/ 
6666: 20 
1111: 40 
/blind 
player 6666:hold/ 
DIAMONDS 2 
HEARTS Q 
/hold 
player 1111:hold/ 
SPADES 9 
DIAMONDS 4 
/hold 
player 7777:hold/ 
CLUBS K 
DIAMONDS 5 
/hold 
player 2222:hold/ 
CLUBS 7 
SPADES 8 
/hold 
player 8888:hold/ 
DIAMONDS 10 
SPADES K 
/hold 
player 3333:hold/ 
CLUBS 2 
CLUBS 10 
/hold 
player 5555:hold/ 
CLUBS 5 
HEARTS A 
/hold 
player 4444:hold/ 
SPADES 2 
DIAMONDS 7 
/hold 

---pre flop round bet---
valid player: 8, all in player: 0, fold player: 0

send inquire msg to player 7777(seat:2) 
inquire/ 
1111 1960 2000 40 blind 
6666 1940 2000 20 blind 
total pot: 60 
/inquire 
recv from player 7777: fold 


send inquire msg to player 2222(seat:3) 
inquire/ 
7777 2000 2000 0 fold 
1111 1960 2000 40 blind 
6666 1940 2000 20 blind 
total pot: 60 
/inquire 
recv from player 2222: call 

send inquire msg to player 8888(seat:4) 
inquire/ 
2222 1960 2000 40 call 
7777 2000 2000 0 fold 
1111 1960 2000 40 blind 
6666 1940 2000 20 blind 
total pot: 100 
/inquire 
recv from player 8888: call 


send inquire msg to player 3333(seat:5) 
inquire/ 
8888 1960 2000 40 call 
2222 1960 2000 40 call 
7777 2000 2000 0 fold 
1111 1960 2000 40 blind 
6666 1940 2000 20 blind 
total pot: 140 
/inquire 
recv from player 3333: fold 

send inquire msg to player 5555(seat:6) 
inquire/ 
3333 1696 2000 0 fold 
8888 1960 2000 40 call 
2222 1960 2000 40 call 
7777 2000 2000 0 fold 
1111 1960 2000 40 blind 
6666 1940 2000 20 blind 
total pot: 140 
/inquire 
recv from player 5555: call

send inquire msg to player 4444(seat:7) 
inquire/ 
5555 2407 2000 40 call 
3333 1696 2000 0 fold 
8888 1960 2000 40 call 
2222 1960 2000 40 call 
7777 2000 2000 0 fold 
1111 1960 2000 40 blind 
6666 1940 2000 20 blind 
total pot: 180 
/inquire 
recv from player 4444: fold 


send inquire msg to player 6666(seat:0) 
inquire/ 
4444 1897 2000 0 fold 
5555 2407 2000 40 call 
3333 1696 2000 0 fold 
8888 1960 2000 40 call 
2222 1960 2000 40 call 
7777 2000 2000 0 fold 
1111 1960 2000 40 blind 
6666 1940 2000 20 blind 
total pot: 180 
/inquire 
recv from player 6666: fold 


send inquire msg to player 1111(seat:1) 
inquire/ 
6666 1940 2000 20 fold 
4444 1897 2000 0 fold 
5555 2407 2000 40 call 
3333 1696 2000 0 fold 
8888 1960 2000 40 call 
2222 1960 2000 40 call 
7777 2000 2000 0 fold 
1111 1960 2000 40 blind 
total pot: 180 
/inquire 
recv from player 1111: raise 83 


send notify msg to player 7777(seat:2) 
notify/ 
1111 1877 2000 123 raise 
6666 1940 2000 20 fold 
4444 1897 2000 0 fold 
5555 2407 2000 40 call 
3333 1696 2000 0 fold 
8888 1960 2000 40 call 
2222 1960 2000 40 call 
7777 2000 2000 0 fold 
total pot: 263 
/notify 

send inquire msg to player 2222(seat:3) 
inquire/ 
7777 2000 2000 0 fold 
1111 1877 2000 123 raise 
6666 1940 2000 20 fold 
4444 1897 2000 0 fold 
5555 2407 2000 40 call 
3333 1696 2000 0 fold 
8888 1960 2000 40 call 
2222 1960 2000 40 call 
total pot: 263 
/inquire 
recv from player 2222: call 

send inquire msg to player 8888(seat:4) 
inquire/ 
2222 1877 2000 123 call 
7777 2000 2000 0 fold 
1111 1877 2000 123 raise 
6666 1940 2000 20 fold 
4444 1897 2000 0 fold 
5555 2407 2000 40 call 
3333 1696 2000 0 fold 
8888 1960 2000 40 call 
total pot: 346 
/inquire 
recv from player 8888: call 


send notify msg to player 3333(seat:5) 
notify/ 
8888 1877 2000 123 call 
2222 1877 2000 123 call 
7777 2000 2000 0 fold 
1111 1877 2000 123 raise 
6666 1940 2000 20 fold 
4444 1897 2000 0 fold 
5555 2407 2000 40 call 
3333 1696 2000 0 fold 
total pot: 429 
/notify 

send inquire msg to player 5555(seat:6) 
inquire/ 
3333 1696 2000 0 fold 
8888 1877 2000 123 call 
2222 1877 2000 123 call 
7777 2000 2000 0 fold 
1111 1877 2000 123 raise 
6666 1940 2000 20 fold 
4444 1897 2000 0 fold 
5555 2407 2000 40 call 
total pot: 429 
/inquire 
recv from player 5555: fold
valid player: 8, all in player: 0, fold player: 5

----- send notify msg from 7 to 0(exclude) -----

send notify msg to player 4444(seat:7) 
notify/ 
5555 2407 2000 40 fold 
3333 1696 2000 0 fold 
8888 1877 2000 123 call 
2222 1877 2000 123 call 
7777 2000 2000 0 fold 
1111 1877 2000 123 raise 
6666 1940 2000 20 fold 
4444 1897 2000 0 fold 
total pot: 429 
/notify 
flop/ 
SPADES Q 
DIAMONDS 8 
DIAMONDS Q 
/flop 

---flop round bet---
valid player: 8, all in player: 0, fold player: 5

player 6666(seat:0) doesn't need notify-msg

send inquire msg to player 1111(seat:1) 
inquire/ 
6666 1940 2000 20 fold 
4444 1897 2000 0 fold 
5555 2407 2000 40 fold 
3333 1696 2000 0 fold 
8888 1877 2000 123 call 
2222 1877 2000 123 call 
7777 2000 2000 0 fold 
1111 1877 2000 123 raise 
total pot: 429 
/inquire 
recv from player 1111: raise 83 


send notify msg to player 7777(seat:2) 
notify/ 
1111 1794 2000 206 raise 
6666 1940 2000 20 fold 
4444 1897 2000 0 fold 
5555 2407 2000 40 fold 
3333 1696 2000 0 fold 
8888 1877 2000 123 call 
2222 1877 2000 123 call 
7777 2000 2000 0 fold 
total pot: 512 
/notify 

send inquire msg to player 2222(seat:3) 
inquire/ 
7777 2000 2000 0 fold 
1111 1794 2000 206 raise 
6666 1940 2000 20 fold 
4444 1897 2000 0 fold 
5555 2407 2000 40 fold 
3333 1696 2000 0 fold 
8888 1877 2000 123 call 
2222 1877 2000 123 call 
total pot: 512 
/inquire 
recv from player 2222: call 

send inquire msg to player 8888(seat:4) 
inquire/ 
2222 1794 2000 206 call 
7777 2000 2000 0 fold 
1111 1794 2000 206 raise 
6666 1940 2000 20 fold 
4444 1897 2000 0 fold 
5555 2407 2000 40 fold 
3333 1696 2000 0 fold 
8888 1877 2000 123 call 
total pot: 595 
/inquire 
recv from player 8888: fold 

valid player: 8, all in player: 0, fold player: 6

----- send notify msg from 5 to 0(exclude) -----

send notify msg to player 3333(seat:5) 
notify/ 
8888 1877 2000 123 fold 
2222 1794 2000 206 call 
7777 2000 2000 0 fold 
1111 1794 2000 206 raise 
6666 1940 2000 20 fold 
4444 1897 2000 0 fold 
5555 2407 2000 40 fold 
3333 1696 2000 0 fold 
total pot: 595 
/notify 

player 5555(seat:6) doesn't need notify-msg

send notify msg to player 4444(seat:7) 
notify/ 
5555 2407 2000 40 fold 
3333 1696 2000 0 fold 
8888 1877 2000 123 fold 
2222 1794 2000 206 call 
7777 2000 2000 0 fold 
1111 1794 2000 206 raise 
6666 1940 2000 20 fold 
4444 1897 2000 0 fold 
total pot: 595 
/notify 
turn/ 
DIAMONDS K 
/turn 

---turn round bet---
valid player: 8, all in player: 0, fold player: 6

player 6666(seat:0) doesn't need notify-msg

send inquire msg to player 1111(seat:1) 
inquire/ 
6666 1940 2000 20 fold 
4444 1897 2000 0 fold 
5555 2407 2000 40 fold 
3333 1696 2000 0 fold 
8888 1877 2000 123 fold 
2222 1794 2000 206 call 
7777 2000 2000 0 fold 
1111 1794 2000 206 raise 
total pot: 595 
/inquire 
recv from player 1111: raise 83 


send notify msg to player 7777(seat:2) 
notify/ 
1111 1711 2000 289 raise 
6666 1940 2000 20 fold 
4444 1897 2000 0 fold 
5555 2407 2000 40 fold 
3333 1696 2000 0 fold 
8888 1877 2000 123 fold 
2222 1794 2000 206 call 
7777 2000 2000 0 fold 
total pot: 678 
/notify 

send inquire msg to player 2222(seat:3) 
inquire/ 
7777 2000 2000 0 fold 
1111 1711 2000 289 raise 
6666 1940 2000 20 fold 
4444 1897 2000 0 fold 
5555 2407 2000 40 fold 
3333 1696 2000 0 fold 
8888 1877 2000 123 fold 
2222 1794 2000 206 call 
total pot: 678 
/inquire 
recv from player 2222: call 
valid player: 8, all in player: 0, fold player: 6

----- send notify msg from 4 to 0(exclude) -----

send notify msg to player 8888(seat:4) 
notify/ 
2222 1711 2000 289 call 
7777 2000 2000 0 fold 
1111 1711 2000 289 raise 
6666 1940 2000 20 fold 
4444 1897 2000 0 fold 
5555 2407 2000 40 fold 
3333 1696 2000 0 fold 
8888 1877 2000 123 fold 
total pot: 761 
/notify 

send notify msg to player 3333(seat:5) 
notify/ 
8888 1877 2000 123 fold 
2222 1711 2000 289 call 
7777 2000 2000 0 fold 
1111 1711 2000 289 raise 
6666 1940 2000 20 fold 
4444 1897 2000 0 fold 
5555 2407 2000 40 fold 
3333 1696 2000 0 fold 
total pot: 761 
/notify 

player 5555(seat:6) doesn't need notify-msg

send notify msg to player 4444(seat:7) 
notify/ 
5555 2407 2000 40 fold 
3333 1696 2000 0 fold 
8888 1877 2000 123 fold 
2222 1711 2000 289 call 
7777 2000 2000 0 fold 
1111 1711 2000 289 raise 
6666 1940 2000 20 fold 
4444 1897 2000 0 fold 
total pot: 761 
/notify 
river/ 
HEARTS K 
/river 

---river round bet---
valid player: 8, all in player: 0, fold player: 6

player 6666(seat:0) doesn't need notify-msg

send inquire msg to player 1111(seat:1) 
inquire/ 
6666 1940 2000 20 fold 
4444 1897 2000 0 fold 
5555 2407 2000 40 fold 
3333 1696 2000 0 fold 
8888 1877 2000 123 fold 
2222 1711 2000 289 call 
7777 2000 2000 0 fold 
1111 1711 2000 289 raise 
total pot: 761 
/inquire 
recv from player 1111: raise 83 


send notify msg to player 7777(seat:2) 
notify/ 
1111 1628 2000 372 raise 
6666 1940 2000 20 fold 
4444 1897 2000 0 fold 
5555 2407 2000 40 fold 
3333 1696 2000 0 fold 
8888 1877 2000 123 fold 
2222 1711 2000 289 call 
7777 2000 2000 0 fold 
total pot: 844 
/notify 

send inquire msg to player 2222(seat:3) 
inquire/ 
7777 2000 2000 0 fold 
1111 1628 2000 372 raise 
6666 1940 2000 20 fold 
4444 1897 2000 0 fold 
5555 2407 2000 40 fold 
3333 1696 2000 0 fold 
8888 1877 2000 123 fold 
2222 1711 2000 289 call 
total pot: 844 
/inquire 
recv from player 2222: fold 
valid player: 8, all in player: 0, fold player: 7

----- send notify msg from 4 to 3(exclude) -----

send notify msg to player 8888(seat:4) 
notify/ 
2222 1711 2000 289 fold 
7777 2000 2000 0 fold 
1111 1628 2000 372 raise 
6666 1940 2000 20 fold 
4444 1897 2000 0 fold 
5555 2407 2000 40 fold 
3333 1696 2000 0 fold 
8888 1877 2000 123 fold 
total pot: 844 
/notify 

send notify msg to player 3333(seat:5) 
notify/ 
8888 1877 2000 123 fold 
2222 1711 2000 289 fold 
7777 2000 2000 0 fold 
1111 1628 2000 372 raise 
6666 1940 2000 20 fold 
4444 1897 2000 0 fold 
5555 2407 2000 40 fold 
3333 1696 2000 0 fold 
total pot: 844 
/notify 

player 5555(seat:6) doesn't need notify-msg

send notify msg to player 4444(seat:7) 
notify/ 
5555 2407 2000 40 fold 
3333 1696 2000 0 fold 
8888 1877 2000 123 fold 
2222 1711 2000 289 fold 
7777 2000 2000 0 fold 
1111 1628 2000 372 raise 
6666 1940 2000 20 fold 
4444 1897 2000 0 fold 
total pot: 844 
/notify 

player 6666(seat:0) doesn't need notify-msg

player 1111(seat:1) doesn't need notify-msg

send notify msg to player 7777(seat:2) 
notify/ 
1111 1628 2000 372 raise 
6666 1940 2000 20 fold 
4444 1897 2000 0 fold 
5555 2407 2000 40 fold 
3333 1696 2000 0 fold 
8888 1877 2000 123 fold 
2222 1711 2000 289 fold 
7777 2000 2000 0 fold 
total pot: 844 
/notify 

--- 1 players not fold, don't need show down---

---Allocate pot---
Only player at seat 1 not fold, win all the pot 844
pot-win/ 
1111: 844 
/pot-win 
it is player 6666's turn to be button

-----3 Hand-----

----- clean player data in socket -----
seat/ 
button: 6666 1940 2000 
small blind: 1111 2472 2000 
big blind: 7777 2000 2000 
2222 1711 2000 
8888 1877 2000 
3333 1696 2000 
5555 2407 2000 
4444 1897 2000 
/seat 
blind/ 
1111: 20 
7777: 40 
/blind 
player 1111:hold/ 
DIAMONDS 8 
DIAMONDS K 
/hold 
player 7777:hold/ 
CLUBS 4 
HEARTS 3 
/hold 
player 2222:hold/ 
DIAMONDS 2 
SPADES 3 
/hold 
player 8888:hold/ 
CLUBS 6 
HEARTS K 
/hold 
player 3333:hold/ 
HEARTS 2 
DIAMONDS A 
/hold 
player 5555:hold/ 
HEARTS 8 
HEARTS Q 
/hold 
player 4444:hold/ 
CLUBS Q 
SPADES 4 
/hold 
player 6666:hold/ 
SPADES 6 
DIAMONDS 9 
/hold 

---pre flop round bet---
valid player: 8, all in player: 0, fold player: 0

send inquire msg to player 2222(seat:2) 
inquire/ 
7777 1960 2000 40 blind 
1111 2452 2000 20 blind 
total pot: 60 
/inquire 
recv from player 2222: fold 

send inquire msg to player 8888(seat:3) 
inquire/ 
2222 1711 2000 0 fold 
7777 1960 2000 40 blind 
1111 2452 2000 20 blind 
total pot: 60 
/inquire 
recv from player 8888: fold 


send inquire msg to player 3333(seat:4) 
inquire/ 
8888 1877 2000 0 fold 
2222 1711 2000 0 fold 
7777 1960 2000 40 blind 
1111 2452 2000 20 blind 
total pot: 60 
/inquire 
recv from player 3333: fold 

send inquire msg to player 5555(seat:5) 
inquire/ 
3333 1696 2000 0 fold 
8888 1877 2000 0 fold 
2222 1711 2000 0 fold 
7777 1960 2000 40 blind 
1111 2452 2000 20 blind 
total pot: 60 
/inquire 
recv from player 5555: call

send inquire msg to player 4444(seat:6) 
inquire/ 
5555 2367 2000 40 call 
3333 1696 2000 0 fold 
8888 1877 2000 0 fold 
2222 1711 2000 0 fold 
7777 1960 2000 40 blind 
1111 2452 2000 20 blind 
total pot: 100 
/inquire 
recv from player 4444: fold 


send inquire msg to player 6666(seat:7) 
inquire/ 
4444 1897 2000 0 fold 
5555 2367 2000 40 call 
3333 1696 2000 0 fold 
8888 1877 2000 0 fold 
2222 1711 2000 0 fold 
7777 1960 2000 40 blind 
1111 2452 2000 20 blind 
total pot: 100 
/inquire 
recv from player 6666: fold 


send inquire msg to player 1111(seat:0) 
inquire/ 
6666 1940 2000 0 fold 
4444 1897 2000 0 fold 
5555 2367 2000 40 call 
3333 1696 2000 0 fold 
8888 1877 2000 0 fold 
2222 1711 2000 0 fold 
7777 1960 2000 40 blind 
1111 2452 2000 20 blind 
total pot: 100 
/inquire 
recv from player 1111: raise 83 


send inquire msg to player 7777(seat:1) 
inquire/ 
1111 2349 2000 123 raise 
6666 1940 2000 0 fold 
4444 1897 2000 0 fold 
5555 2367 2000 40 call 
3333 1696 2000 0 fold 
8888 1877 2000 0 fold 
2222 1711 2000 0 fold 
7777 1960 2000 40 blind 
total pot: 203 
/inquire 
recv from player 7777: fold 


player 2222(seat:2) doesn't need notify-msg

send notify msg to player 8888(seat:3) 
notify/ 
2222 1711 2000 0 fold 
7777 1960 2000 40 fold 
1111 2349 2000 123 raise 
6666 1940 2000 0 fold 
4444 1897 2000 0 fold 
5555 2367 2000 40 call 
3333 1696 2000 0 fold 
8888 1877 2000 0 fold 
total pot: 203 
/notify 

send notify msg to player 3333(seat:4) 
notify/ 
8888 1877 2000 0 fold 
2222 1711 2000 0 fold 
7777 1960 2000 40 fold 
1111 2349 2000 123 raise 
6666 1940 2000 0 fold 
4444 1897 2000 0 fold 
5555 2367 2000 40 call 
3333 1696 2000 0 fold 
total pot: 203 
/notify 

send inquire msg to player 5555(seat:5) 
inquire/ 
3333 1696 2000 0 fold 
8888 1877 2000 0 fold 
2222 1711 2000 0 fold 
7777 1960 2000 40 fold 
1111 2349 2000 123 raise 
6666 1940 2000 0 fold 
4444 1897 2000 0 fold 
5555 2367 2000 40 call 
total pot: 203 
/inquire 
recv from player 5555: call
valid player: 8, all in player: 0, fold player: 6

----- send notify msg from 6 to 0(exclude) -----

send notify msg to player 4444(seat:6) 
notify/ 
5555 2284 2000 123 call 
3333 1696 2000 0 fold 
8888 1877 2000 0 fold 
2222 1711 2000 0 fold 
7777 1960 2000 40 fold 
1111 2349 2000 123 raise 
6666 1940 2000 0 fold 
4444 1897 2000 0 fold 
total pot: 286 
/notify 

player 6666(seat:7) doesn't need notify-msg
flop/ 
CLUBS 8 
CLUBS A 
DIAMONDS Q 
/flop 

---flop round bet---
valid player: 8, all in player: 0, fold player: 6

send inquire msg to player 1111(seat:0) 
inquire/ 
6666 1940 2000 0 fold 
4444 1897 2000 0 fold 
5555 2284 2000 123 call 
3333 1696 2000 0 fold 
8888 1877 2000 0 fold 
2222 1711 2000 0 fold 
7777 1960 2000 40 fold 
1111 2349 2000 123 raise 
total pot: 286 
/inquire 
recv from player 1111: raise 83 


send notify msg to player 7777(seat:1) 
notify/ 
1111 2266 2000 206 raise 
6666 1940 2000 0 fold 
4444 1897 2000 0 fold 
5555 2284 2000 123 call 
3333 1696 2000 0 fold 
8888 1877 2000 0 fold 
2222 1711 2000 0 fold 
7777 1960 2000 40 fold 
total pot: 369 
/notify 

player 2222(seat:2) doesn't need notify-msg

send notify msg to player 8888(seat:3) 
notify/ 
2222 1711 2000 0 fold 
7777 1960 2000 40 fold 
1111 2266 2000 206 raise 
6666 1940 2000 0 fold 
4444 1897 2000 0 fold 
5555 2284 2000 123 call 
3333 1696 2000 0 fold 
8888 1877 2000 0 fold 
total pot: 369 
/notify 

send notify msg to player 3333(seat:4) 
notify/ 
8888 1877 2000 0 fold 
2222 1711 2000 0 fold 
7777 1960 2000 40 fold 
1111 2266 2000 206 raise 
6666 1940 2000 0 fold 
4444 1897 2000 0 fold 
5555 2284 2000 123 call 
3333 1696 2000 0 fold 
total pot: 369 
/notify 

send inquire msg to player 5555(seat:5) 
inquire/ 
3333 1696 2000 0 fold 
8888 1877 2000 0 fold 
2222 1711 2000 0 fold 
7777 1960 2000 40 fold 
1111 2266 2000 206 raise 
6666 1940 2000 0 fold 
4444 1897 2000 0 fold 
5555 2284 2000 123 call 
total pot: 369 
/inquire 
recv from player 5555: call
valid player: 8, all in player: 0, fold player: 6

----- send notify msg from 6 to 0(exclude) -----

send notify msg to player 4444(seat:6) 
notify/ 
5555 2201 2000 206 call 
3333 1696 2000 0 fold 
8888 1877 2000 0 fold 
2222 1711 2000 0 fold 
7777 1960 2000 40 fold 
1111 2266 2000 206 raise 
6666 1940 2000 0 fold 
4444 1897 2000 0 fold 
total pot: 452 
/notify 

player 6666(seat:7) doesn't need notify-msg
turn/ 
HEARTS 9 
/turn 

---turn round bet---
valid player: 8, all in player: 0, fold player: 6

send inquire msg to player 1111(seat:0) 
inquire/ 
6666 1940 2000 0 fold 
4444 1897 2000 0 fold 
5555 2201 2000 206 call 
3333 1696 2000 0 fold 
8888 1877 2000 0 fold 
2222 1711 2000 0 fold 
7777 1960 2000 40 fold 
1111 2266 2000 206 raise 
total pot: 452 
/inquire 
recv from player 1111: raise 83 


send notify msg to player 7777(seat:1) 
notify/ 
1111 2183 2000 289 raise 
6666 1940 2000 0 fold 
4444 1897 2000 0 fold 
5555 2201 2000 206 call 
3333 1696 2000 0 fold 
8888 1877 2000 0 fold 
2222 1711 2000 0 fold 
7777 1960 2000 40 fold 
total pot: 535 
/notify 

player 2222(seat:2) doesn't need notify-msg

send notify msg to player 8888(seat:3) 
notify/ 
2222 1711 2000 0 fold 
7777 1960 2000 40 fold 
1111 2183 2000 289 raise 
6666 1940 2000 0 fold 
4444 1897 2000 0 fold 
5555 2201 2000 206 call 
3333 1696 2000 0 fold 
8888 1877 2000 0 fold 
total pot: 535 
/notify 

send notify msg to player 3333(seat:4) 
notify/ 
8888 1877 2000 0 fold 
2222 1711 2000 0 fold 
7777 1960 2000 40 fold 
1111 2183 2000 289 raise 
6666 1940 2000 0 fold 
4444 1897 2000 0 fold 
5555 2201 2000 206 call 
3333 1696 2000 0 fold 
total pot: 535 
/notify 

send inquire msg to player 5555(seat:5) 
inquire/ 
3333 1696 2000 0 fold 
8888 1877 2000 0 fold 
2222 1711 2000 0 fold 
7777 1960 2000 40 fold 
1111 2183 2000 289 raise 
6666 1940 2000 0 fold 
4444 1897 2000 0 fold 
5555 2201 2000 206 call 
total pot: 535 
/inquire 
recv from player 5555: call
valid player: 8, all in player: 0, fold player: 6

----- send notify msg from 6 to 0(exclude) -----

send notify msg to player 4444(seat:6) 
notify/ 
5555 2118 2000 289 call 
3333 1696 2000 0 fold 
8888 1877 2000 0 fold 
2222 1711 2000 0 fold 
7777 1960 2000 40 fold 
1111 2183 2000 289 raise 
6666 1940 2000 0 fold 
4444 1897 2000 0 fold 
total pot: 618 
/notify 

player 6666(seat:7) doesn't need notify-msg
river/ 
DIAMONDS 10 
/river 

---river round bet---
valid player: 8, all in player: 0, fold player: 6

send inquire msg to player 1111(seat:0) 
inquire/ 
6666 1940 2000 0 fold 
4444 1897 2000 0 fold 
5555 2118 2000 289 call 
3333 1696 2000 0 fold 
8888 1877 2000 0 fold 
2222 1711 2000 0 fold 
7777 1960 2000 40 fold 
1111 2183 2000 289 raise 
total pot: 618 
/inquire 
recv from player 1111: raise 83 


send notify msg to player 7777(seat:1) 
notify/ 
1111 2100 2000 372 raise 
6666 1940 2000 0 fold 
4444 1897 2000 0 fold 
5555 2118 2000 289 call 
3333 1696 2000 0 fold 
8888 1877 2000 0 fold 
2222 1711 2000 0 fold 
7777 1960 2000 40 fold 
total pot: 701 
/notify 

player 2222(seat:2) doesn't need notify-msg

send notify msg to player 8888(seat:3) 
notify/ 
2222 1711 2000 0 fold 
7777 1960 2000 40 fold 
1111 2100 2000 372 raise 
6666 1940 2000 0 fold 
4444 1897 2000 0 fold 
5555 2118 2000 289 call 
3333 1696 2000 0 fold 
8888 1877 2000 0 fold 
total pot: 701 
/notify 

send notify msg to player 3333(seat:4) 
notify/ 
8888 1877 2000 0 fold 
2222 1711 2000 0 fold 
7777 1960 2000 40 fold 
1111 2100 2000 372 raise 
6666 1940 2000 0 fold 
4444 1897 2000 0 fold 
5555 2118 2000 289 call 
3333 1696 2000 0 fold 
total pot: 701 
/notify 

send inquire msg to player 5555(seat:5) 
inquire/ 
3333 1696 2000 0 fold 
8888 1877 2000 0 fold 
2222 1711 2000 0 fold 
7777 1960 2000 40 fold 
1111 2100 2000 372 raise 
6666 1940 2000 0 fold 
4444 1897 2000 0 fold 
5555 2118 2000 289 call 
total pot: 701 
/inquire 
recv from player 5555: raise 420

send notify msg to player 4444(seat:6) 
notify/ 
5555 1615 2000 792 raise 
3333 1696 2000 0 fold 
8888 1877 2000 0 fold 
2222 1711 2000 0 fold 
7777 1960 2000 40 fold 
1111 2100 2000 372 raise 
6666 1940 2000 0 fold 
4444 1897 2000 0 fold 
total pot: 1204 
/notify 

player 6666(seat:7) doesn't need notify-msg

send inquire msg to player 1111(seat:0) 
inquire/ 
6666 1940 2000 0 fold 
4444 1897 2000 0 fold 
5555 1615 2000 792 raise 
3333 1696 2000 0 fold 
8888 1877 2000 0 fold 
2222 1711 2000 0 fold 
7777 1960 2000 40 fold 
1111 2100 2000 372 raise 
total pot: 1204 
/inquire 
recv from player 1111: fold 

valid player: 8, all in player: 0, fold player: 7

----- send notify msg from 1 to 0(exclude) -----

send notify msg to player 7777(seat:1) 
notify/ 
1111 2100 2000 372 fold 
6666 1940 2000 0 fold 
4444 1897 2000 0 fold 
5555 1615 2000 792 raise 
3333 1696 2000 0 fold 
8888 1877 2000 0 fold 
2222 1711 2000 0 fold 
7777 1960 2000 40 fold 
total pot: 1204 
/notify 

player 2222(seat:2) doesn't need notify-msg

send notify msg to player 8888(seat:3) 
notify/ 
2222 1711 2000 0 fold 
7777 1960 2000 40 fold 
1111 2100 2000 372 fold 
6666 1940 2000 0 fold 
4444 1897 2000 0 fold 
5555 1615 2000 792 raise 
3333 1696 2000 0 fold 
8888 1877 2000 0 fold 
total pot: 1204 
/notify 

send notify msg to player 3333(seat:4) 
notify/ 
8888 1877 2000 0 fold 
2222 1711 2000 0 fold 
7777 1960 2000 40 fold 
1111 2100 2000 372 fold 
6666 1940 2000 0 fold 
4444 1897 2000 0 fold 
5555 1615 2000 792 raise 
3333 1696 2000 0 fold 
total pot: 1204 
/notify 

player 5555(seat:5) doesn't need notify-msg

send notify msg to player 4444(seat:6) 
notify/ 
5555 1615 2000 792 raise 
3333 1696 2000 0 fold 
8888 1877 2000 0 fold 
2222 1711 2000 0 fold 
7777 1960 2000 40 fold 
1111 2100 2000 372 fold 
6666 1940 2000 0 fold 
4444 1897 2000 0 fold 
total pot: 1204 
/notify 

player 6666(seat:7) doesn't need notify-msg

--- 1 players not fold, don't need show down---

---Allocate pot---
Only player at seat 5 not fold, win all the pot 1204
pot-win/ 
5555: 1204 
/pot-win 
it is player 1111's turn to be button

-----4 Hand-----

----- clean player data in socket -----
seat/ 
button: 1111 2100 2000 
small blind: 7777 1960 2000 
big blind: 2222 1711 2000 
8888 1877 2000 
3333 1696 2000 
5555 2819 2000 
4444 1897 2000 
6666 1940 2000 
/seat 
blind/ 
7777: 20 
2222: 40 
/blind 
player 7777:hold/ 
CLUBS 4 
DIAMONDS 7 
/hold 
player 2222:hold/ 
SPADES 8 
CLUBS 3 
/hold 
player 8888:hold/ 
DIAMONDS 4 
SPADES 10 
/hold 
player 3333:hold/ 
CLUBS K 
HEARTS 4 
/hold 
player 5555:hold/ 
CLUBS 10 
CLUBS 6 
/hold 
player 4444:hold/ 
DIAMONDS Q 
SPADES 3 
/hold 
player 6666:hold/ 
SPADES 5 
CLUBS 7 
/hold 
player 1111:hold/ 
DIAMONDS 2 
HEARTS 5 
/hold 

---pre flop round bet---
valid player: 8, all in player: 0, fold player: 0

send inquire msg to player 8888(seat:2) 
inquire/ 
2222 1671 2000 40 blind 
7777 1940 2000 20 blind 
total pot: 60 
/inquire 
recv from player 8888: fold 


send inquire msg to player 3333(seat:3) 
inquire/ 
8888 1877 2000 0 fold 
2222 1671 2000 40 blind 
7777 1940 2000 20 blind 
total pot: 60 
/inquire 
recv from player 3333: fold 

send inquire msg to player 5555(seat:4) 
inquire/ 
3333 1696 2000 0 fold 
8888 1877 2000 0 fold 
2222 1671 2000 40 blind 
7777 1940 2000 20 blind 
total pot: 60 
/inquire 
recv from player 5555: fold

send inquire msg to player 4444(seat:5) 
inquire/ 
5555 2819 2000 0 fold 
3333 1696 2000 0 fold 
8888 1877 2000 0 fold 
2222 1671 2000 40 blind 
7777 1940 2000 20 blind 
total pot: 60 
/inquire 
recv from player 4444: fold 


send inquire msg to player 6666(seat:6) 
inquire/ 
4444 1897 2000 0 fold 
5555 2819 2000 0 fold 
3333 1696 2000 0 fold 
8888 1877 2000 0 fold 
2222 1671 2000 40 blind 
7777 1940 2000 20 blind 
total pot: 60 
/inquire 
recv from player 6666: fold 


send inquire msg to player 1111(seat:7) 
inquire/ 
6666 1940 2000 0 fold 
4444 1897 2000 0 fold 
5555 2819 2000 0 fold 
3333 1696 2000 0 fold 
8888 1877 2000 0 fold 
2222 1671 2000 40 blind 
7777 1940 2000 20 blind 
total pot: 60 
/inquire 
recv from player 1111: raise 83 


send inquire msg to player 7777(seat:0) 
inquire/ 
1111 1977 2000 123 raise 
6666 1940 2000 0 fold 
4444 1897 2000 0 fold 
5555 2819 2000 0 fold 
3333 1696 2000 0 fold 
8888 1877 2000 0 fold 
2222 1671 2000 40 blind 
7777 1940 2000 20 blind 
total pot: 183 
/inquire 
recv from player 7777: fold 


send inquire msg to player 2222(seat:1) 
inquire/ 
7777 1940 2000 20 fold 
1111 1977 2000 123 raise 
6666 1940 2000 0 fold 
4444 1897 2000 0 fold 
5555 2819 2000 0 fold 
3333 1696 2000 0 fold 
8888 1877 2000 0 fold 
2222 1671 2000 40 blind 
total pot: 183 
/inquire 
recv from player 2222: fold 
valid player: 8, all in player: 0, fold player: 7

----- send notify msg from 2 to 1(exclude) -----

send notify msg to player 8888(seat:2) 
notify/ 
2222 1671 2000 40 fold 
7777 1940 2000 20 fold 
1111 1977 2000 123 raise 
6666 1940 2000 0 fold 
4444 1897 2000 0 fold 
5555 2819 2000 0 fold 
3333 1696 2000 0 fold 
8888 1877 2000 0 fold 
total pot: 183 
/notify 

send notify msg to player 3333(seat:3) 
notify/ 
8888 1877 2000 0 fold 
2222 1671 2000 40 fold 
7777 1940 2000 20 fold 
1111 1977 2000 123 raise 
6666 1940 2000 0 fold 
4444 1897 2000 0 fold 
5555 2819 2000 0 fold 
3333 1696 2000 0 fold 
total pot: 183 
/notify 

player 5555(seat:4) doesn't need notify-msg

send notify msg to player 4444(seat:5) 
notify/ 
5555 2819 2000 0 fold 
3333 1696 2000 0 fold 
8888 1877 2000 0 fold 
2222 1671 2000 40 fold 
7777 1940 2000 20 fold 
1111 1977 2000 123 raise 
6666 1940 2000 0 fold 
4444 1897 2000 0 fold 
total pot: 183 
/notify 

player 6666(seat:6) doesn't need notify-msg

player 1111(seat:7) doesn't need notify-msg

send notify msg to player 7777(seat:0) 
notify/ 
1111 1977 2000 123 raise 
6666 1940 2000 0 fold 
4444 1897 2000 0 fold 
5555 2819 2000 0 fold 
3333 1696 2000 0 fold 
8888 1877 2000 0 fold 
2222 1671 2000 40 fold 
7777 1940 2000 20 fold 
total pot: 183 
/notify 

---flop round bet---
valid player: 8, all in player: 0, fold player: 7

---turn round bet---
valid player: 8, all in player: 0, fold player: 7

---river round bet---
valid player: 8, all in player: 0, fold player: 7

--- 1 players not fold, don't need show down---

---Allocate pot---
Only player at seat 7 not fold, win all the pot 183
pot-win/ 
1111: 183 
/pot-win 
it is player 7777's turn to be button

-----5 Hand-----

----- clean player data in socket -----
seat/ 
button: 7777 1940 2000 
small blind: 2222 1671 2000 
big blind: 8888 1877 2000 
3333 1696 2000 
5555 2819 2000 
4444 1897 2000 
6666 1940 2000 
1111 2160 2000 
/seat 
blind/ 
2222: 20 
8888: 40 
/blind 
player 2222:hold/ 
DIAMONDS Q 
HEARTS Q 
/hold 
player 8888:hold/ 
HEARTS 7 
SPADES 2 
/hold 
player 3333:hold/ 
HEARTS K 
SPADES 8 
/hold 
player 5555:hold/ 
CLUBS 10 
SPADES 10 
/hold 
player 4444:hold/ 
CLUBS 3 
CLUBS 9 
/hold 
player 6666:hold/ 
HEARTS 8 
SPADES 6 
/hold 
player 1111:hold/ 
CLUBS 5 
CLUBS A 
/hold 
player 7777:hold/ 
SPADES 4 
CLUBS J 
/hold 

---pre flop round bet---
valid player: 8, all in player: 0, fold player: 0

send inquire msg to player 3333(seat:2) 
inquire/ 
8888 1837 2000 40 blind 
2222 1651 2000 20 blind 
total pot: 60 
/inquire 
recv from player 3333: fold 

send inquire msg to player 5555(seat:3) 
inquire/ 
3333 1696 2000 0 fold 
8888 1837 2000 40 blind 
2222 1651 2000 20 blind 
total pot: 60 
/inquire 
recv from player 5555: call

send inquire msg to player 4444(seat:4) 
inquire/ 
5555 2779 2000 40 call 
3333 1696 2000 0 fold 
8888 1837 2000 40 blind 
2222 1651 2000 20 blind 
total pot: 100 
/inquire 
recv from player 4444: fold 


send inquire msg to player 6666(seat:5) 
inquire/ 
