

===VERSION 1.24===
---GAME START @ 2015-5-24-18-57-17---

wait registration for 30 seconds
reg: 2222 new 
reg: 3333 DSB  reg: 1111 _tomjerrydavi need_notify 
reg: 5555 DSB  reg: 8888 Ty_lxx 
reg: 6666 Ty_lxx 
reg: 4444 _tomjerrydavi need_notify 
reg: 7777 cleverbot need_notify 
close registration

-----1 Hand-----

----- clean player data in socket -----
seat/ 
button: 1111 2000 2000 
small blind: 7777 2000 2000 
big blind: 3333 2000 2000 
8888 2000 2000 
4444 2000 2000 
5555 2000 2000 
6666 2000 2000 
2222 2000 2000 
/seat 
blind/ 
7777: 20 
3333: 40 
/blind 
player 7777:hold/ 
HEARTS 4 
HEARTS 5 
/hold 
player 3333:hold/ 
SPADES 7 
DIAMONDS Q 
/hold 
player 8888:hold/ 
HEARTS 6 
HEARTS K 
/hold 
player 4444:hold/ 
CLUBS 6 
DIAMONDS 8 
/hold 
player 5555:hold/ 
CLUBS A 
HEARTS 2 
/hold 
player 6666:hold/ 
CLUBS 8 
CLUBS 10 
/hold 
player 2222:hold/ 
CLUBS 3 
CLUBS 5 
/hold 
player 1111:hold/ 
SPADES K 
HEARTS 10 
/hold 

---pre flop round bet---
valid player: 8, all in player: 0, fold player: 0
send inquire msg to player 8888 
inquire/ 
3333 1960 2000 40 blind 
7777 1980 2000 20 blind 
total pot: 60 
/inquire 
recv from player 8888: fold 

send inquire msg to player 4444 
inquire/ 
8888 2000 2000 0 fold 
3333 1960 2000 40 blind 
7777 1980 2000 20 blind 
total pot: 60 
/inquire 
recv from player 4444: fold 

send inquire msg to player 5555 
inquire/ 
4444 2000 2000 0 fold 
8888 2000 2000 0 fold 
3333 1960 2000 40 blind 
7777 1980 2000 20 blind 
total pot: 60 
/inquire 
recv from player 5555: call 
send inquire msg to player 6666 
inquire/ 
5555 1960 2000 40 call 
4444 2000 2000 0 fold 
8888 2000 2000 0 fold 
3333 1960 2000 40 blind 
7777 1980 2000 20 blind 
total pot: 100 
/inquire 
recv from player 6666: fold 

send inquire msg to player 2222 
inquire/ 
6666 2000 2000 0 fold 
5555 1960 2000 40 call 
4444 2000 2000 0 fold 
8888 2000 2000 0 fold 
3333 1960 2000 40 blind 
7777 1980 2000 20 blind 
total pot: 100 
/inquire 
recv from player 2222: fold 

send inquire msg to player 1111 
inquire/ 
2222 2000 2000 0 fold 
6666 2000 2000 0 fold 
5555 1960 2000 40 call 
4444 2000 2000 0 fold 
8888 2000 2000 0 fold 
3333 1960 2000 40 blind 
7777 1980 2000 20 blind 
total pot: 100 
/inquire 
recv from player 1111: call 

send inquire msg to player 7777 
inquire/ 
1111 1960 2000 40 call 
2222 2000 2000 0 fold 
6666 2000 2000 0 fold 
5555 1960 2000 40 call 
4444 2000 2000 0 fold 
8888 2000 2000 0 fold 
3333 1960 2000 40 blind 
7777 1980 2000 20 blind 
total pot: 140 
/inquire 
recv from player 7777: fold 

send inquire msg to player 3333 
inquire/ 
7777 1980 2000 20 fold 
1111 1960 2000 40 call 
2222 2000 2000 0 fold 
6666 2000 2000 0 fold 
5555 1960 2000 40 call 
4444 2000 2000 0 fold 
8888 2000 2000 0 fold 
3333 1960 2000 40 blind 
total pot: 140 
/inquire 
recv from player 3333: call 
flop/ 
HEARTS A 
CLUBS 4 
SPADES 4 
/flop 

---flop round bet---
valid player: 8, all in player: 0, fold player: 5
send notify msg to player 7777 
notify/ 
1111 1960 2000 40 call 
2222 2000 2000 0 fold 
6666 2000 2000 0 fold 
5555 1960 2000 40 call 
4444 2000 2000 0 fold 
8888 2000 2000 0 fold 
3333 1960 2000 40 check 
7777 1980 2000 20 fold 
total pot: 140 
/notify 
send inquire msg to player 3333 
inquire/ 
7777 1980 2000 20 fold 
1111 1960 2000 40 call 
2222 2000 2000 0 fold 
6666 2000 2000 0 fold 
5555 1960 2000 40 call 
4444 2000 2000 0 fold 
8888 2000 2000 0 fold 
3333 1960 2000 40 check 
total pot: 140 
/inquire 
recv from player 3333: check 
send notify msg to player 4444 
notify/ 
8888 2000 2000 0 fold 
3333 1960 2000 40 check 
7777 1980 2000 20 fold 
1111 1960 2000 40 call 
2222 2000 2000 0 fold 
6666 2000 2000 0 fold 
5555 1960 2000 40 call 
4444 2000 2000 0 fold 
total pot: 140 
/notify 
send inquire msg to player 5555 
inquire/ 
4444 2000 2000 0 fold 
8888 2000 2000 0 fold 
3333 1960 2000 40 check 
7777 1980 2000 20 fold 
1111 1960 2000 40 call 
2222 2000 2000 0 fold 
6666 2000 2000 0 fold 
5555 1960 2000 40 call 
total pot: 140 
/inquire 
recv from player 5555: call 
send inquire msg to player 1111 
inquire/ 
2222 2000 2000 0 fold 
6666 2000 2000 0 fold 
5555 1960 2000 40 check 
4444 2000 2000 0 fold 
8888 2000 2000 0 fold 
3333 1960 2000 40 check 
7777 1980 2000 20 fold 
1111 1960 2000 40 call 
total pot: 140 
/inquire 
recv from player 1111: check 

turn/ 
HEARTS J 
/turn 

---turn round bet---
valid player: 8, all in player: 0, fold player: 5
send notify msg to player 7777 
notify/ 
1111 1960 2000 40 check 
2222 2000 2000 0 fold 
6666 2000 2000 0 fold 
5555 1960 2000 40 check 
4444 2000 2000 0 fold 
8888 2000 2000 0 fold 
3333 1960 2000 40 check 
7777 1980 2000 20 fold 
total pot: 140 
/notify 
send inquire msg to player 3333 
inquire/ 
7777 1980 2000 20 fold 
1111 1960 2000 40 check 
2222 2000 2000 0 fold 
6666 2000 2000 0 fold 
5555 1960 2000 40 check 
4444 2000 2000 0 fold 
8888 2000 2000 0 fold 
3333 1960 2000 40 check 
total pot: 140 
/inquire 
recv from player 3333: check 
send notify msg to player 4444 
notify/ 
8888 2000 2000 0 fold 
3333 1960 2000 40 check 
7777 1980 2000 20 fold 
1111 1960 2000 40 check 
2222 2000 2000 0 fold 
6666 2000 2000 0 fold 
5555 1960 2000 40 check 
4444 2000 2000 0 fold 
total pot: 140 
/notify 
send inquire msg to player 5555 
inquire/ 
4444 2000 2000 0 fold 
8888 2000 2000 0 fold 
3333 1960 2000 40 check 
7777 1980 2000 20 fold 
1111 1960 2000 40 check 
2222 2000 2000 0 fold 
6666 2000 2000 0 fold 
5555 1960 2000 40 check 
total pot: 140 
/inquire 
recv from player 5555: check 
send inquire msg to player 1111 
inquire/ 
2222 2000 2000 0 fold 
6666 2000 2000 0 fold 
5555 1960 2000 40 check 
4444 2000 2000 0 fold 
8888 2000 2000 0 fold 
3333 1960 2000 40 check 
7777 1980 2000 20 fold 
1111 1960 2000 40 check 
total pot: 140 
/inquire 
recv from player 1111: check 

river/ 
SPADES 8 
/river 

---river round bet---
valid player: 8, all in player: 0, fold player: 5
send notify msg to player 7777 
notify/ 
1111 1960 2000 40 check 
2222 2000 2000 0 fold 
6666 2000 2000 0 fold 
5555 1960 2000 40 check 
4444 2000 2000 0 fold 
8888 2000 2000 0 fold 
3333 1960 2000 40 check 
7777 1980 2000 20 fold 
total pot: 140 
/notify 
send inquire msg to player 3333 
inquire/ 
7777 1980 2000 20 fold 
1111 1960 2000 40 check 
2222 2000 2000 0 fold 
6666 2000 2000 0 fold 
5555 1960 2000 40 check 
4444 2000 2000 0 fold 
8888 2000 2000 0 fold 
3333 1960 2000 40 check 
total pot: 140 
/inquire 
recv from player 3333: check 
send notify msg to player 4444 
notify/ 
8888 2000 2000 0 fold 
3333 1960 2000 40 check 
7777 1980 2000 20 fold 
1111 1960 2000 40 check 
2222 2000 2000 0 fold 
6666 2000 2000 0 fold 
5555 1960 2000 40 check 
4444 2000 2000 0 fold 
total pot: 140 
/notify 
send inquire msg to player 5555 
inquire/ 
4444 2000 2000 0 fold 
8888 2000 2000 0 fold 
3333 1960 2000 40 check 
7777 1980 2000 20 fold 
1111 1960 2000 40 check 
2222 2000 2000 0 fold 
6666 2000 2000 0 fold 
5555 1960 2000 40 check 
total pot: 140 
/inquire 
recv from player 5555: check 
send inquire msg to player 1111 
inquire/ 
2222 2000 2000 0 fold 
6666 2000 2000 0 fold 
5555 1960 2000 40 check 
4444 2000 2000 0 fold 
8888 2000 2000 0 fold 
3333 1960 2000 40 check 
7777 1980 2000 20 fold 
1111 1960 2000 40 check 
total pot: 140 
/inquire 
recv from player 1111: check 


----- notify msg last round -----
send notify msg to player 7777 
notify/ 
1111 1960 2000 40 check 
2222 2000 2000 0 fold 
6666 2000 2000 0 fold 
5555 1960 2000 40 check 
4444 2000 2000 0 fold 
8888 2000 2000 0 fold 
3333 1960 2000 40 check 
7777 1980 2000 20 fold 
total pot: 140 
/notify 
send notify msg to player 4444 
notify/ 
8888 2000 2000 0 fold 
3333 1960 2000 40 check 
7777 1980 2000 20 fold 
1111 1960 2000 40 check 
2222 2000 2000 0 fold 
6666 2000 2000 0 fold 
5555 1960 2000 40 check 
4444 2000 2000 0 fold 
total pot: 140 
/notify 
send notify msg to player 1111 
notify/ 
2222 2000 2000 0 fold 
6666 2000 2000 0 fold 
5555 1960 2000 40 check 
4444 2000 2000 0 fold 
8888 2000 2000 0 fold 
3333 1960 2000 40 check 
7777 1980 2000 20 fold 
1111 1960 2000 40 check 
total pot: 140 
/notify 

---show down---
showdown/ 
common/ 
HEARTS A 
CLUBS 4 
SPADES 4 
HEARTS J 
SPADES 8 
/common 
3: 3333 SPADES 7 DIAMONDS Q ONE_PAIR 
1: 5555 CLUBS A HEARTS 2 TWO_PAIR 
2: 1111 SPADES K HEARTS 10 ONE_PAIR 
/showdown 

---Allocate pot---
pot-win/ 
5555: 140 
/pot-win 
it is player 7777's turn to be button

-----2 Hand-----

----- clean player data in socket -----
seat/ 
button: 7777 1980 2000 
small blind: 3333 1960 2000 
big blind: 8888 2000 2000 
4444 2000 2000 
5555 2100 2000 
6666 2000 2000 
2222 2000 2000 
1111 1960 2000 
/seat 
blind/ 
3333: 20 
8888: 40 
/blind 
player 3333:hold/ 
CLUBS 2 
SPADES 2 
/hold 
player 8888:hold/ 
CLUBS J 
HEARTS K 
/hold 
player 4444:hold/ 
SPADES 7 
HEARTS 8 
/hold 
player 5555:hold/ 
DIAMONDS 2 
HEARTS 7 
/hold 
player 6666:hold/ 
HEARTS 5 
HEARTS 4 
/hold 
player 2222:hold/ 
HEARTS 6 
DIAMONDS 6 
/hold 
player 1111:hold/ 
DIAMONDS 5 
DIAMONDS 7 
/hold 
player 7777:hold/ 
DIAMONDS 4 
HEARTS 9 
/hold 

---pre flop round bet---
valid player: 8, all in player: 0, fold player: 0
send inquire msg to player 4444 
inquire/ 
8888 1960 2000 40 blind 
3333 1940 2000 20 blind 
total pot: 60 
/inquire 
recv from player 4444: fold 

send inquire msg to player 5555 
inquire/ 
4444 2000 2000 0 fold 
8888 1960 2000 40 blind 
3333 1940 2000 20 blind 
total pot: 60 
/inquire 
recv from player 5555: call 
send inquire msg to player 6666 
inquire/ 
5555 2060 2000 40 call 
4444 2000 2000 0 fold 
8888 1960 2000 40 blind 
3333 1940 2000 20 blind 
total pot: 100 
/inquire 
recv from player 6666: fold 

send inquire msg to player 2222 
inquire/ 
6666 2000 2000 0 fold 
5555 2060 2000 40 call 
4444 2000 2000 0 fold 
8888 1960 2000 40 blind 
3333 1940 2000 20 blind 
total pot: 100 
/inquire 
recv from player 2222: call 

send inquire msg to player 1111 
inquire/ 
2222 1960 2000 40 call 
6666 2000 2000 0 fold 
5555 2060 2000 40 call 
4444 2000 2000 0 fold 
8888 1960 2000 40 blind 
3333 1940 2000 20 blind 
total pot: 140 
/inquire 
recv from player 1111: fold 

send inquire msg to player 7777 
inquire/ 
1111 1960 2000 0 fold 
2222 1960 2000 40 call 
6666 2000 2000 0 fold 
5555 2060 2000 40 call 
4444 2000 2000 0 fold 
8888 1960 2000 40 blind 
3333 1940 2000 20 blind 
total pot: 140 
/inquire 
recv from player 7777: fold 

send inquire msg to player 3333 
inquire/ 
7777 1980 2000 0 fold 
1111 1960 2000 0 fold 
2222 1960 2000 40 call 
6666 2000 2000 0 fold 
5555 2060 2000 40 call 
4444 2000 2000 0 fold 
8888 1960 2000 40 blind 
3333 1940 2000 20 blind 
total pot: 140 
/inquire 
recv from player 3333: call 
send inquire msg to player 8888 
inquire/ 
3333 1920 2000 40 call 
7777 1980 2000 0 fold 
1111 1960 2000 0 fold 
2222 1960 2000 40 call 
6666 2000 2000 0 fold 
5555 2060 2000 40 call 
4444 2000 2000 0 fold 
8888 1960 2000 40 blind 
total pot: 160 
/inquire 
recv from player 8888: raise 240 

send notify msg to player 4444 
notify/ 
8888 1720 2000 280 raise 
3333 1920 2000 40 call 
7777 1980 2000 0 fold 
1111 1960 2000 0 fold 
2222 1960 2000 40 call 
6666 2000 2000 0 fold 
5555 2060 2000 40 call 
4444 2000 2000 0 fold 
total pot: 400 
/notify 
send inquire msg to player 5555 
inquire/ 
4444 2000 2000 0 fold 
8888 1720 2000 280 raise 
3333 1920 2000 40 call 
7777 1980 2000 0 fold 
1111 1960 2000 0 fold 
2222 1960 2000 40 call 
6666 2000 2000 0 fold 
5555 2060 2000 40 call 
total pot: 400 
/inquire 
recv from player 5555: fold 
send inquire msg to player 2222 
inquire/ 
6666 2000 2000 0 fold 
5555 2060 2000 40 fold 
4444 2000 2000 0 fold 
8888 1720 2000 280 raise 
3333 1920 2000 40 call 
7777 1980 2000 0 fold 
1111 1960 2000 0 fold 
2222 1960 2000 40 call 
total pot: 400 
/inquire 
recv from player 2222: call 

send notify msg to player 1111 
notify/ 
2222 1720 2000 280 call 
6666 2000 2000 0 fold 
5555 2060 2000 40 fold 
4444 2000 2000 0 fold 
8888 1720 2000 280 raise 
3333 1920 2000 40 call 
7777 1980 2000 0 fold 
1111 1960 2000 0 fold 
total pot: 640 
/notify 
send notify msg to player 7777 
notify/ 
1111 1960 2000 0 fold 
2222 1720 2000 280 call 
6666 2000 2000 0 fold 
5555 2060 2000 40 fold 
4444 2000 2000 0 fold 
8888 1720 2000 280 raise 
3333 1920 2000 40 call 
7777 1980 2000 0 fold 
total pot: 640 
/notify 
send inquire msg to player 3333 
inquire/ 
7777 1980 2000 0 fold 
1111 1960 2000 0 fold 
2222 1720 2000 280 call 
6666 2000 2000 0 fold 
5555 2060 2000 40 fold 
4444 2000 2000 0 fold 
8888 1720 2000 280 raise 
3333 1920 2000 40 call 
total pot: 640 
/inquire 
recv from player 3333: fold 
flop/ 
SPADES 10 
CLUBS 4 
CLUBS 5 
/flop 

---flop round bet---
valid player: 8, all in player: 0, fold player: 6
send inquire msg to player 8888 
inquire/ 
3333 1920 2000 40 fold 
7777 1980 2000 0 fold 
1111 1960 2000 0 fold 
2222 1720 2000 280 call 
6666 2000 2000 0 fold 
5555 2060 2000 40 fold 
4444 2000 2000 0 fold 
8888 1720 2000 280 raise 
total pot: 640 
/inquire 
recv from player 8888: call 

send notify msg to player 4444 
notify/ 
8888 1720 2000 280 check 
3333 1920 2000 40 fold 
7777 1980 2000 0 fold 
1111 1960 2000 0 fold 
2222 1720 2000 280 call 
6666 2000 2000 0 fold 
5555 2060 2000 40 fold 
4444 2000 2000 0 fold 
total pot: 640 
/notify 
send inquire msg to player 2222 
inquire/ 
6666 2000 2000 0 fold 
5555 2060 2000 40 fold 
4444 2000 2000 0 fold 
8888 1720 2000 280 check 
3333 1920 2000 40 fold 
7777 1980 2000 0 fold 
1111 1960 2000 0 fold 
2222 1720 2000 280 call 
total pot: 640 
/inquire 
recv from player 2222: raise 40 

send notify msg to player 1111 
notify/ 
2222 1680 2000 320 raise 
6666 2000 2000 0 fold 
5555 2060 2000 40 fold 
4444 2000 2000 0 fold 
8888 1720 2000 280 check 
3333 1920 2000 40 fold 
7777 1980 2000 0 fold 
1111 1960 2000 0 fold 
total pot: 680 
/notify 
send notify msg to player 7777 
notify/ 
1111 1960 2000 0 fold 
2222 1680 2000 320 raise 
6666 2000 2000 0 fold 
5555 2060 2000 40 fold 
4444 2000 2000 0 fold 
8888 1720 2000 280 check 
3333 1920 2000 40 fold 
7777 1980 2000 0 fold 
total pot: 680 
/notify 
send inquire msg to player 8888 
inquire/ 
3333 1920 2000 40 fold 
7777 1980 2000 0 fold 
1111 1960 2000 0 fold 
2222 1680 2000 320 raise 
6666 2000 2000 0 fold 
5555 2060 2000 40 fold 
4444 2000 2000 0 fold 
8888 1720 2000 280 check 
total pot: 680 
/inquire 
recv from player 8888: raise 240 

send notify msg to player 4444 
notify/ 
8888 1440 2000 560 raise 
3333 1920 2000 40 fold 
7777 1980 2000 0 fold 
1111 1960 2000 0 fold 
2222 1680 2000 320 raise 
6666 2000 2000 0 fold 
5555 2060 2000 40 fold 
4444 2000 2000 0 fold 
total pot: 960 
/notify 
send inquire msg to player 2222 
inquire/ 
6666 2000 2000 0 fold 
5555 2060 2000 40 fold 
4444 2000 2000 0 fold 
8888 1440 2000 560 raise 
3333 1920 2000 40 fold 
7777 1980 2000 0 fold 
1111 1960 2000 0 fold 
2222 1680 2000 320 raise 
total pot: 960 
/inquire 
recv from player 2222: fold 


---turn round bet---
valid player: 8, all in player: 0, fold player: 7

---river round bet---
valid player: 8, all in player: 0, fold player: 7

----- notify msg last round -----
send notify msg to player 1111 
notify/ 
2222 1680 2000 320 fold 
6666 2000 2000 0 fold 
5555 2060 2000 40 fold 
4444 2000 2000 0 fold 
8888 1440 2000 560 raise 
3333 1920 2000 40 fold 
7777 1980 2000 0 fold 
1111 1960 2000 0 fold 
total pot: 960 
/notify 
send notify msg to player 7777 
notify/ 
1111 1960 2000 0 fold 
2222 1680 2000 320 fold 
6666 2000 2000 0 fold 
5555 2060 2000 40 fold 
4444 2000 2000 0 fold 
8888 1440 2000 560 raise 
3333 1920 2000 40 fold 
7777 1980 2000 0 fold 
total pot: 960 
/notify 
send notify msg to player 4444 
notify/ 
8888 1440 2000 560 raise 
3333 1920 2000 40 fold 
7777 1980 2000 0 fold 
1111 1960 2000 0 fold 
2222 1680 2000 320 fold 
6666 2000 2000 0 fold 
5555 2060 2000 40 fold 
4444 2000 2000 0 fold 
total pot: 960 
/notify 

--- 1 players not fold, don't need show down---

---Allocate pot---
Only player at seat 1 not fold, win all the pot 960
pot-win/ 
8888: 960 
/pot-win 
it is player 3333's turn to be button

-----3 Hand-----

----- clean player data in socket -----
seat/ 
button: 3333 1920 2000 
small blind: 8888 2400 2000 
big blind: 4444 2000 2000 
5555 2060 2000 
6666 2000 2000 
2222 1680 2000 
1111 1960 2000 
7777 1980 2000 
/seat 
blind/ 
8888: 20 
4444: 40 
/blind 
player 8888:hold/ 
HEARTS K 
SPADES 3 
/hold 
player 4444:hold/ 
HEARTS 6 
CLUBS 7 
/hold 
player 5555:hold/ 
HEARTS A 
SPADES 10 
/hold 
player 6666:hold/ 
HEARTS 3 
DIAMONDS A 
/hold 
player 2222:hold/ 
SPADES A 
CLUBS A 
/hold 
player 1111:hold/ 
DIAMONDS 2 
SPADES J 
/hold 
player 7777:hold/ 
CLUBS 3 
CLUBS 6 
/hold 
player 3333:hold/ 
DIAMONDS 6 
CLUBS Q 
/hold 

---pre flop round bet---
valid player: 8, all in player: 0, fold player: 0
send inquire msg to player 5555 
inquire/ 
4444 1960 2000 40 blind 
8888 2380 2000 20 blind 
total pot: 60 
/inquire 
recv from player 5555: call 
send inquire msg to player 6666 
inquire/ 
5555 2020 2000 40 call 
4444 1960 2000 40 blind 
8888 2380 2000 20 blind 
total pot: 100 
/inquire 
recv from player 6666: fold 

send inquire msg to player 2222 
inquire/ 
6666 2000 2000 0 fold 
5555 2020 2000 40 call 
4444 1960 2000 40 blind 
8888 2380 2000 20 blind 
total pot: 100 
/inquire 
recv from player 2222: raise 80 

send inquire msg to player 1111 
inquire/ 
2222 1560 2000 120 raise 
6666 2000 2000 0 fold 
5555 2020 2000 40 call 
4444 1960 2000 40 blind 
8888 2380 2000 20 blind 
total pot: 220 
/inquire 
recv from player 1111: fold 

send inquire msg to player 7777 
inquire/ 
1111 1960 2000 0 fold 
2222 1560 2000 120 raise 
6666 2000 2000 0 fold 
5555 2020 2000 40 call 
4444 1960 2000 40 blind 
8888 2380 2000 20 blind 
total pot: 220 
/inquire 
recv from player 7777: fold 

send inquire msg to player 3333 
inquire/ 
7777 1980 2000 0 fold 
1111 1960 2000 0 fold 
2222 1560 2000 120 raise 
6666 2000 2000 0 fold 
5555 2020 2000 40 call 
4444 1960 2000 40 blind 
8888 2380 2000 20 blind 
total pot: 220 
/inquire 
recv from player 3333: fold 
send inquire msg to player 8888 
inquire/ 
3333 1920 2000 0 fold 
7777 1980 2000 0 fold 
1111 1960 2000 0 fold 
2222 1560 2000 120 raise 
6666 2000 2000 0 fold 
5555 2020 2000 40 call 
4444 1960 2000 40 blind 
8888 2380 2000 20 blind 
total pot: 220 
/inquire 
recv from player 8888: fold 

send inquire msg to player 4444 
inquire/ 
8888 2380 2000 20 fold 
3333 1920 2000 0 fold 
7777 1980 2000 0 fold 
1111 1960 2000 0 fold 
2222 1560 2000 120 raise 
6666 2000 2000 0 fold 
5555 2020 2000 40 call 
4444 1960 2000 40 blind 
total pot: 220 
/inquire 
recv from player 4444: fold 

send inquire msg to player 5555 
inquire/ 
4444 1960 2000 40 fold 
8888 2380 2000 20 fold 
3333 1920 2000 0 fold 
7777 1980 2000 0 fold 
1111 1960 2000 0 fold 
2222 1560 2000 120 raise 
6666 2000 2000 0 fold 
5555 2020 2000 40 call 
total pot: 220 
/inquire 
recv from player 5555: call 
flop/ 
HEARTS 10 
DIAMONDS 9 
DIAMONDS 3 
/flop 

---flop round bet---
valid player: 8, all in player: 0, fold player: 6
send notify msg to player 4444 
notify/ 
8888 2380 2000 20 fold 
3333 1920 2000 0 fold 
7777 1980 2000 0 fold 
1111 1960 2000 0 fold 
2222 1560 2000 120 raise 
6666 2000 2000 0 fold 
5555 1940 2000 120 call 
4444 1960 2000 40 fold 
total pot: 300 
/notify 
send inquire msg to player 5555 
inquire/ 
4444 1960 2000 40 fold 
8888 2380 2000 20 fold 
3333 1920 2000 0 fold 
7777 1980 2000 0 fold 
1111 1960 2000 0 fold 
2222 1560 2000 120 raise 
6666 2000 2000 0 fold 
5555 1940 2000 120 call 
total pot: 300 
/inquire 
recv from player 5555: call 
send inquire msg to player 2222 
inquire/ 
6666 2000 2000 0 fold 
5555 1940 2000 120 check 
4444 1960 2000 40 fold 
8888 2380 2000 20 fold 
3333 1920 2000 0 fold 
7777 1980 2000 0 fold 
1111 1960 2000 0 fold 
2222 1560 2000 120 raise 
total pot: 300 
/inquire 
recv from player 2222: raise 40 

send notify msg to player 1111 
notify/ 
2222 1520 2000 160 raise 
6666 2000 2000 0 fold 
5555 1940 2000 120 check 
4444 1960 2000 40 fold 
8888 2380 2000 20 fold 
3333 1920 2000 0 fold 
7777 1980 2000 0 fold 
1111 1960 2000 0 fold 
total pot: 340 
/notify 
send notify msg to player 7777 
notify/ 
1111 1960 2000 0 fold 
2222 1520 2000 160 raise 
6666 2000 2000 0 fold 
5555 1940 2000 120 check 
4444 1960 2000 40 fold 
8888 2380 2000 20 fold 
3333 1920 2000 0 fold 
7777 1980 2000 0 fold 
total pot: 340 
/notify 
send notify msg to player 4444 
notify/ 
8888 2380 2000 20 fold 
3333 1920 2000 0 fold 
7777 1980 2000 0 fold 
1111 1960 2000 0 fold 
2222 1520 2000 160 raise 
6666 2000 2000 0 fold 
5555 1940 2000 120 check 
4444 1960 2000 40 fold 
total pot: 340 
/notify 
send inquire msg to player 5555 
inquire/ 
4444 1960 2000 40 fold 
8888 2380 2000 20 fold 
3333 1920 2000 0 fold 
7777 1980 2000 0 fold 
1111 1960 2000 0 fold 
2222 1520 2000 160 raise 
6666 2000 2000 0 fold 
5555 1940 2000 120 check 
total pot: 340 
/inquire 
recv from player 5555: call 
turn/ 
CLUBS 9 
/turn 

---turn round bet---
valid player: 8, all in player: 0, fold player: 6
send notify msg to player 4444 
notify/ 
8888 2380 2000 20 fold 
3333 1920 2000 0 fold 
7777 1980 2000 0 fold 
1111 1960 2000 0 fold 
2222 1520 2000 160 raise 
6666 2000 2000 0 fold 
5555 1900 2000 160 call 
4444 1960 2000 40 fold 
total pot: 380 
/notify 
send inquire msg to player 5555 
inquire/ 
4444 1960 2000 40 fold 
8888 2380 2000 20 fold 
3333 1920 2000 0 fold 
7777 1980 2000 0 fold 
1111 1960 2000 0 fold 
2222 1520 2000 160 raise 
6666 2000 2000 0 fold 
5555 1900 2000 160 call 
total pot: 380 
/inquire 
recv from player 5555: call 
send inquire msg to player 2222 
inquire/ 
6666 2000 2000 0 fold 
5555 1900 2000 160 check 
4444 1960 2000 40 fold 
8888 2380 2000 20 fold 
3333 1920 2000 0 fold 
7777 1980 2000 0 fold 
1111 1960 2000 0 fold 
2222 1520 2000 160 raise 
total pot: 380 
/inquire 
recv from player 2222: raise 80 

send notify msg to player 1111 
notify/ 
2222 1440 2000 240 raise 
6666 2000 2000 0 fold 
5555 1900 2000 160 check 
4444 1960 2000 40 fold 
8888 2380 2000 20 fold 
3333 1920 2000 0 fold 
7777 1980 2000 0 fold 
1111 1960 2000 0 fold 
total pot: 460 
/notify 
send notify msg to player 7777 
notify/ 
1111 1960 2000 0 fold 
2222 1440 2000 240 raise 
6666 2000 2000 0 fold 
5555 1900 2000 160 check 
4444 1960 2000 40 fold 
8888 2380 2000 20 fold 
3333 1920 2000 0 fold 
7777 1980 2000 0 fold 
total pot: 460 
/notify 
send notify msg to player 4444 
notify/ 
8888 2380 2000 20 fold 
3333 1920 2000 0 fold 
7777 1980 2000 0 fold 
1111 1960 2000 0 fold 
2222 1440 2000 240 raise 
6666 2000 2000 0 fold 
5555 1900 2000 160 check 
4444 1960 2000 40 fold 
total pot: 460 
/notify 
send inquire msg to player 5555 
inquire/ 
4444 1960 2000 40 fold 
8888 2380 2000 20 fold 
3333 1920 2000 0 fold 
7777 1980 2000 0 fold 
1111 1960 2000 0 fold 
2222 1440 2000 240 raise 
6666 2000 2000 0 fold 
5555 1900 2000 160 check 
total pot: 460 
/inquire 
recv from player 5555: call 
river/ 
DIAMONDS 8 
/river 

---river round bet---
valid player: 8, all in player: 0, fold player: 6
send notify msg to player 4444 
notify/ 
8888 2380 2000 20 fold 
3333 1920 2000 0 fold 
7777 1980 2000 0 fold 
1111 1960 2000 0 fold 
2222 1440 2000 240 raise 
6666 2000 2000 0 fold 
5555 1820 2000 240 call 
4444 1960 2000 40 fold 
total pot: 540 
/notify 
send inquire msg to player 5555 
inquire/ 
4444 1960 2000 40 fold 
8888 2380 2000 20 fold 
3333 1920 2000 0 fold 
7777 1980 2000 0 fold 
1111 1960 2000 0 fold 
2222 1440 2000 240 raise 
6666 2000 2000 0 fold 
5555 1820 2000 240 call 
total pot: 540 
/inquire 
recv from player 5555: call 
send inquire msg to player 2222 
inquire/ 
6666 2000 2000 0 fold 
5555 1820 2000 240 check 
4444 1960 2000 40 fold 
8888 2380 2000 20 fold 
3333 1920 2000 0 fold 
7777 1980 2000 0 fold 
1111 1960 2000 0 fold 
2222 1440 2000 240 raise 
total pot: 540 
/inquire 
recv from player 2222: raise 80 

send notify msg to player 1111 
notify/ 
2222 1360 2000 320 raise 
6666 2000 2000 0 fold 
5555 1820 2000 240 check 
4444 1960 2000 40 fold 
8888 2380 2000 20 fold 
3333 1920 2000 0 fold 
7777 1980 2000 0 fold 
1111 1960 2000 0 fold 
total pot: 620 
/notify 
send notify msg to player 7777 
notify/ 
1111 1960 2000 0 fold 
2222 1360 2000 320 raise 
6666 2000 2000 0 fold 
5555 1820 2000 240 check 
4444 1960 2000 40 fold 
8888 2380 2000 20 fold 
3333 1920 2000 0 fold 
7777 1980 2000 0 fold 
total pot: 620 
/notify 
send notify msg to player 4444 
notify/ 
8888 2380 2000 20 fold 
3333 1920 2000 0 fold 
7777 1980 2000 0 fold 
1111 1960 2000 0 fold 
2222 1360 2000 320 raise 
6666 2000 2000 0 fold 
5555 1820 2000 240 check 
4444 1960 2000 40 fold 
total pot: 620 
/notify 
send inquire msg to player 5555 
inquire/ 
4444 1960 2000 40 fold 
8888 2380 2000 20 fold 
3333 1920 2000 0 fold 
7777 1980 2000 0 fold 
1111 1960 2000 0 fold 
2222 1360 2000 320 raise 
6666 2000 2000 0 fold 
5555 1820 2000 240 check 
total pot: 620 
/inquire 
recv from player 5555: call 

----- notify msg last round -----
send notify msg to player 1111 
notify/ 
2222 1360 2000 320 raise 
6666 2000 2000 0 fold 
5555 1740 2000 320 call 
4444 1960 2000 40 fold 
8888 2380 2000 20 fold 
3333 1920 2000 0 fold 
7777 1980 2000 0 fold 
1111 1960 2000 0 fold 
total pot: 700 
/notify 
send notify msg to player 7777 
notify/ 
1111 1960 2000 0 fold 
2222 1360 2000 320 raise 
6666 2000 2000 0 fold 
5555 1740 2000 320 call 
4444 1960 2000 40 fold 
8888 2380 2000 20 fold 
3333 1920 2000 0 fold 
7777 1980 2000 0 fold 
total pot: 700 
/notify 
send notify msg to player 4444 
notify/ 
8888 2380 2000 20 fold 
3333 1920 2000 0 fold 
7777 1980 2000 0 fold 
1111 1960 2000 0 fold 
2222 1360 2000 320 raise 
6666 2000 2000 0 fold 
5555 1740 2000 320 call 
4444 1960 2000 40 fold 
total pot: 700 
/notify 

---show down---
showdown/ 
common/ 
HEARTS 10 
DIAMONDS 9 
DIAMONDS 3 
CLUBS 9 
DIAMONDS 8 
/common 
2: 5555 HEARTS A SPADES 10 TWO_PAIR 
1: 2222 SPADES A CLUBS A TWO_PAIR 
/showdown 

---Allocate pot---
pot-win/ 
2222: 700 
/pot-win 
it is player 8888's turn to be button

-----4 Hand-----

----- clean player data in socket -----
seat/ 
button: 8888 2380 2000 
small blind: 4444 1960 2000 
big blind: 5555 1740 2000 
6666 2000 2000 
2222 2060 2000 
1111 1960 2000 
7777 1980 2000 
3333 1920 2000 
/seat 
blind/ 
4444: 20 
5555: 40 
/blind 
player 4444:hold/ 
SPADES 8 
DIAMONDS 2 
/hold 
player 5555:hold/ 
CLUBS 3 
CLUBS J 
/hold 
player 6666:hold/ 
DIAMONDS 4 
SPADES Q 
/hold 
player 2222:hold/ 
SPADES 2 
CLUBS 8 
/hold 
player 1111:hold/ 
HEARTS Q 
HEARTS 7 
/hold 
player 7777:hold/ 
HEARTS 5 
HEARTS 6 
/hold 
player 3333:hold/ 
DIAMONDS J 
HEARTS 10 
/hold 
player 8888:hold/ 
SPADES 6 
CLUBS 10 
/hold 

---pre flop round bet---
valid player: 8, all in player: 0, fold player: 0
send inquire msg to player 6666 
inquire/ 
5555 1700 2000 40 blind 
4444 1940 2000 20 blind 
total pot: 60 
/inquire 
recv from player 6666: fold 

send inquire msg to player 2222 
inquire/ 
6666 2000 2000 0 fold 
5555 1700 2000 40 blind 
4444 1940 2000 20 blind 
total pot: 60 
/inquire 
recv from player 2222: fold 

send inquire msg to player 1111 
inquire/ 
2222 2060 2000 0 fold 
6666 2000 2000 0 fold 
5555 1700 2000 40 blind 
4444 1940 2000 20 blind 
total pot: 60 
/inquire 
recv from player 1111: call 

send inquire msg to player 7777 
inquire/ 
1111 1920 2000 40 call 
2222 2060 2000 0 fold 
6666 2000 2000 0 fold 
5555 1700 2000 40 blind 
4444 1940 2000 20 blind 
total pot: 100 
/inquire 
recv from player 7777: fold 

send inquire msg to player 3333 
inquire/ 
7777 1980 2000 0 fold 
1111 1920 2000 40 call 
2222 2060 2000 0 fold 
6666 2000 2000 0 fold 
5555 1700 2000 40 blind 
4444 1940 2000 20 blind 
total pot: 100 
/inquire 
recv from player 3333: call 
send inquire msg to player 8888 
inquire/ 
3333 1880 2000 40 call 
7777 1980 2000 0 fold 
1111 1920 2000 40 call 
2222 2060 2000 0 fold 
6666 2000 2000 0 fold 
5555 1700 2000 40 blind 
4444 1940 2000 20 blind 
total pot: 140 
/inquire 
recv from player 8888: fold 

send inquire msg to player 4444 
inquire/ 
8888 2380 2000 0 fold 
3333 1880 2000 40 call 
7777 1980 2000 0 fold 
1111 1920 2000 40 call 
2222 2060 2000 0 fold 
6666 2000 2000 0 fold 
5555 1700 2000 40 blind 
4444 1940 2000 20 blind 
total pot: 140 
/inquire 
recv from player 4444: fold 

send inquire msg to player 5555 
inquire/ 
4444 1940 2000 20 fold 
8888 2380 2000 0 fold 
3333 1880 2000 40 call 
7777 1980 2000 0 fold 
1111 1920 2000 40 call 
2222 2060 2000 0 fold 
6666 2000 2000 0 fold 
5555 1700 2000 40 blind 
total pot: 140 
/inquire 
recv from player 5555: call 
flop/ 
DIAMONDS 6 
HEARTS K 
DIAMONDS Q 
/flop 

---flop round bet---
valid player: 8, all in player: 0, fold player: 5
send notify msg to player 4444 
notify/ 
8888 2380 2000 0 fold 
3333 1880 2000 40 call 
7777 1980 2000 0 fold 
1111 1920 2000 40 call 
2222 2060 2000 0 fold 
6666 2000 2000 0 fold 
5555 1700 2000 40 check 
4444 1940 2000 20 fold 
total pot: 140 
/notify 
send inquire msg to player 5555 
inquire/ 
4444 1940 2000 20 fold 
8888 2380 2000 0 fold 
3333 1880 2000 40 call 
7777 1980 2000 0 fold 
1111 1920 2000 40 call 
2222 2060 2000 0 fold 
6666 2000 2000 0 fold 
5555 1700 2000 40 check 
total pot: 140 
/inquire 
recv from player 5555: check 
send inquire msg to player 1111 
inquire/ 
2222 2060 2000 0 fold 
6666 2000 2000 0 fold 
5555 1700 2000 40 check 
4444 1940 2000 20 fold 
8888 2380 2000 0 fold 
3333 1880 2000 40 call 
7777 1980 2000 0 fold 
1111 1920 2000 40 call 
total pot: 140 
/inquire 
recv from player 1111: raise 120 

send notify msg to player 7777 
notify/ 
1111 1800 2000 160 raise 
2222 2060 2000 0 fold 
6666 2000 2000 0 fold 
5555 1700 2000 40 check 
4444 1940 2000 20 fold 
8888 2380 2000 0 fold 
3333 1880 2000 40 call 
7777 1980 2000 0 fold 
total pot: 260 
/notify 
send inquire msg to player 3333 
inquire/ 
7777 1980 2000 0 fold 
1111 1800 2000 160 raise 
2222 2060 2000 0 fold 
6666 2000 2000 0 fold 
5555 1700 2000 40 check 
4444 1940 2000 20 fold 
8888 2380 2000 0 fold 
3333 1880 2000 40 call 
total pot: 260 
/inquire 
recv from player 3333: call 
send notify msg to player 4444 
notify/ 
8888 2380 2000 0 fold 
3333 1760 2000 160 call 
7777 1980 2000 0 fold 
1111 1800 2000 160 raise 
2222 2060 2000 0 fold 
6666 2000 2000 0 fold 
5555 1700 2000 40 check 
4444 1940 2000 20 fold 
total pot: 380 
/notify 
send inquire msg to player 5555 
inquire/ 
4444 1940 2000 20 fold 
8888 2380 2000 0 fold 
3333 1760 2000 160 call 
7777 1980 2000 0 fold 
1111 1800 2000 160 raise 
2222 2060 2000 0 fold 
6666 2000 2000 0 fold 
5555 1700 2000 40 check 
total pot: 380 
/inquire 
recv from player 5555: fold 
turn/ 
HEARTS 9 
/turn 

---turn round bet---
valid player: 8, all in player: 0, fold player: 6
send notify msg to player 4444 
notify/ 
8888 2380 2000 0 fold 
3333 1760 2000 160 call 
7777 1980 2000 0 fold 
1111 1800 2000 160 raise 
2222 2060 2000 0 fold 
6666 2000 2000 0 fold 
5555 1700 2000 40 fold 
4444 1940 2000 20 fold 
total pot: 380 
/notify 
send inquire msg to player 1111 
inquire/ 
2222 2060 2000 0 fold 
6666 2000 2000 0 fold 
5555 1700 2000 40 fold 
4444 1940 2000 20 fold 
8888 2380 2000 0 fold 
3333 1760 2000 160 call 
7777 1980 2000 0 fold 
1111 1800 2000 160 raise 
total pot: 380 
/inquire 
recv from player 1111: raise 120 

send notify msg to player 7777 
notify/ 
1111 1680 2000 280 raise 
2222 2060 2000 0 fold 
6666 2000 2000 0 fold 
5555 1700 2000 40 fold 
4444 1940 2000 20 fold 
8888 2380 2000 0 fold 
3333 1760 2000 160 call 
7777 1980 2000 0 fold 
total pot: 500 
/notify 
send inquire msg to player 3333 
inquire/ 
7777 1980 2000 0 fold 
1111 1680 2000 280 raise 
2222 2060 2000 0 fold 
6666 2000 2000 0 fold 
5555 1700 2000 40 fold 
4444 1940 2000 20 fold 
8888 2380 2000 0 fold 
3333 1760 2000 160 call 
total pot: 500 
/inquire 
recv from player 3333: call 
river/ 
HEARTS J 
/river 

---river round bet---
valid player: 8, all in player: 0, fold player: 6
send notify msg to player 4444 
notify/ 
8888 2380 2000 0 fold 
3333 1640 2000 280 call 
7777 1980 2000 0 fold 
1111 1680 2000 280 raise 
2222 2060 2000 0 fold 
6666 2000 2000 0 fold 
5555 1700 2000 40 fold 
4444 1940 2000 20 fold 
total pot: 620 
/notify 
send inquire msg to player 1111 
inquire/ 
2222 2060 2000 0 fold 
6666 2000 2000 0 fold 
5555 1700 2000 40 fold 
4444 1940 2000 20 fold 
8888 2380 2000 0 fold 
3333 1640 2000 280 call 
7777 1980 2000 0 fold 
1111 1680 2000 280 raise 
total pot: 620 
/inquire 
recv from player 1111: raise 600 

send notify msg to player 7777 
notify/ 
1111 1080 2000 880 raise 
2222 2060 2000 0 fold 
6666 2000 2000 0 fold 
5555 1700 2000 40 fold 
4444 1940 2000 20 fold 
8888 2380 2000 0 fold 
3333 1640 2000 280 call 
7777 1980 2000 0 fold 
total pot: 1220 
/notify 
send inquire msg to player 3333 
inquire/ 
7777 1980 2000 0 fold 
1111 1080 2000 880 raise 
2222 2060 2000 0 fold 
6666 2000 2000 0 fold 
5555 1700 2000 40 fold 
4444 1940 2000 20 fold 
8888 2380 2000 0 fold 
3333 1640 2000 280 call 
total pot: 1220 
/inquire 
recv from player 3333: raise 1000 
send notify msg to player 4444 
notify/ 
8888 2380 2000 0 fold 
3333 40 2000 1880 raise 
7777 1980 2000 0 fold 
1111 1080 2000 880 raise 
2222 2060 2000 0 fold 
6666 2000 2000 0 fold 
5555 1700 2000 40 fold 
4444 1940 2000 20 fold 
total pot: 2820 
/notify 
send inquire msg to player 1111 
inquire/ 
2222 2060 2000 0 fold 
6666 2000 2000 0 fold 
5555 1700 2000 40 fold 
4444 1940 2000 20 fold 
8888 2380 2000 0 fold 
3333 40 2000 1880 raise 
7777 1980 2000 0 fold 
1111 1080 2000 880 raise 
total pot: 2820 
/inquire 
recv from player 1111: fold 


----- notify msg last round -----
send notify msg to player 7777 
notify/ 
1111 1080 2000 880 fold 
2222 2060 2000 0 fold 
6666 2000 2000 0 fold 
5555 1700 2000 40 fold 
4444 1940 2000 20 fold 
8888 2380 2000 0 fold 
3333 40 2000 1880 raise 
7777 1980 2000 0 fold 
total pot: 2820 
/notify 
send notify msg to player 4444 
notify/ 
8888 2380 2000 0 fold 
3333 40 2000 1880 raise 
7777 1980 2000 0 fold 
1111 1080 2000 880 fold 
2222 2060 2000 0 fold 
6666 2000 2000 0 fold 
5555 1700 2000 40 fold 
4444 1940 2000 20 fold 
total pot: 2820 
/notify 
send notify msg to player 1111 
notify/ 
2222 2060 2000 0 fold 
6666 2000 2000 0 fold 
5555 1700 2000 40 fold 
4444 1940 2000 20 fold 
8888 2380 2000 0 fold 
3333 40 2000 1880 raise 
7777 1980 2000 0 fold 
1111 1080 2000 880 fold 
total pot: 2820 
/notify 

--- 1 players not fold, don't need show down---

---Allocate pot---
Only player at seat 6 not fold, win all the pot 2820
pot-win/ 
3333: 2820 
/pot-win 
it is player 4444's turn to be button

-----5 Hand-----

----- clean player data in socket -----
seat/ 
button: 4444 1940 2000 
small blind: 5555 1700 2000 
big blind: 6666 2000 2000 
2222 2060 2000 
1111 1080 2000 
7777 1980 2000 
3333 2860 2000 
8888 2380 2000 
/seat 
blind/ 
5555: 20 
6666: 40 
/blind 
player 5555:hold/ 
SPADES A 
HEARTS A 
/hold 
player 6666:hold/ 
CLUBS Q 
DIAMONDS 6 
/hold 
player 2222:hold/ 
HEARTS 2 
DIAMONDS K 
/hold 
player 1111:hold/ 
HEARTS 8 
CLUBS 7 
/hold 
player 7777:hold/ 
CLUBS 10 
SPADES 9 
/hold 
player 3333:hold/ 
CLUBS A 
CLUBS 6 
/hold 
player 8888:hold/ 
SPADES K 
SPADES 3 
/hold 
player 4444:hold/ 
HEARTS 9 
DIAMONDS 5 
/hold 

---pre flop round bet---
valid player: 8, all in player: 0, fold player: 0
send inquire msg to player 2222 
inquire/ 
6666 1960 2000 40 blind 
5555 1680 2000 20 blind 
total pot: 60 
/inquire 
recv from player 2222: fold 

send inquire msg to player 1111 
inquire/ 
2222 2060 2000 0 fold 
6666 1960 2000 40 blind 
5555 1680 2000 20 blind 
total pot: 60 
/inquire 
recv from player 1111: fold 

send inquire msg to player 7777 
inquire/ 
1111 1080 2000 0 fold 
2222 2060 2000 0 fold 
6666 1960 2000 40 blind 
5555 1680 2000 20 blind 
total pot: 60 
/inquire 
recv from player 7777: fold 

send inquire msg to player 3333 
inquire/ 
7777 1980 2000 0 fold 
1111 1080 2000 0 fold 
2222 2060 2000 0 fold 
6666 1960 2000 40 blind 
5555 1680 2000 20 blind 
total pot: 60 
/inquire 
recv from player 3333: call 
send inquire msg to player 8888 
inquire/ 
3333 2820 2000 40 call 
7777 1980 2000 0 fold 
1111 1080 2000 0 fold 
2222 2060 2000 0 fold 
6666 1960 2000 40 blind 
5555 1680 2000 20 blind 
total pot: 100 
/inquire 
recv from player 8888: fold 

send inquire msg to player 4444 
inquire/ 
8888 2380 2000 0 fold 
3333 2820 2000 40 call 
7777 1980 2000 0 fold 
1111 1080 2000 0 fold 
2222 2060 2000 0 fold 
6666 1960 2000 40 blind 
5555 1680 2000 20 blind 
total pot: 100 
/inquire 
recv from player 4444: fold 

send inquire msg to player 5555 
inquire/ 
4444 1940 2000 0 fold 
8888 2380 2000 0 fold 
3333 2820 2000 40 call 
7777 1980 2000 0 fold 
1111 1080 2000 0 fold 
2222 2060 2000 0 fold 
6666 1960 2000 40 blind 
5555 1680 2000 20 blind 
total pot: 100 
/inquire 
recv from player 5555: call 
send inquire msg to player 6666 
inquire/ 
5555 1660 2000 40 call 
4444 1940 2000 0 fold 
8888 2380 2000 0 fold 
3333 2820 2000 40 call 
7777 1980 2000 0 fold 
1111 1080 2000 0 fold 
2222 2060 2000 0 fold 
6666 1960 2000 40 blind 
total pot: 120 
/inquire 
recv from player 6666: check 

flop/ 
SPADES 4 
HEARTS 3 
HEARTS 4 
/flop 

---flop round bet---
valid player: 8, all in player: 0, fold player: 5
send inquire msg to player 5555 
inquire/ 
4444 1940 2000 0 fold 
8888 2380 2000 0 fold 
3333 2820 2000 40 call 
7777 1980 2000 0 fold 
1111 1080 2000 0 fold 
2222 2060 2000 0 fold 
6666 1960 2000 40 check 
5555 1660 2000 40 call 
total pot: 120 
/inquire 
recv from player 5555: call 
send inquire msg to player 6666 
inquire/ 
5555 1660 2000 40 check 
4444 1940 2000 0 fold 
8888 2380 2000 0 fold 
3333 2820 2000 40 call 
7777 1980 2000 0 fold 
1111 1080 2000 0 fold 
2222 2060 2000 0 fold 
6666 1960 2000 40 check 
total pot: 120 
/inquire 
recv from player 6666: check 

send notify msg to player 1111 
notify/ 
2222 2060 2000 0 fold 
6666 1960 2000 40 check 
5555 1660 2000 40 check 
4444 1940 2000 0 fold 
8888 2380 2000 0 fold 
3333 2820 2000 40 call 
7777 1980 2000 0 fold 
1111 1080 2000 0 fold 
total pot: 120 
/notify 
send notify msg to player 7777 
notify/ 
1111 1080 2000 0 fold 
2222 2060 2000 0 fold 
6666 1960 2000 40 check 
5555 1660 2000 40 check 
4444 1940 2000 0 fold 
8888 2380 2000 0 fold 
3333 2820 2000 40 call 
7777 1980 2000 0 fold 
total pot: 120 
/notify 
send inquire msg to player 3333 
inquire/ 
7777 1980 2000 0 fold 
1111 1080 2000 0 fold 
2222 2060 2000 0 fold 
6666 1960 2000 40 check 
5555 1660 2000 40 check 
4444 1940 2000 0 fold 
8888 2380 2000 0 fold 
3333 2820 2000 40 call 
total pot: 120 
/inquire 
recv from player 3333: call 
turn/ 
CLUBS K 
/turn 

---turn round bet---
valid player: 8, all in player: 0, fold player: 5
send inquire msg to player 5555 
inquire/ 
4444 1940 2000 0 fold 
8888 2380 2000 0 fold 
3333 2820 2000 40 check 
7777 1980 2000 0 fold 
1111 1080 2000 0 fold 
2222 2060 2000 0 fold 
6666 1960 2000 40 check 
5555 1660 2000 40 check 
total pot: 120 
/inquire 
recv from player 5555: raise 500 
send inquire msg to player 6666 
inquire/ 
5555 1160 2000 540 raise 
4444 1940 2000 0 fold 
8888 2380 2000 0 fold 
3333 2820 2000 40 check 
7777 1980 2000 0 fold 
1111 1080 2000 0 fold 
2222 2060 2000 0 fold 
6666 1960 2000 40 check 
total pot: 620 
/inquire 
recv from player 6666: fold 

send notify msg to player 1111 
notify/ 
2222 2060 2000 0 fold 
6666 1960 2000 40 fold 
5555 1160 2000 540 raise 
4444 1940 2000 0 fold 
8888 2380 2000 0 fold 
3333 2820 2000 40 check 
7777 1980 2000 0 fold 
1111 1080 2000 0 fold 
total pot: 620 
/notify 
send notify msg to player 7777 
notify/ 
1111 1080 2000 0 fold 
2222 2060 2000 0 fold 
6666 1960 2000 40 fold 
5555 1160 2000 540 raise 
4444 1940 2000 0 fold 
8888 2380 2000 0 fold 
3333 2820 2000 40 check 
7777 1980 2000 0 fold 
total pot: 620 
/notify 
send inquire msg to player 3333 
inquire/ 
7777 1980 2000 0 fold 
1111 1080 2000 0 fold 
2222 2060 2000 0 fold 
6666 1960 2000 40 fold 
5555 1160 2000 540 raise 
4444 1940 2000 0 fold 
8888 2380 2000 0 fold 
3333 2820 2000 40 check 
total pot: 620 
/inquire 
