

===VERSION 1.24===
---GAME START @ 2015-5-25-17-6-12---

wait registration for 30 seconds
reg: 2222 new 
reg: 8888 DSB  reg: 5555 DSB  reg: 6666 DSB  reg: 1111 Young need_notify  
reg: 4444 Young need_notify  
reg: 7777 cleverbot need_notify 
reg: 3333 cleverbot need_notify 
close registration

-----1 Hand-----

----- clean player data in socket -----
seat/ 
button: 1111 2000 2000 
small blind: 5555 2000 2000 
big blind: 6666 2000 2000 
4444 2000 2000 
2222 2000 2000 
3333 2000 2000 
8888 2000 2000 
7777 2000 2000 
/seat 
blind/ 
5555: 20 
6666: 40 
/blind 
player 5555:hold/ 
SPADES J 
HEARTS 2 
/hold 
player 6666:hold/ 
SPADES 4 
CLUBS 7 
/hold 
player 4444:hold/ 
DIAMONDS 5 
SPADES A 
/hold 
player 2222:hold/ 
HEARTS 7 
CLUBS 5 
/hold 
player 3333:hold/ 
HEARTS 8 
DIAMONDS 9 
/hold 
player 8888:hold/ 
SPADES Q 
SPADES 8 
/hold 
player 7777:hold/ 
CLUBS A 
HEARTS K 
/hold 
player 1111:hold/ 
SPADES 2 
CLUBS 10 
/hold 

---pre flop round bet---
valid player: 8, all in player: 0, fold player: 0
send inquire msg to player 4444 
inquire/ 
6666 1960 2000 40 blind 
5555 1980 2000 20 blind 
total pot: 60 
/inquire 
recv from player 4444: fold 

send inquire msg to player 2222 
inquire/ 
4444 2000 2000 0 fold 
6666 1960 2000 40 blind 
5555 1980 2000 20 blind 
total pot: 60 
/inquire 
recv from player 2222: fold 

send inquire msg to player 3333 
inquire/ 
2222 2000 2000 0 fold 
4444 2000 2000 0 fold 
6666 1960 2000 40 blind 
5555 1980 2000 20 blind 
total pot: 60 
/inquire 
recv from player 3333: fold 

send inquire msg to player 8888 
inquire/ 
3333 2000 2000 0 fold 
2222 2000 2000 0 fold 
4444 2000 2000 0 fold 
6666 1960 2000 40 blind 
5555 1980 2000 20 blind 
total pot: 60 
/inquire 
recv from player 8888: call 
send inquire msg to player 7777 
inquire/ 
8888 1960 2000 40 call 
3333 2000 2000 0 fold 
2222 2000 2000 0 fold 
4444 2000 2000 0 fold 
6666 1960 2000 40 blind 
5555 1980 2000 20 blind 
total pot: 100 
/inquire 
recv from player 7777: call 

send inquire msg to player 1111 
inquire/ 
7777 1960 2000 40 call 
8888 1960 2000 40 call 
3333 2000 2000 0 fold 
2222 2000 2000 0 fold 
4444 2000 2000 0 fold 
6666 1960 2000 40 blind 
5555 1980 2000 20 blind 
total pot: 140 
/inquire 
recv from player 1111: fold 

send inquire msg to player 5555 
inquire/ 
1111 2000 2000 0 fold 
7777 1960 2000 40 call 
8888 1960 2000 40 call 
3333 2000 2000 0 fold 
2222 2000 2000 0 fold 
4444 2000 2000 0 fold 
6666 1960 2000 40 blind 
5555 1980 2000 20 blind 
total pot: 140 
/inquire 
recv from player 5555: call 
send inquire msg to player 6666 
inquire/ 
5555 1960 2000 40 call 
1111 2000 2000 0 fold 
7777 1960 2000 40 call 
8888 1960 2000 40 call 
3333 2000 2000 0 fold 
2222 2000 2000 0 fold 
4444 2000 2000 0 fold 
6666 1960 2000 40 blind 
total pot: 160 
/inquire 
recv from player 6666: fold 
flop/ 
HEARTS 9 
CLUBS 3 
CLUBS K 
/flop 

---flop round bet---
valid player: 8, all in player: 0, fold player: 5
send inquire msg to player 5555 
inquire/ 
1111 2000 2000 0 fold 
7777 1960 2000 40 call 
8888 1960 2000 40 call 
3333 2000 2000 0 fold 
2222 2000 2000 0 fold 
4444 2000 2000 0 fold 
6666 1960 2000 40 fold 
5555 1960 2000 40 call 
total pot: 160 
/inquire 
recv from player 5555: fold 
send notify msg to player 4444 
notify/ 
6666 1960 2000 40 fold 
5555 1960 2000 40 fold 
1111 2000 2000 0 fold 
7777 1960 2000 40 call 
8888 1960 2000 40 call 
3333 2000 2000 0 fold 
2222 2000 2000 0 fold 
4444 2000 2000 0 fold 
total pot: 160 
/notify 
send notify msg to player 3333 
notify/ 
2222 2000 2000 0 fold 
4444 2000 2000 0 fold 
6666 1960 2000 40 fold 
5555 1960 2000 40 fold 
1111 2000 2000 0 fold 
7777 1960 2000 40 call 
8888 1960 2000 40 call 
3333 2000 2000 0 fold 
total pot: 160 
/notify 
send inquire msg to player 8888 
inquire/ 
3333 2000 2000 0 fold 
2222 2000 2000 0 fold 
4444 2000 2000 0 fold 
6666 1960 2000 40 fold 
5555 1960 2000 40 fold 
1111 2000 2000 0 fold 
7777 1960 2000 40 call 
8888 1960 2000 40 call 
total pot: 160 
/inquire 
recv from player 8888: fold 
send inquire msg to player 7777 
inquire/ 
8888 1960 2000 40 fold 
3333 2000 2000 0 fold 
2222 2000 2000 0 fold 
4444 2000 2000 0 fold 
6666 1960 2000 40 fold 
5555 1960 2000 40 fold 
1111 2000 2000 0 fold 
7777 1960 2000 40 call 
total pot: 160 
/inquire 
recv from player 7777: call 


---turn round bet---
valid player: 8, all in player: 0, fold player: 7

---river round bet---
valid player: 8, all in player: 0, fold player: 7

----- notify msg last round -----
send notify msg to player 1111 
notify/ 
7777 1960 2000 40 check 
8888 1960 2000 40 fold 
3333 2000 2000 0 fold 
2222 2000 2000 0 fold 
4444 2000 2000 0 fold 
6666 1960 2000 40 fold 
5555 1960 2000 40 fold 
1111 2000 2000 0 fold 
total pot: 160 
/notify 
send notify msg to player 4444 
notify/ 
6666 1960 2000 40 fold 
5555 1960 2000 40 fold 
1111 2000 2000 0 fold 
7777 1960 2000 40 check 
8888 1960 2000 40 fold 
3333 2000 2000 0 fold 
2222 2000 2000 0 fold 
4444 2000 2000 0 fold 
total pot: 160 
/notify 
send notify msg to player 3333 
notify/ 
2222 2000 2000 0 fold 
4444 2000 2000 0 fold 
6666 1960 2000 40 fold 
5555 1960 2000 40 fold 
1111 2000 2000 0 fold 
7777 1960 2000 40 check 
8888 1960 2000 40 fold 
3333 2000 2000 0 fold 
total pot: 160 
/notify 
send notify msg to player 7777 
notify/ 
8888 1960 2000 40 fold 
3333 2000 2000 0 fold 
2222 2000 2000 0 fold 
4444 2000 2000 0 fold 
6666 1960 2000 40 fold 
5555 1960 2000 40 fold 
1111 2000 2000 0 fold 
7777 1960 2000 40 check 
total pot: 160 
/notify 

--- 1 players not fold, don't need show down---

---Allocate pot---
Only player at seat 6 not fold, win all the pot 160
pot-win/ 
7777: 160 
/pot-win 
it is player 5555's turn to be button

-----2 Hand-----

----- clean player data in socket -----
seat/ 
button: 5555 1960 2000 
small blind: 6666 1960 2000 
big blind: 4444 2000 2000 
2222 2000 2000 
3333 2000 2000 
8888 1960 2000 
7777 2120 2000 
1111 2000 2000 
/seat 
blind/ 
6666: 20 
4444: 40 
/blind 
player 6666:hold/ 
SPADES 2 
DIAMONDS J 
/hold 
player 4444:hold/ 
HEARTS 8 
CLUBS K 
/hold 
player 2222:hold/ 
CLUBS Q 
CLUBS 9 
/hold 
player 3333:hold/ 
HEARTS 3 
HEARTS K 
/hold 
player 8888:hold/ 
CLUBS A 
CLUBS 5 
/hold 
player 7777:hold/ 
SPADES 10 
DIAMONDS 7 
/hold 
player 1111:hold/ 
HEARTS 2 
DIAMONDS 2 
/hold 
player 5555:hold/ 
HEARTS A 
SPADES 4 
/hold 

---pre flop round bet---
valid player: 8, all in player: 0, fold player: 0
send inquire msg to player 2222 
inquire/ 
4444 1960 2000 40 blind 
6666 1940 2000 20 blind 
total pot: 60 
/inquire 
recv from player 2222: fold 

send inquire msg to player 3333 
inquire/ 
2222 2000 2000 0 fold 
4444 1960 2000 40 blind 
6666 1940 2000 20 blind 
total pot: 60 
/inquire 
recv from player 3333: fold 

send inquire msg to player 8888 
inquire/ 
3333 2000 2000 0 fold 
2222 2000 2000 0 fold 
4444 1960 2000 40 blind 
6666 1940 2000 20 blind 
total pot: 60 
/inquire 
recv from player 8888: call 
send inquire msg to player 7777 
inquire/ 
8888 1920 2000 40 call 
3333 2000 2000 0 fold 
2222 2000 2000 0 fold 
4444 1960 2000 40 blind 
6666 1940 2000 20 blind 
total pot: 100 
/inquire 
recv from player 7777: fold 

send inquire msg to player 1111 
inquire/ 
7777 2120 2000 0 fold 
8888 1920 2000 40 call 
3333 2000 2000 0 fold 
2222 2000 2000 0 fold 
4444 1960 2000 40 blind 
6666 1940 2000 20 blind 
total pot: 100 
/inquire 
recv from player 1111: call 

send inquire msg to player 5555 
inquire/ 
1111 1960 2000 40 call 
7777 2120 2000 0 fold 
8888 1920 2000 40 call 
3333 2000 2000 0 fold 
2222 2000 2000 0 fold 
4444 1960 2000 40 blind 
6666 1940 2000 20 blind 
total pot: 140 
/inquire 
recv from player 5555: call 
send inquire msg to player 6666 
inquire/ 
5555 1920 2000 40 call 
1111 1960 2000 40 call 
7777 2120 2000 0 fold 
8888 1920 2000 40 call 
3333 2000 2000 0 fold 
2222 2000 2000 0 fold 
4444 1960 2000 40 blind 
6666 1940 2000 20 blind 
total pot: 180 
/inquire 
recv from player 6666: fold 
send inquire msg to player 4444 
inquire/ 
6666 1940 2000 20 fold 
5555 1920 2000 40 call 
1111 1960 2000 40 call 
7777 2120 2000 0 fold 
8888 1920 2000 40 call 
3333 2000 2000 0 fold 
2222 2000 2000 0 fold 
4444 1960 2000 40 blind 
total pot: 180 
/inquire 
recv from player 4444: check 

flop/ 
SPADES 9 
DIAMONDS 3 
SPADES 5 
/flop 

---flop round bet---
valid player: 8, all in player: 0, fold player: 4
send inquire msg to player 4444 
inquire/ 
6666 1940 2000 20 fold 
5555 1920 2000 40 call 
1111 1960 2000 40 call 
7777 2120 2000 0 fold 
8888 1920 2000 40 call 
3333 2000 2000 0 fold 
2222 2000 2000 0 fold 
4444 1960 2000 40 check 
total pot: 180 
/inquire 
recv from player 4444: check 

send notify msg to player 3333 
notify/ 
2222 2000 2000 0 fold 
4444 1960 2000 40 check 
6666 1940 2000 20 fold 
5555 1920 2000 40 call 
1111 1960 2000 40 call 
7777 2120 2000 0 fold 
8888 1920 2000 40 call 
3333 2000 2000 0 fold 
total pot: 180 
/notify 
send inquire msg to player 8888 
inquire/ 
3333 2000 2000 0 fold 
2222 2000 2000 0 fold 
4444 1960 2000 40 check 
6666 1940 2000 20 fold 
5555 1920 2000 40 call 
1111 1960 2000 40 call 
7777 2120 2000 0 fold 
8888 1920 2000 40 call 
total pot: 180 
/inquire 
recv from player 8888: call 
send notify msg to player 7777 
notify/ 
8888 1920 2000 40 check 
3333 2000 2000 0 fold 
2222 2000 2000 0 fold 
4444 1960 2000 40 check 
6666 1940 2000 20 fold 
5555 1920 2000 40 call 
1111 1960 2000 40 call 
7777 2120 2000 0 fold 
total pot: 180 
/notify 
send inquire msg to player 1111 
inquire/ 
7777 2120 2000 0 fold 
8888 1920 2000 40 check 
3333 2000 2000 0 fold 
2222 2000 2000 0 fold 
4444 1960 2000 40 check 
6666 1940 2000 20 fold 
5555 1920 2000 40 call 
1111 1960 2000 40 call 
total pot: 180 
/inquire 
recv from player 1111: check 

send inquire msg to player 5555 
inquire/ 
1111 1960 2000 40 check 
7777 2120 2000 0 fold 
8888 1920 2000 40 check 
3333 2000 2000 0 fold 
2222 2000 2000 0 fold 
4444 1960 2000 40 check 
6666 1940 2000 20 fold 
5555 1920 2000 40 call 
total pot: 180 
/inquire 
recv from player 5555: call 
turn/ 
HEARTS 5 
/turn 

---turn round bet---
valid player: 8, all in player: 0, fold player: 4
send inquire msg to player 4444 
inquire/ 
6666 1940 2000 20 fold 
5555 1920 2000 40 check 
1111 1960 2000 40 check 
7777 2120 2000 0 fold 
8888 1920 2000 40 check 
3333 2000 2000 0 fold 
2222 2000 2000 0 fold 
4444 1960 2000 40 check 
total pot: 180 
/inquire 
recv from player 4444: check 

send notify msg to player 3333 
notify/ 
2222 2000 2000 0 fold 
4444 1960 2000 40 check 
6666 1940 2000 20 fold 
5555 1920 2000 40 check 
1111 1960 2000 40 check 
7777 2120 2000 0 fold 
8888 1920 2000 40 check 
3333 2000 2000 0 fold 
total pot: 180 
/notify 
send inquire msg to player 8888 
inquire/ 
3333 2000 2000 0 fold 
2222 2000 2000 0 fold 
4444 1960 2000 40 check 
6666 1940 2000 20 fold 
5555 1920 2000 40 check 
1111 1960 2000 40 check 
7777 2120 2000 0 fold 
8888 1920 2000 40 check 
total pot: 180 
/inquire 
recv from player 8888: raise 500 
send notify msg to player 7777 
notify/ 
8888 1420 2000 540 raise 
3333 2000 2000 0 fold 
2222 2000 2000 0 fold 
4444 1960 2000 40 check 
6666 1940 2000 20 fold 
5555 1920 2000 40 check 
1111 1960 2000 40 check 
7777 2120 2000 0 fold 
total pot: 680 
/notify 
send inquire msg to player 1111 
inquire/ 
7777 2120 2000 0 fold 
8888 1420 2000 540 raise 
3333 2000 2000 0 fold 
2222 2000 2000 0 fold 
4444 1960 2000 40 check 
6666 1940 2000 20 fold 
5555 1920 2000 40 check 
1111 1960 2000 40 check 
total pot: 680 
/inquire 
recv from player 1111: fold 

send inquire msg to player 5555 
inquire/ 
1111 1960 2000 40 fold 
7777 2120 2000 0 fold 
8888 1420 2000 540 raise 
3333 2000 2000 0 fold 
2222 2000 2000 0 fold 
4444 1960 2000 40 check 
6666 1940 2000 20 fold 
5555 1920 2000 40 check 
total pot: 680 
/inquire 
recv from player 5555: call 
send inquire msg to player 4444 
inquire/ 
6666 1940 2000 20 fold 
5555 1420 2000 540 call 
1111 1960 2000 40 fold 
7777 2120 2000 0 fold 
8888 1420 2000 540 raise 
3333 2000 2000 0 fold 
2222 2000 2000 0 fold 
4444 1960 2000 40 check 
total pot: 1180 
/inquire 
recv from player 4444: fold 

river/ 
HEARTS J 
/river 

---river round bet---
valid player: 8, all in player: 0, fold player: 6
send notify msg to player 4444 
notify/ 
6666 1940 2000 20 fold 
5555 1420 2000 540 call 
1111 1960 2000 40 fold 
7777 2120 2000 0 fold 
8888 1420 2000 540 raise 
3333 2000 2000 0 fold 
2222 2000 2000 0 fold 
4444 1960 2000 40 fold 
total pot: 1180 
/notify 
send notify msg to player 3333 
notify/ 
2222 2000 2000 0 fold 
4444 1960 2000 40 fold 
6666 1940 2000 20 fold 
5555 1420 2000 540 call 
1111 1960 2000 40 fold 
7777 2120 2000 0 fold 
8888 1420 2000 540 raise 
3333 2000 2000 0 fold 
total pot: 1180 
/notify 
send inquire msg to player 8888 
inquire/ 
3333 2000 2000 0 fold 
2222 2000 2000 0 fold 
4444 1960 2000 40 fold 
6666 1940 2000 20 fold 
5555 1420 2000 540 call 
1111 1960 2000 40 fold 
7777 2120 2000 0 fold 
8888 1420 2000 540 raise 
total pot: 1180 
/inquire 
recv from player 8888: raise 1000 
send notify msg to player 7777 
notify/ 
8888 420 2000 1540 raise 
3333 2000 2000 0 fold 
2222 2000 2000 0 fold 
4444 1960 2000 40 fold 
6666 1940 2000 20 fold 
5555 1420 2000 540 call 
1111 1960 2000 40 fold 
7777 2120 2000 0 fold 
total pot: 2180 
/notify 
send notify msg to player 1111 
notify/ 
7777 2120 2000 0 fold 
8888 420 2000 1540 raise 
3333 2000 2000 0 fold 
2222 2000 2000 0 fold 
4444 1960 2000 40 fold 
6666 1940 2000 20 fold 
5555 1420 2000 540 call 
1111 1960 2000 40 fold 
total pot: 2180 
/notify 
send inquire msg to player 5555 
inquire/ 
1111 1960 2000 40 fold 
7777 2120 2000 0 fold 
8888 420 2000 1540 raise 
3333 2000 2000 0 fold 
2222 2000 2000 0 fold 
4444 1960 2000 40 fold 
6666 1940 2000 20 fold 
5555 1420 2000 540 call 
total pot: 2180 
/inquire 
recv from player 5555: fold 

----- notify msg last round -----
send notify msg to player 4444 
notify/ 
6666 1940 2000 20 fold 
5555 1420 2000 540 fold 
1111 1960 2000 40 fold 
7777 2120 2000 0 fold 
8888 420 2000 1540 raise 
3333 2000 2000 0 fold 
2222 2000 2000 0 fold 
4444 1960 2000 40 fold 
total pot: 2180 
/notify 
send notify msg to player 3333 
notify/ 
2222 2000 2000 0 fold 
4444 1960 2000 40 fold 
6666 1940 2000 20 fold 
5555 1420 2000 540 fold 
1111 1960 2000 40 fold 
7777 2120 2000 0 fold 
8888 420 2000 1540 raise 
3333 2000 2000 0 fold 
total pot: 2180 
/notify 
send notify msg to player 7777 
notify/ 
8888 420 2000 1540 raise 
3333 2000 2000 0 fold 
2222 2000 2000 0 fold 
4444 1960 2000 40 fold 
6666 1940 2000 20 fold 
5555 1420 2000 540 fold 
1111 1960 2000 40 fold 
7777 2120 2000 0 fold 
total pot: 2180 
/notify 
send notify msg to player 1111 
notify/ 
7777 2120 2000 0 fold 
8888 420 2000 1540 raise 
3333 2000 2000 0 fold 
2222 2000 2000 0 fold 
4444 1960 2000 40 fold 
6666 1940 2000 20 fold 
5555 1420 2000 540 fold 
1111 1960 2000 40 fold 
total pot: 2180 
/notify 

--- 1 players not fold, don't need show down---

---Allocate pot---
Only player at seat 4 not fold, win all the pot 2180
pot-win/ 
8888: 2180 
/pot-win 
it is player 6666's turn to be button

-----3 Hand-----

----- clean player data in socket -----
seat/ 
button: 6666 1940 2000 
small blind: 4444 1960 2000 
big blind: 2222 2000 2000 
3333 2000 2000 
8888 2600 2000 
7777 2120 2000 
1111 1960 2000 
5555 1420 2000 
/seat 
blind/ 
4444: 20 
2222: 40 
/blind 
player 4444:hold/ 
CLUBS 7 
HEARTS J 
/hold 
player 2222:hold/ 
SPADES 6 
CLUBS J 
/hold 
player 3333:hold/ 
CLUBS 8 
SPADES 5 
/hold 
player 8888:hold/ 
DIAMONDS 6 
DIAMONDS 7 
/hold 
player 7777:hold/ 
SPADES 7 
DIAMONDS 8 
/hold 
player 1111:hold/ 
SPADES A 
DIAMONDS 9 
/hold 
player 5555:hold/ 
CLUBS 5 
CLUBS 9 
/hold 
player 6666:hold/ 
HEARTS K 
DIAMONDS A 
/hold 

---pre flop round bet---
valid player: 8, all in player: 0, fold player: 0
send inquire msg to player 3333 
inquire/ 
2222 1960 2000 40 blind 
4444 1940 2000 20 blind 
total pot: 60 
/inquire 
recv from player 3333: fold 

send inquire msg to player 8888 
inquire/ 
3333 2000 2000 0 fold 
2222 1960 2000 40 blind 
4444 1940 2000 20 blind 
total pot: 60 
/inquire 
recv from player 8888: call 
send inquire msg to player 7777 
inquire/ 
8888 2560 2000 40 call 
3333 2000 2000 0 fold 
2222 1960 2000 40 blind 
4444 1940 2000 20 blind 
total pot: 100 
/inquire 
recv from player 7777: fold 

send inquire msg to player 1111 
inquire/ 
7777 2120 2000 0 fold 
8888 2560 2000 40 call 
3333 2000 2000 0 fold 
2222 1960 2000 40 blind 
4444 1940 2000 20 blind 
total pot: 100 
/inquire 
recv from player 1111: call 

send inquire msg to player 5555 
inquire/ 
1111 1920 2000 40 call 
7777 2120 2000 0 fold 
8888 2560 2000 40 call 
3333 2000 2000 0 fold 
2222 1960 2000 40 blind 
4444 1940 2000 20 blind 
total pot: 140 
/inquire 
recv from player 5555: call 
send inquire msg to player 6666 
inquire/ 
5555 1380 2000 40 call 
1111 1920 2000 40 call 
7777 2120 2000 0 fold 
8888 2560 2000 40 call 
3333 2000 2000 0 fold 
2222 1960 2000 40 blind 
4444 1940 2000 20 blind 
total pot: 180 
/inquire 
recv from player 6666: raise 200 
send inquire msg to player 4444 
inquire/ 
6666 1700 2000 240 raise 
5555 1380 2000 40 call 
1111 1920 2000 40 call 
7777 2120 2000 0 fold 
8888 2560 2000 40 call 
3333 2000 2000 0 fold 
2222 1960 2000 40 blind 
4444 1940 2000 20 blind 
total pot: 420 
/inquire 
recv from player 4444: fold 

send inquire msg to player 2222 
inquire/ 
4444 1940 2000 20 fold 
6666 1700 2000 240 raise 
5555 1380 2000 40 call 
1111 1920 2000 40 call 
7777 2120 2000 0 fold 
8888 2560 2000 40 call 
3333 2000 2000 0 fold 
2222 1960 2000 40 blind 
total pot: 420 
/inquire 
recv from player 2222: fold 

send notify msg to player 3333 
notify/ 
2222 1960 2000 40 fold 
4444 1940 2000 20 fold 
6666 1700 2000 240 raise 
5555 1380 2000 40 call 
1111 1920 2000 40 call 
7777 2120 2000 0 fold 
8888 2560 2000 40 call 
3333 2000 2000 0 fold 
total pot: 420 
/notify 
send inquire msg to player 8888 
inquire/ 
3333 2000 2000 0 fold 
2222 1960 2000 40 fold 
4444 1940 2000 20 fold 
6666 1700 2000 240 raise 
5555 1380 2000 40 call 
1111 1920 2000 40 call 
7777 2120 2000 0 fold 
8888 2560 2000 40 call 
total pot: 420 
/inquire 
recv from player 8888: fold 
send notify msg to player 7777 
notify/ 
8888 2560 2000 40 fold 
3333 2000 2000 0 fold 
2222 1960 2000 40 fold 
4444 1940 2000 20 fold 
6666 1700 2000 240 raise 
5555 1380 2000 40 call 
1111 1920 2000 40 call 
7777 2120 2000 0 fold 
total pot: 420 
/notify 
send inquire msg to player 1111 
inquire/ 
7777 2120 2000 0 fold 
8888 2560 2000 40 fold 
3333 2000 2000 0 fold 
2222 1960 2000 40 fold 
4444 1940 2000 20 fold 
6666 1700 2000 240 raise 
5555 1380 2000 40 call 
1111 1920 2000 40 call 
total pot: 420 
/inquire 
recv from player 1111: fold 

send inquire msg to player 5555 
inquire/ 
1111 1920 2000 40 fold 
7777 2120 2000 0 fold 
8888 2560 2000 40 fold 
3333 2000 2000 0 fold 
2222 1960 2000 40 fold 
4444 1940 2000 20 fold 
6666 1700 2000 240 raise 
5555 1380 2000 40 call 
total pot: 420 
/inquire 
recv from player 5555: fold 

---flop round bet---
valid player: 8, all in player: 0, fold player: 7

---turn round bet---
valid player: 8, all in player: 0, fold player: 7

---river round bet---
valid player: 8, all in player: 0, fold player: 7

----- notify msg last round -----
send notify msg to player 4444 
notify/ 
6666 1700 2000 240 raise 
5555 1380 2000 40 fold 
1111 1920 2000 40 fold 
7777 2120 2000 0 fold 
8888 2560 2000 40 fold 
3333 2000 2000 0 fold 
2222 1960 2000 40 fold 
4444 1940 2000 20 fold 
total pot: 420 
/notify 
send notify msg to player 3333 
notify/ 
2222 1960 2000 40 fold 
4444 1940 2000 20 fold 
6666 1700 2000 240 raise 
5555 1380 2000 40 fold 
1111 1920 2000 40 fold 
7777 2120 2000 0 fold 
8888 2560 2000 40 fold 
3333 2000 2000 0 fold 
total pot: 420 
/notify 
send notify msg to player 7777 
notify/ 
8888 2560 2000 40 fold 
3333 2000 2000 0 fold 
2222 1960 2000 40 fold 
4444 1940 2000 20 fold 
6666 1700 2000 240 raise 
5555 1380 2000 40 fold 
1111 1920 2000 40 fold 
7777 2120 2000 0 fold 
total pot: 420 
/notify 
send notify msg to player 1111 
notify/ 
7777 2120 2000 0 fold 
8888 2560 2000 40 fold 
3333 2000 2000 0 fold 
2222 1960 2000 40 fold 
4444 1940 2000 20 fold 
6666 1700 2000 240 raise 
5555 1380 2000 40 fold 
1111 1920 2000 40 fold 
total pot: 420 
/notify 

--- 1 players not fold, don't need show down---

---Allocate pot---
Only player at seat 7 not fold, win all the pot 420
pot-win/ 
6666: 420 
/pot-win 
it is player 4444's turn to be button

-----4 Hand-----

----- clean player data in socket -----
seat/ 
button: 4444 1940 2000 
small blind: 2222 1960 2000 
big blind: 3333 2000 2000 
8888 2560 2000 
7777 2120 2000 
1111 1920 2000 
5555 1380 2000 
6666 2120 2000 
/seat 
blind/ 
2222: 20 
3333: 40 
/blind 
player 2222:hold/ 
HEARTS J 
DIAMONDS K 
/hold 
player 3333:hold/ 
HEARTS 2 
SPADES Q 
/hold 
player 8888:hold/ 
CLUBS 6 
DIAMONDS 6 
/hold 
player 7777:hold/ 
CLUBS 7 
HEARTS 6 
/hold 
player 1111:hold/ 
CLUBS K 
HEARTS 9 
/hold 
player 5555:hold/ 
DIAMONDS 9 
CLUBS J 
/hold 
player 6666:hold/ 
CLUBS 8 
SPADES 5 
/hold 
player 4444:hold/ 
CLUBS 4 
HEARTS 3 
/hold 

---pre flop round bet---
valid player: 8, all in player: 0, fold player: 0
send inquire msg to player 8888 
inquire/ 
3333 1960 2000 40 blind 
2222 1940 2000 20 blind 
total pot: 60 
/inquire 
recv from player 8888: call 
send inquire msg to player 7777 
inquire/ 
8888 2520 2000 40 call 
3333 1960 2000 40 blind 
2222 1940 2000 20 blind 
total pot: 100 
/inquire 
recv from player 7777: fold 

send inquire msg to player 1111 
inquire/ 
7777 2120 2000 0 fold 
8888 2520 2000 40 call 
3333 1960 2000 40 blind 
2222 1940 2000 20 blind 
total pot: 100 
/inquire 
recv from player 1111: fold 

send inquire msg to player 5555 
inquire/ 
1111 1920 2000 0 fold 
7777 2120 2000 0 fold 
8888 2520 2000 40 call 
3333 1960 2000 40 blind 
2222 1940 2000 20 blind 
total pot: 100 
/inquire 
recv from player 5555: call 
send inquire msg to player 6666 
inquire/ 
5555 1340 2000 40 call 
1111 1920 2000 0 fold 
7777 2120 2000 0 fold 
8888 2520 2000 40 call 
3333 1960 2000 40 blind 
2222 1940 2000 20 blind 
total pot: 140 
/inquire 
recv from player 6666: fold 
send inquire msg to player 4444 
inquire/ 
6666 2120 2000 0 fold 
5555 1340 2000 40 call 
1111 1920 2000 0 fold 
7777 2120 2000 0 fold 
8888 2520 2000 40 call 
3333 1960 2000 40 blind 
2222 1940 2000 20 blind 
total pot: 140 
/inquire 
recv from player 4444: fold 

send inquire msg to player 2222 
inquire/ 
4444 1940 2000 0 fold 
6666 2120 2000 0 fold 
5555 1340 2000 40 call 
1111 1920 2000 0 fold 
7777 2120 2000 0 fold 
8888 2520 2000 40 call 
3333 1960 2000 40 blind 
2222 1940 2000 20 blind 
total pot: 140 
/inquire 
recv from player 2222: call 

send inquire msg to player 3333 
inquire/ 
2222 1920 2000 40 call 
4444 1940 2000 0 fold 
6666 2120 2000 0 fold 
5555 1340 2000 40 call 
1111 1920 2000 0 fold 
7777 2120 2000 0 fold 
8888 2520 2000 40 call 
3333 1960 2000 40 blind 
total pot: 160 
/inquire 
recv from player 3333: fold 

flop/ 
SPADES 10 
CLUBS A 
SPADES 7 
/flop 

---flop round bet---
valid player: 8, all in player: 0, fold player: 5
send inquire msg to player 2222 
inquire/ 
4444 1940 2000 0 fold 
6666 2120 2000 0 fold 
5555 1340 2000 40 call 
1111 1920 2000 0 fold 
7777 2120 2000 0 fold 
8888 2520 2000 40 call 
3333 1960 2000 40 fold 
2222 1920 2000 40 call 
total pot: 160 
/inquire 
recv from player 2222: call 

send notify msg to player 3333 
notify/ 
2222 1920 2000 40 check 
4444 1940 2000 0 fold 
6666 2120 2000 0 fold 
5555 1340 2000 40 call 
1111 1920 2000 0 fold 
7777 2120 2000 0 fold 
8888 2520 2000 40 call 
3333 1960 2000 40 fold 
total pot: 160 
/notify 
send inquire msg to player 8888 
inquire/ 
3333 1960 2000 40 fold 
2222 1920 2000 40 check 
4444 1940 2000 0 fold 
6666 2120 2000 0 fold 
5555 1340 2000 40 call 
1111 1920 2000 0 fold 
7777 2120 2000 0 fold 
8888 2520 2000 40 call 
total pot: 160 
/inquire 
recv from player 8888: call 
send notify msg to player 7777 
notify/ 
8888 2520 2000 40 check 
3333 1960 2000 40 fold 
2222 1920 2000 40 check 
4444 1940 2000 0 fold 
6666 2120 2000 0 fold 
5555 1340 2000 40 call 
1111 1920 2000 0 fold 
7777 2120 2000 0 fold 
total pot: 160 
/notify 
send notify msg to player 1111 
notify/ 
7777 2120 2000 0 fold 
8888 2520 2000 40 check 
3333 1960 2000 40 fold 
2222 1920 2000 40 check 
4444 1940 2000 0 fold 
6666 2120 2000 0 fold 
5555 1340 2000 40 call 
1111 1920 2000 0 fold 
total pot: 160 
/notify 
send inquire msg to player 5555 
inquire/ 
1111 1920 2000 0 fold 
7777 2120 2000 0 fold 
8888 2520 2000 40 check 
3333 1960 2000 40 fold 
2222 1920 2000 40 check 
4444 1940 2000 0 fold 
6666 2120 2000 0 fold 
5555 1340 2000 40 call 
total pot: 160 
/inquire 
recv from player 5555: fold 
turn/ 
CLUBS 9 
/turn 

---turn round bet---
valid player: 8, all in player: 0, fold player: 6
send inquire msg to player 2222 
inquire/ 
4444 1940 2000 0 fold 
6666 2120 2000 0 fold 
5555 1340 2000 40 fold 
1111 1920 2000 0 fold 
7777 2120 2000 0 fold 
8888 2520 2000 40 check 
3333 1960 2000 40 fold 
2222 1920 2000 40 check 
total pot: 160 
/inquire 
recv from player 2222: call 

send notify msg to player 3333 
notify/ 
2222 1920 2000 40 check 
4444 1940 2000 0 fold 
6666 2120 2000 0 fold 
5555 1340 2000 40 fold 
1111 1920 2000 0 fold 
7777 2120 2000 0 fold 
8888 2520 2000 40 check 
3333 1960 2000 40 fold 
total pot: 160 
/notify 
send inquire msg to player 8888 
inquire/ 
3333 1960 2000 40 fold 
2222 1920 2000 40 check 
4444 1940 2000 0 fold 
6666 2120 2000 0 fold 
5555 1340 2000 40 fold 
1111 1920 2000 0 fold 
7777 2120 2000 0 fold 
8888 2520 2000 40 check 
total pot: 160 
/inquire 
recv from player 8888: check 
river/ 
HEARTS 7 
/river 

---river round bet---
valid player: 8, all in player: 0, fold player: 6
send inquire msg to player 2222 
inquire/ 
4444 1940 2000 0 fold 
6666 2120 2000 0 fold 
5555 1340 2000 40 fold 
1111 1920 2000 0 fold 
7777 2120 2000 0 fold 
8888 2520 2000 40 check 
3333 1960 2000 40 fold 
2222 1920 2000 40 check 
total pot: 160 
/inquire 
recv from player 2222: call 

send notify msg to player 3333 
notify/ 
2222 1920 2000 40 check 
4444 1940 2000 0 fold 
6666 2120 2000 0 fold 
5555 1340 2000 40 fold 
1111 1920 2000 0 fold 
7777 2120 2000 0 fold 
8888 2520 2000 40 check 
3333 1960 2000 40 fold 
total pot: 160 
/notify 
send inquire msg to player 8888 
inquire/ 
3333 1960 2000 40 fold 
2222 1920 2000 40 check 
4444 1940 2000 0 fold 
6666 2120 2000 0 fold 
5555 1340 2000 40 fold 
1111 1920 2000 0 fold 
7777 2120 2000 0 fold 
8888 2520 2000 40 check 
total pot: 160 
/inquire 
recv from player 8888: check 

----- notify msg last round -----
send notify msg to player 7777 
notify/ 
8888 2520 2000 40 check 
3333 1960 2000 40 fold 
2222 1920 2000 40 check 
4444 1940 2000 0 fold 
6666 2120 2000 0 fold 
5555 1340 2000 40 fold 
1111 1920 2000 0 fold 
7777 2120 2000 0 fold 
total pot: 160 
/notify 
send notify msg to player 1111 
notify/ 
7777 2120 2000 0 fold 
8888 2520 2000 40 check 
3333 1960 2000 40 fold 
2222 1920 2000 40 check 
4444 1940 2000 0 fold 
6666 2120 2000 0 fold 
5555 1340 2000 40 fold 
1111 1920 2000 0 fold 
total pot: 160 
/notify 
send notify msg to player 4444 
notify/ 
6666 2120 2000 0 fold 
5555 1340 2000 40 fold 
1111 1920 2000 0 fold 
7777 2120 2000 0 fold 
8888 2520 2000 40 check 
3333 1960 2000 40 fold 
2222 1920 2000 40 check 
4444 1940 2000 0 fold 
total pot: 160 
/notify 
send notify msg to player 3333 
notify/ 
2222 1920 2000 40 check 
4444 1940 2000 0 fold 
6666 2120 2000 0 fold 
5555 1340 2000 40 fold 
1111 1920 2000 0 fold 
7777 2120 2000 0 fold 
8888 2520 2000 40 check 
3333 1960 2000 40 fold 
total pot: 160 
/notify 

---show down---
showdown/ 
common/ 
SPADES 10 
CLUBS A 
SPADES 7 
CLUBS 9 
HEARTS 7 
/common 
2: 2222 HEARTS J DIAMONDS K ONE_PAIR 
1: 8888 CLUBS 6 DIAMONDS 6 TWO_PAIR 
/showdown 

---Allocate pot---
pot-win/ 
8888: 160 
/pot-win 
it is player 2222's turn to be button

-----5 Hand-----

----- clean player data in socket -----
seat/ 
button: 2222 1920 2000 
small blind: 3333 1960 2000 
big blind: 8888 2680 2000 
7777 2120 2000 
1111 1920 2000 
5555 1340 2000 
6666 2120 2000 
4444 1940 2000 
/seat 
blind/ 
3333: 20 
8888: 40 
/blind 
player 3333:hold/ 
DIAMONDS 10 
SPADES 2 
/hold 
player 8888:hold/ 
HEARTS A 
SPADES 4 
/hold 
player 7777:hold/ 
CLUBS 4 
HEARTS 6 
/hold 
player 1111:hold/ 
CLUBS Q 
CLUBS 5 
/hold 
player 5555:hold/ 
DIAMONDS 9 
HEARTS 2 
/hold 
player 6666:hold/ 
HEARTS Q 
DIAMONDS 7 
/hold 
player 4444:hold/ 
SPADES A 
DIAMONDS 5 
/hold 
player 2222:hold/ 
SPADES 9 
HEARTS 4 
/hold 

---pre flop round bet---
valid player: 8, all in player: 0, fold player: 0
send inquire msg to player 7777 
inquire/ 
8888 2640 2000 40 blind 
3333 1940 2000 20 blind 
total pot: 60 
/inquire 
recv from player 7777: fold 

send inquire msg to player 1111 
inquire/ 
7777 2120 2000 0 fold 
8888 2640 2000 40 blind 
3333 1940 2000 20 blind 
total pot: 60 
/inquire 
recv from player 1111: fold 

send inquire msg to player 5555 
inquire/ 
1111 1920 2000 0 fold 
7777 2120 2000 0 fold 
8888 2640 2000 40 blind 
3333 1940 2000 20 blind 
total pot: 60 
/inquire 
recv from player 5555: call 
send inquire msg to player 6666 
inquire/ 
5555 1300 2000 40 call 
1111 1920 2000 0 fold 
7777 2120 2000 0 fold 
8888 2640 2000 40 blind 
3333 1940 2000 20 blind 
total pot: 100 
/inquire 
recv from player 6666: fold 
send inquire msg to player 4444 
inquire/ 
6666 2120 2000 0 fold 
5555 1300 2000 40 call 
1111 1920 2000 0 fold 
7777 2120 2000 0 fold 
8888 2640 2000 40 blind 
3333 1940 2000 20 blind 
total pot: 100 
/inquire 
recv from player 4444: fold 

send inquire msg to player 2222 
inquire/ 
4444 1940 2000 0 fold 
6666 2120 2000 0 fold 
5555 1300 2000 40 call 
1111 1920 2000 0 fold 
7777 2120 2000 0 fold 
8888 2640 2000 40 blind 
3333 1940 2000 20 blind 
total pot: 100 
/inquire 
recv from player 2222: fold 

send inquire msg to player 3333 
inquire/ 
2222 1920 2000 0 fold 
4444 1940 2000 0 fold 
6666 2120 2000 0 fold 
5555 1300 2000 40 call 
1111 1920 2000 0 fold 
7777 2120 2000 0 fold 
8888 2640 2000 40 blind 
3333 1940 2000 20 blind 
total pot: 100 
/inquire 
recv from player 3333: fold 

send inquire msg to player 8888 
inquire/ 
3333 1940 2000 20 fold 
2222 1920 2000 0 fold 
4444 1940 2000 0 fold 
6666 2120 2000 0 fold 
5555 1300 2000 40 call 
1111 1920 2000 0 fold 
7777 2120 2000 0 fold 
8888 2640 2000 40 blind 
total pot: 100 
/inquire 
recv from player 8888: call 
flop/ 
SPADES Q 
DIAMONDS 2 
DIAMONDS J 
/flop 

---flop round bet---
valid player: 8, all in player: 0, fold player: 6
send notify msg to player 3333 
notify/ 
2222 1920 2000 0 fold 
4444 1940 2000 0 fold 
6666 2120 2000 0 fold 
5555 1300 2000 40 call 
1111 1920 2000 0 fold 
7777 2120 2000 0 fold 
8888 2640 2000 40 check 
3333 1940 2000 20 fold 
total pot: 100 
/notify 
send inquire msg to player 8888 
inquire/ 
3333 1940 2000 20 fold 
2222 1920 2000 0 fold 
4444 1940 2000 0 fold 
6666 2120 2000 0 fold 
5555 1300 2000 40 call 
1111 1920 2000 0 fold 
7777 2120 2000 0 fold 
8888 2640 2000 40 check 
total pot: 100 
/inquire 
recv from player 8888: check 
send notify msg to player 7777 
notify/ 
8888 2640 2000 40 check 
3333 1940 2000 20 fold 
2222 1920 2000 0 fold 
4444 1940 2000 0 fold 
6666 2120 2000 0 fold 
5555 1300 2000 40 call 
1111 1920 2000 0 fold 
7777 2120 2000 0 fold 
total pot: 100 
/notify 
send notify msg to player 1111 
notify/ 
7777 2120 2000 0 fold 
8888 2640 2000 40 check 
3333 1940 2000 20 fold 
2222 1920 2000 0 fold 
4444 1940 2000 0 fold 
6666 2120 2000 0 fold 
5555 1300 2000 40 call 
1111 1920 2000 0 fold 
total pot: 100 
/notify 
send inquire msg to player 5555 
inquire/ 
1111 1920 2000 0 fold 
7777 2120 2000 0 fold 
8888 2640 2000 40 check 
3333 1940 2000 20 fold 
2222 1920 2000 0 fold 
4444 1940 2000 0 fold 
6666 2120 2000 0 fold 
5555 1300 2000 40 call 
total pot: 100 
/inquire 
recv from player 5555: call 
turn/ 
SPADES 7 
/turn 

---turn round bet---
valid player: 8, all in player: 0, fold player: 6
send notify msg to player 3333 
notify/ 
2222 1920 2000 0 fold 
4444 1940 2000 0 fold 
6666 2120 2000 0 fold 
5555 1300 2000 40 check 
1111 1920 2000 0 fold 
7777 2120 2000 0 fold 
8888 2640 2000 40 check 
3333 1940 2000 20 fold 
total pot: 100 
/notify 
send inquire msg to player 8888 
inquire/ 
3333 1940 2000 20 fold 
2222 1920 2000 0 fold 
4444 1940 2000 0 fold 
6666 2120 2000 0 fold 
5555 1300 2000 40 check 
1111 1920 2000 0 fold 
7777 2120 2000 0 fold 
8888 2640 2000 40 check 
total pot: 100 
/inquire 
recv from player 8888: check 
send notify msg to player 7777 
notify/ 
8888 2640 2000 40 check 
3333 1940 2000 20 fold 
2222 1920 2000 0 fold 
4444 1940 2000 0 fold 
6666 2120 2000 0 fold 
5555 1300 2000 40 check 
1111 1920 2000 0 fold 
7777 2120 2000 0 fold 
total pot: 100 
/notify 
send notify msg to player 1111 
notify/ 
7777 2120 2000 0 fold 
8888 2640 2000 40 check 
3333 1940 2000 20 fold 
2222 1920 2000 0 fold 
4444 1940 2000 0 fold 
6666 2120 2000 0 fold 
5555 1300 2000 40 check 
1111 1920 2000 0 fold 
total pot: 100 
/notify 
send inquire msg to player 5555 
inquire/ 
1111 1920 2000 0 fold 
7777 2120 2000 0 fold 
8888 2640 2000 40 check 
3333 1940 2000 20 fold 
2222 1920 2000 0 fold 
4444 1940 2000 0 fold 
6666 2120 2000 0 fold 
5555 1300 2000 40 check 
total pot: 100 
/inquire 
recv from player 5555: check 
river/ 
DIAMONDS Q 
/river 

---river round bet---
valid player: 8, all in player: 0, fold player: 6
send notify msg to player 3333 
notify/ 
2222 1920 2000 0 fold 
4444 1940 2000 0 fold 
6666 2120 2000 0 fold 
5555 1300 2000 40 check 
1111 1920 2000 0 fold 
7777 2120 2000 0 fold 
8888 2640 2000 40 check 
3333 1940 2000 20 fold 
total pot: 100 
/notify 
send inquire msg to player 8888 
inquire/ 
3333 1940 2000 20 fold 
2222 1920 2000 0 fold 
4444 1940 2000 0 fold 
6666 2120 2000 0 fold 
5555 1300 2000 40 check 
1111 1920 2000 0 fold 
7777 2120 2000 0 fold 
8888 2640 2000 40 check 
total pot: 100 
/inquire 
recv from player 8888: check 
send notify msg to player 7777 
notify/ 
8888 2640 2000 40 check 
3333 1940 2000 20 fold 
2222 1920 2000 0 fold 
4444 1940 2000 0 fold 
6666 2120 2000 0 fold 
5555 1300 2000 40 check 
1111 1920 2000 0 fold 
7777 2120 2000 0 fold 
total pot: 100 
/notify 
send notify msg to player 1111 
notify/ 
7777 2120 2000 0 fold 
8888 2640 2000 40 check 
3333 1940 2000 20 fold 
2222 1920 2000 0 fold 
4444 1940 2000 0 fold 
6666 2120 2000 0 fold 
5555 1300 2000 40 check 
1111 1920 2000 0 fold 
total pot: 100 
/notify 
send inquire msg to player 5555 
inquire/ 
1111 1920 2000 0 fold 
7777 2120 2000 0 fold 
8888 2640 2000 40 check 
3333 1940 2000 20 fold 
2222 1920 2000 0 fold 
4444 1940 2000 0 fold 
6666 2120 2000 0 fold 
5555 1300 2000 40 check 
total pot: 100 
/inquire 
recv from player 5555: check 

----- notify msg last round -----
send notify msg to player 4444 
notify/ 
6666 2120 2000 0 fold 
5555 1300 2000 40 check 
1111 1920 2000 0 fold 
7777 2120 2000 0 fold 
8888 2640 2000 40 check 
3333 1940 2000 20 fold 
2222 1920 2000 0 fold 
4444 1940 2000 0 fold 
total pot: 100 
/notify 
send notify msg to player 3333 
notify/ 
2222 1920 2000 0 fold 
4444 1940 2000 0 fold 
6666 2120 2000 0 fold 
5555 1300 2000 40 check 
1111 1920 2000 0 fold 
7777 2120 2000 0 fold 
8888 2640 2000 40 check 
3333 1940 2000 20 fold 
total pot: 100 
/notify 
send notify msg to player 7777 
notify/ 
8888 2640 2000 40 check 
3333 1940 2000 20 fold 
2222 1920 2000 0 fold 
4444 1940 2000 0 fold 
6666 2120 2000 0 fold 
5555 1300 2000 40 check 
1111 1920 2000 0 fold 
7777 2120 2000 0 fold 
total pot: 100 
/notify 
send notify msg to player 1111 
notify/ 
7777 2120 2000 0 fold 
8888 2640 2000 40 check 
3333 1940 2000 20 fold 
2222 1920 2000 0 fold 
4444 1940 2000 0 fold 
6666 2120 2000 0 fold 
5555 1300 2000 40 check 
1111 1920 2000 0 fold 
total pot: 100 
/notify 

---show down---
showdown/ 
common/ 
SPADES Q 
DIAMONDS 2 
DIAMONDS J 
SPADES 7 
DIAMONDS Q 
/common 
2: 8888 HEARTS A SPADES 4 ONE_PAIR 
1: 5555 DIAMONDS 9 HEARTS 2 TWO_PAIR 
/showdown 

---Allocate pot---
pot-win/ 
5555: 100 
/pot-win 
it is player 3333's turn to be button

-----6 Hand-----

----- clean player data in socket -----
seat/ 
button: 3333 1940 2000 
small blind: 8888 2640 2000 
big blind: 7777 2120 2000 
1111 1920 2000 
5555 1400 2000 
6666 2120 2000 
4444 1940 2000 
2222 1920 2000 
/seat 
blind/ 
8888: 20 
7777: 40 
/blind 
player 8888:hold/ 
SPADES 4 
SPADES K 
/hold 
player 7777:hold/ 
HEARTS 2 
SPADES 7 
/hold 
player 1111:hold/ 
CLUBS A 
CLUBS 7 
/hold 
player 5555:hold/ 
DIAMONDS Q 
DIAMONDS 9 
/hold 
player 6666:hold/ 
CLUBS K 
CLUBS Q 
/hold 
player 4444:hold/ 
DIAMONDS 10 
SPADES 2 
/hold 
player 2222:hold/ 
CLUBS 5 
DIAMONDS 2 
/hold 
player 3333:hold/ 
SPADES A 
SPADES 9 
/hold 

---pre flop round bet---
valid player: 8, all in player: 0, fold player: 0
send inquire msg to player 1111 
inquire/ 
7777 2080 2000 40 blind 
8888 2620 2000 20 blind 
total pot: 60 
/inquire 
recv from player 1111: call 

send inquire msg to player 5555 
inquire/ 
1111 1880 2000 40 call 
7777 2080 2000 40 blind 
8888 2620 2000 20 blind 
total pot: 100 
/inquire 
recv from player 5555: call 
send inquire msg to player 6666 
inquire/ 
5555 1360 2000 40 call 
1111 1880 2000 40 call 
7777 2080 2000 40 blind 
8888 2620 2000 20 blind 
total pot: 140 
/inquire 
recv from player 6666: raise 200 
send inquire msg to player 4444 
inquire/ 
6666 1880 2000 240 raise 
5555 1360 2000 40 call 
1111 1880 2000 40 call 
7777 2080 2000 40 blind 
8888 2620 2000 20 blind 
total pot: 380 
/inquire 
recv from player 4444: fold 

send inquire msg to player 2222 
inquire/ 
4444 1940 2000 0 fold 
6666 1880 2000 240 raise 
5555 1360 2000 40 call 
1111 1880 2000 40 call 
7777 2080 2000 40 blind 
8888 2620 2000 20 blind 
total pot: 380 
/inquire 
recv from player 2222: fold 

send inquire msg to player 3333 
inquire/ 
2222 1920 2000 0 fold 
4444 1940 2000 0 fold 
6666 1880 2000 240 raise 
5555 1360 2000 40 call 
1111 1880 2000 40 call 
7777 2080 2000 40 blind 
8888 2620 2000 20 blind 
total pot: 380 
/inquire 
recv from player 3333: fold 

send inquire msg to player 8888 
inquire/ 
3333 1940 2000 0 fold 
2222 1920 2000 0 fold 
4444 1940 2000 0 fold 
6666 1880 2000 240 raise 
5555 1360 2000 40 call 
1111 1880 2000 40 call 
7777 2080 2000 40 blind 
8888 2620 2000 20 blind 
total pot: 380 
/inquire 
recv from player 8888: fold 
send inquire msg to player 7777 
inquire/ 
8888 2620 2000 20 fold 
3333 1940 2000 0 fold 
2222 1920 2000 0 fold 
4444 1940 2000 0 fold 
6666 1880 2000 240 raise 
5555 1360 2000 40 call 
1111 1880 2000 40 call 
7777 2080 2000 40 blind 
total pot: 380 
/inquire 
recv from player 7777: fold 

send inquire msg to player 1111 
inquire/ 
7777 2080 2000 40 fold 
8888 2620 2000 20 fold 
3333 1940 2000 0 fold 
2222 1920 2000 0 fold 
4444 1940 2000 0 fold 
6666 1880 2000 240 raise 
5555 1360 2000 40 call 
1111 1880 2000 40 call 
total pot: 380 
/inquire 
recv from player 1111: fold 

send inquire msg to player 5555 
inquire/ 
1111 1880 2000 40 fold 
7777 2080 2000 40 fold 
8888 2620 2000 20 fold 
3333 1940 2000 0 fold 
2222 1920 2000 0 fold 
4444 1940 2000 0 fold 
6666 1880 2000 240 raise 
5555 1360 2000 40 call 
total pot: 380 
/inquire 
recv from player 5555: fold 

---flop round bet---
valid player: 8, all in player: 0, fold player: 7

---turn round bet---
valid player: 8, all in player: 0, fold player: 7

---river round bet---
valid player: 8, all in player: 0, fold player: 7

----- notify msg last round -----
send notify msg to player 4444 
notify/ 
6666 1880 2000 240 raise 
5555 1360 2000 40 fold 
1111 1880 2000 40 fold 
7777 2080 2000 40 fold 
8888 2620 2000 20 fold 
3333 1940 2000 0 fold 
2222 1920 2000 0 fold 
4444 1940 2000 0 fold 
total pot: 380 
/notify 
send notify msg to player 3333 
notify/ 
2222 1920 2000 0 fold 
4444 1940 2000 0 fold 
6666 1880 2000 240 raise 
5555 1360 2000 40 fold 
1111 1880 2000 40 fold 
7777 2080 2000 40 fold 
