

===VERSION 1.31===
---GAME START @ 2015-6-13-22-42-37---

wait registration for 30 seconds
reg: 2222 DSB  reg: 6666 DSB  reg: 5555 baymax 
reg: 1111 HJ  need_notify  
reg: 3333 JunLinTianXia 
reg: 4444 new_len2of3!! 
reg: 8888 ShuQi need_notify  
reg: 7777 CQchappie need_notify 
close registration

-----1 Hand-----

----- clean player data in socket -----
seat/ 
button: 6666 2000 2000 
small blind: 3333 2000 2000 
big blind: 5555 2000 2000 
7777 2000 2000 
4444 2000 2000 
8888 2000 2000 
1111 2000 2000 
2222 2000 2000 
/seat 
blind/ 
3333: 20 
5555: 40 
/blind 
player 3333:hold/ 
CLUBS 8 
HEARTS 8 
/hold 
player 5555:hold/ 
CLUBS 2 
DIAMONDS J 
/hold 
player 7777:hold/ 
HEARTS 10 
SPADES 6 
/hold 
player 4444:hold/ 
HEARTS A 
SPADES 5 
/hold 
player 8888:hold/ 
DIAMONDS 8 
CLUBS 7 
/hold 
player 1111:hold/ 
SPADES 7 
HEARTS 7 
/hold 
player 2222:hold/ 
HEARTS 9 
DIAMONDS 5 
/hold 
player 6666:hold/ 
SPADES 2 
CLUBS K 
/hold 

---pre flop round bet---
valid player: 8, all in player: 0, fold player: 0

send inquire msg to player 7777(seat:2) 
inquire/ 
5555 1960 2000 40 blind 
3333 1980 2000 20 blind 
total pot: 60 
/inquire 
recv from player 7777: fold 


send inquire msg to player 4444(seat:3) 
inquire/ 
7777 2000 2000 0 fold 
5555 1960 2000 40 blind 
3333 1980 2000 20 blind 
total pot: 60 
/inquire 
recv from player 4444: fold 


send inquire msg to player 8888(seat:4) 
inquire/ 
4444 2000 2000 0 fold 
7777 2000 2000 0 fold 
5555 1960 2000 40 blind 
3333 1980 2000 20 blind 
total pot: 60 
/inquire 
recv from player 8888: fold 


send inquire msg to player 1111(seat:5) 
inquire/ 
8888 2000 2000 0 fold 
4444 2000 2000 0 fold 
7777 2000 2000 0 fold 
5555 1960 2000 40 blind 
3333 1980 2000 20 blind 
total pot: 60 
/inquire 
recv from player 1111: raise 94


send inquire msg to player 2222(seat:6) 
inquire/ 
1111 1866 2000 134 raise 
8888 2000 2000 0 fold 
4444 2000 2000 0 fold 
7777 2000 2000 0 fold 
5555 1960 2000 40 blind 
3333 1980 2000 20 blind 
total pot: 194 
/inquire 
recv from player 2222: fold 

send inquire msg to player 6666(seat:7) 
inquire/ 
2222 2000 2000 0 fold 
1111 1866 2000 134 raise 
8888 2000 2000 0 fold 
4444 2000 2000 0 fold 
7777 2000 2000 0 fold 
5555 1960 2000 40 blind 
3333 1980 2000 20 blind 
total pot: 194 
/inquire 
recv from player 6666: fold 

send inquire msg to player 3333(seat:0) 
inquire/ 
6666 2000 2000 0 fold 
2222 2000 2000 0 fold 
1111 1866 2000 134 raise 
8888 2000 2000 0 fold 
4444 2000 2000 0 fold 
7777 2000 2000 0 fold 
5555 1960 2000 40 blind 
3333 1980 2000 20 blind 
total pot: 194 
/inquire 
recv from player 3333: fold 


send inquire msg to player 5555(seat:1) 
inquire/ 
3333 1980 2000 20 fold 
6666 2000 2000 0 fold 
2222 2000 2000 0 fold 
1111 1866 2000 134 raise 
8888 2000 2000 0 fold 
4444 2000 2000 0 fold 
7777 2000 2000 0 fold 
5555 1960 2000 40 blind 
total pot: 194 
/inquire 
recv from player 5555: fold 

valid player: 8, all in player: 0, fold player: 7

----- send notify msg from 2 to 1(exclude) -----

send notify msg to player 7777(seat:2) 
notify/ 
5555 1960 2000 40 fold 
3333 1980 2000 20 fold 
6666 2000 2000 0 fold 
2222 2000 2000 0 fold 
1111 1866 2000 134 raise 
8888 2000 2000 0 fold 
4444 2000 2000 0 fold 
7777 2000 2000 0 fold 
total pot: 194 
/notify 

player 4444(seat:3) doesn't need notify-msg

send notify msg to player 8888(seat:4) 
notify/ 
4444 2000 2000 0 fold 
7777 2000 2000 0 fold 
5555 1960 2000 40 fold 
3333 1980 2000 20 fold 
6666 2000 2000 0 fold 
2222 2000 2000 0 fold 
1111 1866 2000 134 raise 
8888 2000 2000 0 fold 
total pot: 194 
/notify 

send notify msg to player 1111(seat:5) 
notify/ 
8888 2000 2000 0 fold 
4444 2000 2000 0 fold 
7777 2000 2000 0 fold 
5555 1960 2000 40 fold 
3333 1980 2000 20 fold 
6666 2000 2000 0 fold 
2222 2000 2000 0 fold 
1111 1866 2000 134 raise 
total pot: 194 
/notify 

player 2222(seat:6) doesn't need notify-msg

player 6666(seat:7) doesn't need notify-msg

player 3333(seat:0) doesn't need notify-msg

---flop round bet---
valid player: 8, all in player: 0, fold player: 7

---turn round bet---
valid player: 8, all in player: 0, fold player: 7

---river round bet---
valid player: 8, all in player: 0, fold player: 7

--- 1 players not fold, don't need show down---

---Allocate pot---
Only player at seat 5 not fold, win all the pot 194
pot-win/ 
1111: 194 
/pot-win 
it is player 3333's turn to be button

-----2 Hand-----

----- clean player data in socket -----
seat/ 
button: 3333 1980 2000 
small blind: 5555 1960 2000 
big blind: 7777 2000 2000 
4444 2000 2000 
8888 2000 2000 
1111 2060 2000 
2222 2000 2000 
6666 2000 2000 
/seat 
blind/ 
5555: 20 
7777: 40 
/blind 
player 5555:hold/ 
HEARTS 6 
DIAMONDS 5 
/hold 
player 7777:hold/ 
SPADES 5 
CLUBS K 
/hold 
player 4444:hold/ 
CLUBS 2 
DIAMONDS J 
/hold 
player 8888:hold/ 
CLUBS A 
DIAMONDS Q 
/hold 
player 1111:hold/ 
DIAMONDS 2 
CLUBS 3 
/hold 
player 2222:hold/ 
HEARTS A 
SPADES 6 
/hold 
player 6666:hold/ 
HEARTS 4 
CLUBS 6 
/hold 
player 3333:hold/ 
DIAMONDS 6 
CLUBS 5 
/hold 

---pre flop round bet---
valid player: 8, all in player: 0, fold player: 0

send inquire msg to player 4444(seat:2) 
inquire/ 
7777 1960 2000 40 blind 
5555 1940 2000 20 blind 
total pot: 60 
/inquire 
recv from player 4444: fold 


send inquire msg to player 8888(seat:3) 
inquire/ 
4444 2000 2000 0 fold 
7777 1960 2000 40 blind 
5555 1940 2000 20 blind 
total pot: 60 
/inquire 
recv from player 8888: raise 70 


send inquire msg to player 1111(seat:4) 
inquire/ 
8888 1890 2000 110 raise 
4444 2000 2000 0 fold 
7777 1960 2000 40 blind 
5555 1940 2000 20 blind 
total pot: 170 
/inquire 
recv from player 1111: fold 

send inquire msg to player 2222(seat:5) 
inquire/ 
1111 2060 2000 0 fold 
8888 1890 2000 110 raise 
4444 2000 2000 0 fold 
7777 1960 2000 40 blind 
5555 1940 2000 20 blind 
total pot: 170 
/inquire 
recv from player 2222: fold 

send inquire msg to player 6666(seat:6) 
inquire/ 
2222 2000 2000 0 fold 
1111 2060 2000 0 fold 
8888 1890 2000 110 raise 
4444 2000 2000 0 fold 
7777 1960 2000 40 blind 
5555 1940 2000 20 blind 
total pot: 170 
/inquire 
recv from player 6666: fold 

send inquire msg to player 3333(seat:7) 
inquire/ 
6666 2000 2000 0 fold 
2222 2000 2000 0 fold 
1111 2060 2000 0 fold 
8888 1890 2000 110 raise 
4444 2000 2000 0 fold 
7777 1960 2000 40 blind 
5555 1940 2000 20 blind 
total pot: 170 
/inquire 
recv from player 3333: fold 


send inquire msg to player 5555(seat:0) 
inquire/ 
3333 1980 2000 0 fold 
6666 2000 2000 0 fold 
2222 2000 2000 0 fold 
1111 2060 2000 0 fold 
8888 1890 2000 110 raise 
4444 2000 2000 0 fold 
7777 1960 2000 40 blind 
5555 1940 2000 20 blind 
total pot: 170 
/inquire 
recv from player 5555: fold 


send inquire msg to player 7777(seat:1) 
inquire/ 
5555 1940 2000 20 fold 
3333 1980 2000 0 fold 
6666 2000 2000 0 fold 
2222 2000 2000 0 fold 
1111 2060 2000 0 fold 
8888 1890 2000 110 raise 
4444 2000 2000 0 fold 
7777 1960 2000 40 blind 
total pot: 170 
/inquire 
recv from player 7777: fold 

valid player: 8, all in player: 0, fold player: 7

----- send notify msg from 2 to 1(exclude) -----

player 4444(seat:2) doesn't need notify-msg

send notify msg to player 8888(seat:3) 
notify/ 
4444 2000 2000 0 fold 
7777 1960 2000 40 fold 
5555 1940 2000 20 fold 
3333 1980 2000 0 fold 
6666 2000 2000 0 fold 
2222 2000 2000 0 fold 
1111 2060 2000 0 fold 
8888 1890 2000 110 raise 
total pot: 170 
/notify 

send notify msg to player 1111(seat:4) 
notify/ 
8888 1890 2000 110 raise 
4444 2000 2000 0 fold 
7777 1960 2000 40 fold 
5555 1940 2000 20 fold 
3333 1980 2000 0 fold 
6666 2000 2000 0 fold 
2222 2000 2000 0 fold 
1111 2060 2000 0 fold 
total pot: 170 
/notify 

player 2222(seat:5) doesn't need notify-msg

player 6666(seat:6) doesn't need notify-msg

player 3333(seat:7) doesn't need notify-msg

player 5555(seat:0) doesn't need notify-msg

---flop round bet---
valid player: 8, all in player: 0, fold player: 7

---turn round bet---
valid player: 8, all in player: 0, fold player: 7

---river round bet---
valid player: 8, all in player: 0, fold player: 7

--- 1 players not fold, don't need show down---

---Allocate pot---
Only player at seat 3 not fold, win all the pot 170
pot-win/ 
8888: 170 
/pot-win 
it is player 5555's turn to be button

-----3 Hand-----

----- clean player data in socket -----
seat/ 
button: 5555 1940 2000 
small blind: 7777 1960 2000 
big blind: 4444 2000 2000 
8888 2060 2000 
1111 2060 2000 
2222 2000 2000 
6666 2000 2000 
3333 1980 2000 
/seat 
blind/ 
7777: 20 
4444: 40 
/blind 
player 7777:hold/ 
HEARTS 7 
SPADES 9 
/hold 
player 4444:hold/ 
DIAMONDS 9 
HEARTS A 
/hold 
player 8888:hold/ 
DIAMONDS 5 
SPADES 10 
/hold 
player 1111:hold/ 
CLUBS 9 
DIAMONDS Q 
/hold 
player 2222:hold/ 
CLUBS K 
SPADES A 
/hold 
player 6666:hold/ 
SPADES K 
DIAMONDS 6 
/hold 
player 3333:hold/ 
DIAMONDS 2 
SPADES 6 
/hold 
player 5555:hold/ 
HEARTS 9 
CLUBS 3 
/hold 

---pre flop round bet---
valid player: 8, all in player: 0, fold player: 0
find residue data from player 8888, data size 10

send inquire msg to player 8888(seat:2) 
inquire/ 
4444 1960 2000 40 blind 
7777 1940 2000 20 blind 
total pot: 60 
/inquire 
recv from player 8888: fold 


send inquire msg to player 1111(seat:3) 
inquire/ 
8888 2060 2000 0 fold 
4444 1960 2000 40 blind 
7777 1940 2000 20 blind 
total pot: 60 
/inquire 
recv from player 1111: fold 

send inquire msg to player 2222(seat:4) 
inquire/ 
1111 2060 2000 0 fold 
8888 2060 2000 0 fold 
4444 1960 2000 40 blind 
7777 1940 2000 20 blind 
total pot: 60 
/inquire 
recv from player 2222: raise 250 

send inquire msg to player 6666(seat:5) 
inquire/ 
2222 1710 2000 290 raise 
1111 2060 2000 0 fold 
8888 2060 2000 0 fold 
4444 1960 2000 40 blind 
7777 1940 2000 20 blind 
total pot: 350 
/inquire 
recv from player 6666: fold 

send inquire msg to player 3333(seat:6) 
inquire/ 
6666 2000 2000 0 fold 
2222 1710 2000 290 raise 
1111 2060 2000 0 fold 
8888 2060 2000 0 fold 
4444 1960 2000 40 blind 
7777 1940 2000 20 blind 
total pot: 350 
/inquire 
recv from player 3333: fold 


send inquire msg to player 5555(seat:7) 
inquire/ 
3333 1980 2000 0 fold 
6666 2000 2000 0 fold 
2222 1710 2000 290 raise 
1111 2060 2000 0 fold 
8888 2060 2000 0 fold 
4444 1960 2000 40 blind 
7777 1940 2000 20 blind 
total pot: 350 
/inquire 
recv from player 5555: fold 


send inquire msg to player 7777(seat:0) 
inquire/ 
5555 1940 2000 0 fold 
3333 1980 2000 0 fold 
6666 2000 2000 0 fold 
2222 1710 2000 290 raise 
1111 2060 2000 0 fold 
8888 2060 2000 0 fold 
4444 1960 2000 40 blind 
7777 1940 2000 20 blind 
total pot: 350 
/inquire 
recv from player 7777: fold 


send inquire msg to player 4444(seat:1) 
inquire/ 
7777 1940 2000 20 fold 
5555 1940 2000 0 fold 
3333 1980 2000 0 fold 
6666 2000 2000 0 fold 
2222 1710 2000 290 raise 
1111 2060 2000 0 fold 
8888 2060 2000 0 fold 
4444 1960 2000 40 blind 
total pot: 350 
/inquire 
recv from player 4444: fold 

valid player: 8, all in player: 0, fold player: 7

----- send notify msg from 2 to 1(exclude) -----

send notify msg to player 8888(seat:2) 
notify/ 
4444 1960 2000 40 fold 
7777 1940 2000 20 fold 
5555 1940 2000 0 fold 
3333 1980 2000 0 fold 
6666 2000 2000 0 fold 
2222 1710 2000 290 raise 
1111 2060 2000 0 fold 
8888 2060 2000 0 fold 
total pot: 350 
/notify 

send notify msg to player 1111(seat:3) 
notify/ 
8888 2060 2000 0 fold 
4444 1960 2000 40 fold 
7777 1940 2000 20 fold 
5555 1940 2000 0 fold 
3333 1980 2000 0 fold 
6666 2000 2000 0 fold 
2222 1710 2000 290 raise 
1111 2060 2000 0 fold 
total pot: 350 
/notify 

player 2222(seat:4) doesn't need notify-msg

player 6666(seat:5) doesn't need notify-msg

player 3333(seat:6) doesn't need notify-msg

player 5555(seat:7) doesn't need notify-msg

send notify msg to player 7777(seat:0) 
notify/ 
5555 1940 2000 0 fold 
3333 1980 2000 0 fold 
6666 2000 2000 0 fold 
2222 1710 2000 290 raise 
1111 2060 2000 0 fold 
8888 2060 2000 0 fold 
4444 1960 2000 40 fold 
7777 1940 2000 20 fold 
total pot: 350 
/notify 

---flop round bet---
valid player: 8, all in player: 0, fold player: 7

---turn round bet---
valid player: 8, all in player: 0, fold player: 7

---river round bet---
valid player: 8, all in player: 0, fold player: 7

--- 1 players not fold, don't need show down---

---Allocate pot---
Only player at seat 4 not fold, win all the pot 350
pot-win/ 
2222: 350 
/pot-win 
it is player 7777's turn to be button

-----4 Hand-----

----- clean player data in socket -----
seat/ 
button: 7777 1940 2000 
small blind: 4444 1960 2000 
big blind: 8888 2060 2000 
1111 2060 2000 
2222 2060 2000 
6666 2000 2000 
3333 1980 2000 
5555 1940 2000 
/seat 
blind/ 
4444: 20 
8888: 40 
/blind 
player 4444:hold/ 
HEARTS 7 
HEARTS 5 
/hold 
player 8888:hold/ 
DIAMONDS 10 
HEARTS 6 
/hold 
player 1111:hold/ 
CLUBS 8 
CLUBS 4 
/hold 
player 2222:hold/ 
SPADES K 
DIAMONDS 4 
/hold 
player 6666:hold/ 
SPADES 3 
SPADES 9 
/hold 
player 3333:hold/ 
CLUBS 3 
SPADES 10 
/hold 
player 5555:hold/ 
SPADES 2 
SPADES 6 
/hold 
player 7777:hold/ 
HEARTS 10 
HEARTS 2 
/hold 

---pre flop round bet---
valid player: 8, all in player: 0, fold player: 0

send inquire msg to player 1111(seat:2) 
inquire/ 
8888 2020 2000 40 blind 
4444 1940 2000 20 blind 
total pot: 60 
/inquire 
recv from player 1111: fold 

send inquire msg to player 2222(seat:3) 
inquire/ 
1111 2060 2000 0 fold 
8888 2020 2000 40 blind 
4444 1940 2000 20 blind 
total pot: 60 
/inquire 
recv from player 2222: fold 

send inquire msg to player 6666(seat:4) 
inquire/ 
2222 2060 2000 0 fold 
1111 2060 2000 0 fold 
8888 2020 2000 40 blind 
4444 1940 2000 20 blind 
total pot: 60 
/inquire 
recv from player 6666: fold 

send inquire msg to player 3333(seat:5) 
inquire/ 
6666 2000 2000 0 fold 
2222 2060 2000 0 fold 
1111 2060 2000 0 fold 
8888 2020 2000 40 blind 
4444 1940 2000 20 blind 
total pot: 60 
/inquire 
recv from player 3333: fold 


send inquire msg to player 5555(seat:6) 
inquire/ 
3333 1980 2000 0 fold 
6666 2000 2000 0 fold 
2222 2060 2000 0 fold 
1111 2060 2000 0 fold 
8888 2020 2000 40 blind 
4444 1940 2000 20 blind 
total pot: 60 
/inquire 
recv from player 5555: fold 


send inquire msg to player 7777(seat:7) 
inquire/ 
5555 1940 2000 0 fold 
3333 1980 2000 0 fold 
6666 2000 2000 0 fold 
2222 2060 2000 0 fold 
1111 2060 2000 0 fold 
8888 2020 2000 40 blind 
4444 1940 2000 20 blind 
total pot: 60 
/inquire 
recv from player 7777: raise 88 


send inquire msg to player 4444(seat:0) 
inquire/ 
7777 1812 2000 128 raise 
5555 1940 2000 0 fold 
3333 1980 2000 0 fold 
6666 2000 2000 0 fold 
2222 2060 2000 0 fold 
1111 2060 2000 0 fold 
8888 2020 2000 40 blind 
4444 1940 2000 20 blind 
total pot: 188 
/inquire 
recv from player 4444: fold 


send inquire msg to player 8888(seat:1) 
inquire/ 
4444 1940 2000 20 fold 
7777 1812 2000 128 raise 
5555 1940 2000 0 fold 
3333 1980 2000 0 fold 
6666 2000 2000 0 fold 
2222 2060 2000 0 fold 
1111 2060 2000 0 fold 
8888 2020 2000 40 blind 
total pot: 188 
/inquire 
recv from player 8888: fold 

valid player: 8, all in player: 0, fold player: 7

----- send notify msg from 2 to 1(exclude) -----

send notify msg to player 1111(seat:2) 
notify/ 
8888 2020 2000 40 fold 
4444 1940 2000 20 fold 
7777 1812 2000 128 raise 
5555 1940 2000 0 fold 
3333 1980 2000 0 fold 
6666 2000 2000 0 fold 
2222 2060 2000 0 fold 
1111 2060 2000 0 fold 
total pot: 188 
/notify 

player 2222(seat:3) doesn't need notify-msg

player 6666(seat:4) doesn't need notify-msg

player 3333(seat:5) doesn't need notify-msg

player 5555(seat:6) doesn't need notify-msg

send notify msg to player 7777(seat:7) 
notify/ 
5555 1940 2000 0 fold 
3333 1980 2000 0 fold 
6666 2000 2000 0 fold 
2222 2060 2000 0 fold 
1111 2060 2000 0 fold 
8888 2020 2000 40 fold 
4444 1940 2000 20 fold 
7777 1812 2000 128 raise 
total pot: 188 
/notify 

player 4444(seat:0) doesn't need notify-msg

---flop round bet---
valid player: 8, all in player: 0, fold player: 7

---turn round bet---
valid player: 8, all in player: 0, fold player: 7

---river round bet---
valid player: 8, all in player: 0, fold player: 7

--- 1 players not fold, don't need show down---

---Allocate pot---
Only player at seat 7 not fold, win all the pot 188
pot-win/ 
7777: 188 
/pot-win 
it is player 4444's turn to be button

-----5 Hand-----

----- clean player data in socket -----
seat/ 
button: 4444 1940 2000 
small blind: 8888 2020 2000 
big blind: 1111 2060 2000 
2222 2060 2000 
6666 2000 2000 
3333 1980 2000 
5555 1940 2000 
7777 2000 2000 
/seat 
blind/ 
8888: 20 
1111: 40 
/blind 
player 8888:hold/ 
SPADES 8 
SPADES 9 
/hold 
player 1111:hold/ 
SPADES 3 
DIAMONDS 4 
/hold 
player 2222:hold/ 
HEARTS 8 
HEARTS 7 
/hold 
player 6666:hold/ 
DIAMONDS Q 
CLUBS 8 
/hold 
player 3333:hold/ 
HEARTS J 
SPADES J 
/hold 
player 5555:hold/ 
HEARTS 9 
SPADES 4 
/hold 
player 7777:hold/ 
CLUBS 3 
SPADES 6 
/hold 
player 4444:hold/ 
CLUBS 9 
CLUBS K 
/hold 

---pre flop round bet---
valid player: 8, all in player: 0, fold player: 0

send inquire msg to player 2222(seat:2) 
inquire/ 
1111 2020 2000 40 blind 
8888 2000 2000 20 blind 
total pot: 60 
/inquire 
recv from player 2222: call 

send inquire msg to player 6666(seat:3) 
inquire/ 
2222 2020 2000 40 call 
1111 2020 2000 40 blind 
8888 2000 2000 20 blind 
total pot: 100 
/inquire 
recv from player 6666: fold 

send inquire msg to player 3333(seat:4) 
inquire/ 
6666 2000 2000 0 fold 
2222 2020 2000 40 call 
1111 2020 2000 40 blind 
8888 2000 2000 20 blind 
total pot: 100 
/inquire 
recv from player 3333: raise 83 


send inquire msg to player 5555(seat:5) 
inquire/ 
3333 1857 2000 123 raise 
6666 2000 2000 0 fold 
2222 2020 2000 40 call 
1111 2020 2000 40 blind 
8888 2000 2000 20 blind 
total pot: 223 
/inquire 
recv from player 5555: fold 


send inquire msg to player 7777(seat:6) 
inquire/ 
5555 1940 2000 0 fold 
3333 1857 2000 123 raise 
6666 2000 2000 0 fold 
2222 2020 2000 40 call 
1111 2020 2000 40 blind 
8888 2000 2000 20 blind 
total pot: 223 
/inquire 
recv from player 7777: fold 


send inquire msg to player 4444(seat:7) 
inquire/ 
7777 2000 2000 0 fold 
5555 1940 2000 0 fold 
3333 1857 2000 123 raise 
6666 2000 2000 0 fold 
2222 2020 2000 40 call 
1111 2020 2000 40 blind 
8888 2000 2000 20 blind 
total pot: 223 
/inquire 
recv from player 4444: fold 


send inquire msg to player 8888(seat:0) 
inquire/ 
4444 1940 2000 0 fold 
7777 2000 2000 0 fold 
5555 1940 2000 0 fold 
3333 1857 2000 123 raise 
6666 2000 2000 0 fold 
2222 2020 2000 40 call 
1111 2020 2000 40 blind 
8888 2000 2000 20 blind 
total pot: 223 
/inquire 
recv from player 8888: call 


send inquire msg to player 1111(seat:1) 
inquire/ 
8888 1897 2000 123 call 
4444 1940 2000 0 fold 
7777 2000 2000 0 fold 
5555 1940 2000 0 fold 
3333 1857 2000 123 raise 
6666 2000 2000 0 fold 
2222 2020 2000 40 call 
1111 2020 2000 40 blind 
total pot: 326 
/inquire 
recv from player 1111: fold 

send inquire msg to player 2222(seat:2) 
inquire/ 
1111 2020 2000 40 fold 
8888 1897 2000 123 call 
4444 1940 2000 0 fold 
7777 2000 2000 0 fold 
5555 1940 2000 0 fold 
3333 1857 2000 123 raise 
6666 2000 2000 0 fold 
2222 2020 2000 40 call 
total pot: 326 
/inquire 
recv from player 2222: call 
valid player: 8, all in player: 0, fold player: 5

----- send notify msg from 3 to 0(exclude) -----

player 6666(seat:3) doesn't need notify-msg

player 3333(seat:4) doesn't need notify-msg

player 5555(seat:5) doesn't need notify-msg

send notify msg to player 7777(seat:6) 
notify/ 
5555 1940 2000 0 fold 
3333 1857 2000 123 raise 
6666 2000 2000 0 fold 
2222 1937 2000 123 call 
1111 2020 2000 40 fold 
8888 1897 2000 123 call 
4444 1940 2000 0 fold 
7777 2000 2000 0 fold 
total pot: 409 
/notify 

player 4444(seat:7) doesn't need notify-msg
flop/ 
DIAMONDS A 
SPADES 5 
CLUBS 7 
/flop 

---flop round bet---
valid player: 8, all in player: 0, fold player: 5

send inquire msg to player 8888(seat:0) 
inquire/ 
4444 1940 2000 0 fold 
7777 2000 2000 0 fold 
5555 1940 2000 0 fold 
3333 1857 2000 123 raise 
6666 2000 2000 0 fold 
2222 1937 2000 123 call 
1111 2020 2000 40 fold 
8888 1897 2000 123 call 
total pot: 409 
/inquire 
recv from player 8888: check 


send notify msg to player 1111(seat:1) 
notify/ 
8888 1897 2000 123 check 
4444 1940 2000 0 fold 
7777 2000 2000 0 fold 
5555 1940 2000 0 fold 
3333 1857 2000 123 raise 
6666 2000 2000 0 fold 
2222 1937 2000 123 call 
1111 2020 2000 40 fold 
total pot: 409 
/notify 

send inquire msg to player 2222(seat:2) 
inquire/ 
1111 2020 2000 40 fold 
8888 1897 2000 123 check 
4444 1940 2000 0 fold 
7777 2000 2000 0 fold 
5555 1940 2000 0 fold 
3333 1857 2000 123 raise 
6666 2000 2000 0 fold 
2222 1937 2000 123 call 
total pot: 409 
/inquire 
recv from player 2222: raise 100 

player 6666(seat:3) doesn't need notify-msg

send inquire msg to player 3333(seat:4) 
inquire/ 
6666 2000 2000 0 fold 
2222 1837 2000 223 raise 
1111 2020 2000 40 fold 
8888 1897 2000 123 check 
4444 1940 2000 0 fold 
7777 2000 2000 0 fold 
5555 1940 2000 0 fold 
3333 1857 2000 123 raise 
total pot: 509 
/inquire 
recv from player 3333: fold 


player 5555(seat:5) doesn't need notify-msg

send notify msg to player 7777(seat:6) 
notify/ 
5555 1940 2000 0 fold 
3333 1857 2000 123 fold 
6666 2000 2000 0 fold 
2222 1837 2000 223 raise 
1111 2020 2000 40 fold 
8888 1897 2000 123 check 
4444 1940 2000 0 fold 
7777 2000 2000 0 fold 
total pot: 509 
/notify 

player 4444(seat:7) doesn't need notify-msg

send inquire msg to player 8888(seat:0) 
inquire/ 
4444 1940 2000 0 fold 
7777 2000 2000 0 fold 
5555 1940 2000 0 fold 
3333 1857 2000 123 fold 
6666 2000 2000 0 fold 
2222 1837 2000 223 raise 
1111 2020 2000 40 fold 
8888 1897 2000 123 check 
total pot: 509 
/inquire 
recv from player 8888: fold 

valid player: 8, all in player: 0, fold player: 7

----- send notify msg from 1 to 0(exclude) -----

send notify msg to player 1111(seat:1) 
notify/ 
8888 1897 2000 123 fold 
4444 1940 2000 0 fold 
7777 2000 2000 0 fold 
5555 1940 2000 0 fold 
3333 1857 2000 123 fold 
6666 2000 2000 0 fold 
2222 1837 2000 223 raise 
1111 2020 2000 40 fold 
total pot: 509 
/notify 

player 2222(seat:2) doesn't need notify-msg

player 6666(seat:3) doesn't need notify-msg

player 3333(seat:4) doesn't need notify-msg

player 5555(seat:5) doesn't need notify-msg

send notify msg to player 7777(seat:6) 
notify/ 
5555 1940 2000 0 fold 
3333 1857 2000 123 fold 
6666 2000 2000 0 fold 
2222 1837 2000 223 raise 
1111 2020 2000 40 fold 
8888 1897 2000 123 fold 
4444 1940 2000 0 fold 
7777 2000 2000 0 fold 
total pot: 509 
/notify 

player 4444(seat:7) doesn't need notify-msg

---turn round bet---
valid player: 8, all in player: 0, fold player: 7

---river round bet---
valid player: 8, all in player: 0, fold player: 7

--- 1 players not fold, don't need show down---

---Allocate pot---
Only player at seat 2 not fold, win all the pot 509
pot-win/ 
2222: 509 
/pot-win 
it is player 8888's turn to be button

-----6 Hand-----

----- clean player data in socket -----
seat/ 
button: 8888 1897 2000 
small blind: 1111 2020 2000 
big blind: 2222 2346 2000 
6666 2000 2000 
3333 1857 2000 
5555 1940 2000 
7777 2000 2000 
4444 1940 2000 
/seat 
blind/ 
1111: 20 
2222: 40 
/blind 
player 1111:hold/ 
DIAMONDS 7 
SPADES 9 
/hold 
player 2222:hold/ 
DIAMONDS 3 
DIAMONDS 9 
/hold 
player 6666:hold/ 
HEARTS 6 
SPADES 8 
/hold 
player 3333:hold/ 
HEARTS 7 
SPADES Q 
/hold 
player 5555:hold/ 
SPADES A 
CLUBS K 
/hold 
player 7777:hold/ 
HEARTS 10 
CLUBS 9 
/hold 
player 4444:hold/ 
HEARTS 5 
CLUBS A 
/hold 
player 8888:hold/ 
HEARTS 3 
DIAMONDS Q 
/hold 

---pre flop round bet---
valid player: 8, all in player: 0, fold player: 0

send inquire msg to player 6666(seat:2) 
inquire/ 
2222 2306 2000 40 blind 
1111 2000 2000 20 blind 
total pot: 60 
/inquire 
recv from player 6666: fold 

send inquire msg to player 3333(seat:3) 
inquire/ 
6666 2000 2000 0 fold 
2222 2306 2000 40 blind 
1111 2000 2000 20 blind 
total pot: 60 
/inquire 
recv from player 3333: fold 


send inquire msg to player 5555(seat:4) 
inquire/ 
3333 1857 2000 0 fold 
6666 2000 2000 0 fold 
2222 2306 2000 40 blind 
1111 2000 2000 20 blind 
total pot: 60 
/inquire 
recv from player 5555: raise 42


send inquire msg to player 7777(seat:5) 
inquire/ 
5555 1858 2000 82 raise 
3333 1857 2000 0 fold 
6666 2000 2000 0 fold 
2222 2306 2000 40 blind 
1111 2000 2000 20 blind 
total pot: 142 
/inquire 
recv from player 7777: fold 


send inquire msg to player 4444(seat:6) 
inquire/ 
7777 2000 2000 0 fold 
5555 1858 2000 82 raise 
3333 1857 2000 0 fold 
6666 2000 2000 0 fold 
2222 2306 2000 40 blind 
1111 2000 2000 20 blind 
total pot: 142 
/inquire 
recv from player 4444: fold 


send inquire msg to player 8888(seat:7) 
inquire/ 
4444 1940 2000 0 fold 
7777 2000 2000 0 fold 
5555 1858 2000 82 raise 
3333 1857 2000 0 fold 
6666 2000 2000 0 fold 
2222 2306 2000 40 blind 
1111 2000 2000 20 blind 
total pot: 142 
/inquire 
recv from player 8888: fold 


send inquire msg to player 1111(seat:0) 
inquire/ 
8888 1897 2000 0 fold 
4444 1940 2000 0 fold 
7777 2000 2000 0 fold 
5555 1858 2000 82 raise 
3333 1857 2000 0 fold 
6666 2000 2000 0 fold 
2222 2306 2000 40 blind 
1111 2000 2000 20 blind 
total pot: 142 
/inquire 
recv from player 1111: fold 

send inquire msg to player 2222(seat:1) 
inquire/ 
1111 2000 2000 20 fold 
8888 1897 2000 0 fold 
4444 1940 2000 0 fold 
7777 2000 2000 0 fold 
5555 1858 2000 82 raise 
3333 1857 2000 0 fold 
6666 2000 2000 0 fold 
2222 2306 2000 40 blind 
total pot: 142 
/inquire 
recv from player 2222: fold 
valid player: 8, all in player: 0, fold player: 7

----- send notify msg from 2 to 1(exclude) -----

player 6666(seat:2) doesn't need notify-msg

player 3333(seat:3) doesn't need notify-msg

player 5555(seat:4) doesn't need notify-msg

send notify msg to player 7777(seat:5) 
notify/ 
5555 1858 2000 82 raise 
3333 1857 2000 0 fold 
6666 2000 2000 0 fold 
2222 2306 2000 40 fold 
1111 2000 2000 20 fold 
8888 1897 2000 0 fold 
4444 1940 2000 0 fold 
7777 2000 2000 0 fold 
total pot: 142 
/notify 

player 4444(seat:6) doesn't need notify-msg

send notify msg to player 8888(seat:7) 
notify/ 
4444 1940 2000 0 fold 
7777 2000 2000 0 fold 
5555 1858 2000 82 raise 
3333 1857 2000 0 fold 
6666 2000 2000 0 fold 
2222 2306 2000 40 fold 
1111 2000 2000 20 fold 
8888 1897 2000 0 fold 
total pot: 142 
/notify 

send notify msg to player 1111(seat:0) 
notify/ 
8888 1897 2000 0 fold 
4444 1940 2000 0 fold 
7777 2000 2000 0 fold 
5555 1858 2000 82 raise 
3333 1857 2000 0 fold 
6666 2000 2000 0 fold 
2222 2306 2000 40 fold 
1111 2000 2000 20 fold 
total pot: 142 
/notify 

---flop round bet---
valid player: 8, all in player: 0, fold player: 7

---turn round bet---
valid player: 8, all in player: 0, fold player: 7

---river round bet---
valid player: 8, all in player: 0, fold player: 7

--- 1 players not fold, don't need show down---

---Allocate pot---
Only player at seat 4 not fold, win all the pot 142
pot-win/ 
5555: 142 
/pot-win 
it is player 1111's turn to be button

-----7 Hand-----

----- clean player data in socket -----
seat/ 
button: 1111 2000 2000 
small blind: 2222 2306 2000 
big blind: 6666 2000 2000 
3333 1857 2000 
5555 2000 2000 
7777 2000 2000 
4444 1940 2000 
8888 1897 2000 
/seat 
blind/ 
2222: 20 
6666: 40 
/blind 
player 2222:hold/ 
CLUBS 3 
CLUBS 10 
/hold 
player 6666:hold/ 
HEARTS Q 
SPADES J 
/hold 
player 3333:hold/ 
SPADES 9 
CLUBS 7 
/hold 
player 5555:hold/ 
HEARTS 5 
CLUBS 2 
/hold 
player 7777:hold/ 
DIAMONDS 8 
DIAMONDS Q 
/hold 
player 4444:hold/ 
HEARTS 8 
SPADES 2 
/hold 
player 8888:hold/ 
SPADES 7 
CLUBS 4 
/hold 
player 1111:hold/ 
SPADES K 
CLUBS J 
/hold 

---pre flop round bet---
valid player: 8, all in player: 0, fold player: 0

send inquire msg to player 3333(seat:2) 
inquire/ 
6666 1960 2000 40 blind 
2222 2286 2000 20 blind 
total pot: 60 
/inquire 
recv from player 3333: fold 


send inquire msg to player 5555(seat:3) 
inquire/ 
3333 1857 2000 0 fold 
6666 1960 2000 40 blind 
2222 2286 2000 20 blind 
total pot: 60 
/inquire 
recv from player 5555: fold 


send inquire msg to player 7777(seat:4) 
inquire/ 
5555 2000 2000 0 fold 
3333 1857 2000 0 fold 
6666 1960 2000 40 blind 
2222 2286 2000 20 blind 
total pot: 60 
/inquire 
recv from player 7777: fold 


send inquire msg to player 4444(seat:5) 
inquire/ 
7777 2000 2000 0 fold 
5555 2000 2000 0 fold 
3333 1857 2000 0 fold 
6666 1960 2000 40 blind 
2222 2286 2000 20 blind 
total pot: 60 
/inquire 
recv from player 4444: fold 


send inquire msg to player 8888(seat:6) 
inquire/ 
4444 1940 2000 0 fold 
7777 2000 2000 0 fold 
5555 2000 2000 0 fold 
3333 1857 2000 0 fold 
6666 1960 2000 40 blind 
2222 2286 2000 20 blind 
total pot: 60 
/inquire 
recv from player 8888: fold 


send inquire msg to player 1111(seat:7) 
inquire/ 
8888 1897 2000 0 fold 
4444 1940 2000 0 fold 
7777 2000 2000 0 fold 
5555 2000 2000 0 fold 
3333 1857 2000 0 fold 
6666 1960 2000 40 blind 
2222 2286 2000 20 blind 
total pot: 60 
/inquire 
recv from player 1111: raise 83


send inquire msg to player 2222(seat:0) 
inquire/ 
1111 1877 2000 123 raise 
8888 1897 2000 0 fold 
4444 1940 2000 0 fold 
7777 2000 2000 0 fold 
5555 2000 2000 0 fold 
3333 1857 2000 0 fold 
6666 1960 2000 40 blind 
2222 2286 2000 20 blind 
total pot: 183 
/inquire 
recv from player 2222: fold 

send inquire msg to player 6666(seat:1) 
inquire/ 
2222 2286 2000 20 fold 
1111 1877 2000 123 raise 
8888 1897 2000 0 fold 
4444 1940 2000 0 fold 
7777 2000 2000 0 fold 
5555 2000 2000 0 fold 
3333 1857 2000 0 fold 
6666 1960 2000 40 blind 
total pot: 183 
/inquire 
recv from player 6666: call 
valid player: 8, all in player: 0, fold player: 6

----- send notify msg from 2 to 0(exclude) -----

player 3333(seat:2) doesn't need notify-msg

player 5555(seat:3) doesn't need notify-msg

send notify msg to player 7777(seat:4) 
notify/ 
5555 2000 2000 0 fold 
3333 1857 2000 0 fold 
6666 1877 2000 123 call 
2222 2286 2000 20 fold 
1111 1877 2000 123 raise 
8888 1897 2000 0 fold 
4444 1940 2000 0 fold 
7777 2000 2000 0 fold 
total pot: 266 
/notify 

player 4444(seat:5) doesn't need notify-msg

send notify msg to player 8888(seat:6) 
notify/ 
4444 1940 2000 0 fold 
7777 2000 2000 0 fold 
5555 2000 2000 0 fold 
3333 1857 2000 0 fold 
6666 1877 2000 123 call 
2222 2286 2000 20 fold 
1111 1877 2000 123 raise 
8888 1897 2000 0 fold 
total pot: 266 
/notify 

send notify msg to player 1111(seat:7) 
notify/ 
8888 1897 2000 0 fold 
4444 1940 2000 0 fold 
7777 2000 2000 0 fold 
5555 2000 2000 0 fold 
3333 1857 2000 0 fold 
6666 1877 2000 123 call 
2222 2286 2000 20 fold 
1111 1877 2000 123 raise 
total pot: 266 
/notify 
flop/ 
CLUBS 8 
CLUBS 9 
HEARTS 9 
/flop 

---flop round bet---
valid player: 8, all in player: 0, fold player: 6

player 2222(seat:0) doesn't need notify-msg

send inquire msg to player 6666(seat:1) 
inquire/ 
2222 2286 2000 20 fold 
1111 1877 2000 123 raise 
8888 1897 2000 0 fold 
4444 1940 2000 0 fold 
7777 2000 2000 0 fold 
5555 2000 2000 0 fold 
3333 1857 2000 0 fold 
6666 1877 2000 123 call 
total pot: 266 
/inquire 
recv from player 6666: check 

player 3333(seat:2) doesn't need notify-msg

player 5555(seat:3) doesn't need notify-msg

send notify msg to player 7777(seat:4) 
notify/ 
5555 2000 2000 0 fold 
3333 1857 2000 0 fold 
6666 1877 2000 123 check 
2222 2286 2000 20 fold 
1111 1877 2000 123 raise 
8888 1897 2000 0 fold 
4444 1940 2000 0 fold 
7777 2000 2000 0 fold 
total pot: 266 
/notify 

player 4444(seat:5) doesn't need notify-msg

send notify msg to player 8888(seat:6) 
notify/ 
4444 1940 2000 0 fold 
7777 2000 2000 0 fold 
5555 2000 2000 0 fold 
3333 1857 2000 0 fold 
6666 1877 2000 123 check 
2222 2286 2000 20 fold 
1111 1877 2000 123 raise 
8888 1897 2000 0 fold 
total pot: 266 
/notify 

send inquire msg to player 1111(seat:7) 
inquire/ 
8888 1897 2000 0 fold 
4444 1940 2000 0 fold 
7777 2000 2000 0 fold 
5555 2000 2000 0 fold 
3333 1857 2000 0 fold 
6666 1877 2000 123 check 
2222 2286 2000 20 fold 
1111 1877 2000 123 raise 
total pot: 266 
/inquire 
recv from player 1111: raise 201


player 2222(seat:0) doesn't need notify-msg

send inquire msg to player 6666(seat:1) 
inquire/ 
2222 2286 2000 20 fold 
1111 1676 2000 324 raise 
8888 1897 2000 0 fold 
4444 1940 2000 0 fold 
7777 2000 2000 0 fold 
5555 2000 2000 0 fold 
3333 1857 2000 0 fold 
6666 1877 2000 123 check 
total pot: 467 
/inquire 
recv from player 6666: fold 
valid player: 8, all in player: 0, fold player: 7

----- send notify msg from 2 to 1(exclude) -----

player 3333(seat:2) doesn't need notify-msg

player 5555(seat:3) doesn't need notify-msg

send notify msg to player 7777(seat:4) 
notify/ 
5555 2000 2000 0 fold 
3333 1857 2000 0 fold 
6666 1877 2000 123 fold 
2222 2286 2000 20 fold 
1111 1676 2000 324 raise 
8888 1897 2000 0 fold 
4444 1940 2000 0 fold 
7777 2000 2000 0 fold 
total pot: 467 
/notify 

player 4444(seat:5) doesn't need notify-msg

send notify msg to player 8888(seat:6) 
notify/ 
4444 1940 2000 0 fold 
7777 2000 2000 0 fold 
5555 2000 2000 0 fold 
3333 1857 2000 0 fold 
6666 1877 2000 123 fold 
2222 2286 2000 20 fold 
1111 1676 2000 324 raise 
8888 1897 2000 0 fold 
total pot: 467 
/notify 

send notify msg to player 1111(seat:7) 
notify/ 
8888 1897 2000 0 fold 
4444 1940 2000 0 fold 
7777 2000 2000 0 fold 
5555 2000 2000 0 fold 
3333 1857 2000 0 fold 
6666 1877 2000 123 fold 
2222 2286 2000 20 fold 
1111 1676 2000 324 raise 
total pot: 467 
/notify 

player 2222(seat:0) doesn't need notify-msg

---turn round bet---
valid player: 8, all in player: 0, fold player: 7

---river round bet---
valid player: 8, all in player: 0, fold player: 7

--- 1 players not fold, don't need show down---

---Allocate pot---
Only player at seat 7 not fold, win all the pot 467
pot-win/ 
1111: 467 
/pot-win 
it is player 2222's turn to be button

-----8 Hand-----

----- clean player data in socket -----
seat/ 
button: 2222 2286 2000 
small blind: 6666 1877 2000 
big blind: 3333 1857 2000 
5555 2000 2000 
7777 2000 2000 
4444 1940 2000 
8888 1897 2000 
1111 2143 2000 
/seat 
blind/ 
6666: 20 
3333: 40 
/blind 
player 6666:hold/ 
CLUBS 2 
DIAMONDS J 
/hold 
player 3333:hold/ 
DIAMONDS 2 
DIAMONDS 8 
/hold 
player 5555:hold/ 
CLUBS Q 
CLUBS 6 
/hold 
player 7777:hold/ 
SPADES 9 
CLUBS 9 
/hold 
player 4444:hold/ 
CLUBS A 
HEARTS 10 
/hold 
player 8888:hold/ 
CLUBS 7 
HEARTS 6 
/hold 
player 1111:hold/ 
HEARTS 8 
DIAMONDS A 
/hold 
player 2222:hold/ 
SPADES 10 
DIAMONDS K 
/hold 

---pre flop round bet---
valid player: 8, all in player: 0, fold player: 0

send inquire msg to player 5555(seat:2) 
inquire/ 
3333 1817 2000 40 blind 
6666 1857 2000 20 blind 
total pot: 60 
/inquire 
recv from player 5555: fold 


send inquire msg to player 7777(seat:3) 
inquire/ 
5555 2000 2000 0 fold 
3333 1817 2000 40 blind 
6666 1857 2000 20 blind 
total pot: 60 
/inquire 
recv from player 7777: raise 40 


send inquire msg to player 4444(seat:4) 
inquire/ 
7777 1920 2000 80 raise 
5555 2000 2000 0 fold 
3333 1817 2000 40 blind 
6666 1857 2000 20 blind 
total pot: 140 
/inquire 
recv from player 4444: fold 


send inquire msg to player 8888(seat:5) 
inquire/ 
4444 1940 2000 0 fold 
7777 1920 2000 80 raise 
5555 2000 2000 0 fold 
3333 1817 2000 40 blind 
6666 1857 2000 20 blind 
total pot: 140 
/inquire 
recv from player 8888: fold 


send inquire msg to player 1111(seat:6) 
inquire/ 
8888 1897 2000 0 fold 
4444 1940 2000 0 fold 
7777 1920 2000 80 raise 
5555 2000 2000 0 fold 
3333 1817 2000 40 blind 
6666 1857 2000 20 blind 
total pot: 140 
/inquire 
recv from player 1111: fold 

send inquire msg to player 2222(seat:7) 
inquire/ 
1111 2143 2000 0 fold 
8888 1897 2000 0 fold 
4444 1940 2000 0 fold 
7777 1920 2000 80 raise 
5555 2000 2000 0 fold 
3333 1817 2000 40 blind 
6666 1857 2000 20 blind 
total pot: 140 
/inquire 
recv from player 2222: call 

send inquire msg to player 6666(seat:0) 
inquire/ 
2222 2206 2000 80 call 
1111 2143 2000 0 fold 
8888 1897 2000 0 fold 
4444 1940 2000 0 fold 
7777 1920 2000 80 raise 
5555 2000 2000 0 fold 
3333 1817 2000 40 blind 
6666 1857 2000 20 blind 
total pot: 220 
/inquire 
recv from player 6666: fold 

send inquire msg to player 3333(seat:1) 
inquire/ 
6666 1857 2000 20 fold 
2222 2206 2000 80 call 
1111 2143 2000 0 fold 
8888 1897 2000 0 fold 
4444 1940 2000 0 fold 
7777 1920 2000 80 raise 
5555 2000 2000 0 fold 
3333 1817 2000 40 blind 
total pot: 220 
/inquire 
recv from player 3333: fold 

valid player: 8, all in player: 0, fold player: 6

----- send notify msg from 4 to 0(exclude) -----

player 4444(seat:4) doesn't need notify-msg

send notify msg to player 8888(seat:5) 
notify/ 
4444 1940 2000 0 fold 
7777 1920 2000 80 raise 
5555 2000 2000 0 fold 
3333 1817 2000 40 fold 
6666 1857 2000 20 fold 
2222 2206 2000 80 call 
1111 2143 2000 0 fold 
8888 1897 2000 0 fold 
total pot: 220 
/notify 

send notify msg to player 1111(seat:6) 
notify/ 
8888 1897 2000 0 fold 
4444 1940 2000 0 fold 
7777 1920 2000 80 raise 
5555 2000 2000 0 fold 
3333 1817 2000 40 fold 
6666 1857 2000 20 fold 
2222 2206 2000 80 call 
1111 2143 2000 0 fold 
total pot: 220 
/notify 

player 2222(seat:7) doesn't need notify-msg
flop/ 
DIAMONDS 6 
SPADES Q 
SPADES 2 
/flop 

---flop round bet---
valid player: 8, all in player: 0, fold player: 6

player 6666(seat:0) doesn't need notify-msg

player 3333(seat:1) doesn't need notify-msg

player 5555(seat:2) doesn't need notify-msg

send inquire msg to player 7777(seat:3) 
inquire/ 
5555 2000 2000 0 fold 
3333 1817 2000 40 fold 
6666 1857 2000 20 fold 
2222 2206 2000 80 call 
1111 2143 2000 0 fold 
8888 1897 2000 0 fold 
4444 1940 2000 0 fold 
7777 1920 2000 80 raise 
total pot: 220 
/inquire 
recv from player 7777: raise 88 


player 4444(seat:4) doesn't need notify-msg

send notify msg to player 8888(seat:5) 
notify/ 
4444 1940 2000 0 fold 
7777 1832 2000 168 raise 
5555 2000 2000 0 fold 
3333 1817 2000 40 fold 
6666 1857 2000 20 fold 
2222 2206 2000 80 call 
1111 2143 2000 0 fold 
8888 1897 2000 0 fold 
total pot: 308 
/notify 

send notify msg to player 1111(seat:6) 
notify/ 
8888 1897 2000 0 fold 
4444 1940 2000 0 fold 
7777 1832 2000 168 raise 
5555 2000 2000 0 fold 
3333 1817 2000 40 fold 
6666 1857 2000 20 fold 
2222 2206 2000 80 call 
1111 2143 2000 0 fold 
total pot: 308 
/notify 

send inquire msg to player 2222(seat:7) 
inquire/ 
1111 2143 2000 0 fold 
8888 1897 2000 0 fold 
4444 1940 2000 0 fold 
7777 1832 2000 168 raise 
5555 2000 2000 0 fold 
3333 1817 2000 40 fold 
6666 1857 2000 20 fold 
2222 2206 2000 80 call 
total pot: 308 
/inquire 
recv from player 2222: fold 
valid player: 8, all in player: 0, fold player: 7

----- send notify msg from 0 to 7(exclude) -----

player 6666(seat:0) doesn't need notify-msg

player 3333(seat:1) doesn't need notify-msg

player 5555(seat:2) doesn't need notify-msg

send notify msg to player 7777(seat:3) 
notify/ 
5555 2000 2000 0 fold 
3333 1817 2000 40 fold 
6666 1857 2000 20 fold 
2222 2206 2000 80 fold 
1111 2143 2000 0 fold 
8888 1897 2000 0 fold 
4444 1940 2000 0 fold 
7777 1832 2000 168 raise 
total pot: 308 
/notify 

player 4444(seat:4) doesn't need notify-msg

send notify msg to player 8888(seat:5) 
notify/ 
4444 1940 2000 0 fold 
7777 1832 2000 168 raise 
5555 2000 2000 0 fold 
3333 1817 2000 40 fold 
6666 1857 2000 20 fold 
2222 2206 2000 80 fold 
1111 2143 2000 0 fold 
8888 1897 2000 0 fold 
total pot: 308 
/notify 

send notify msg to player 1111(seat:6) 
notify/ 
8888 1897 2000 0 fold 
4444 1940 2000 0 fold 
7777 1832 2000 168 raise 
5555 2000 2000 0 fold 
3333 1817 2000 40 fold 
6666 1857 2000 20 fold 
2222 2206 2000 80 fold 
1111 2143 2000 0 fold 
total pot: 308 
/notify 

---turn round bet---
valid player: 8, all in player: 0, fold player: 7

---river round bet---
valid player: 8, all in player: 0, fold player: 7

--- 1 players not fold, don't need show down---

---Allocate pot---
Only player at seat 3 not fold, win all the pot 308
pot-win/ 
7777: 308 
/pot-win 
it is player 6666's turn to be button

