

===VERSION 1.24===
---GAME START @ 2015-5-23-19-23-50---

wait registration for 30 seconds
reg: 2222 new 
reg:1111 tnt
reg: 5555 DSB  reg: 3333 DSB  reg: 6666 DSB  reg: 4444 new 
reg: 8888 Ty_lxx 
reg: 7777 cleverbot need_notify 
close registration

-----1 Hand-----

----- clean player data in socket -----
seat/ 
button: 4444 2000 2000 
small blind: 2222 2000 2000 
big blind: 5555 2000 2000 
8888 2000 2000 
6666 2000 2000 
7777 2000 2000 
1111 2000 2000 
3333 2000 2000 
/seat 
blind/ 
2222: 20 
5555: 40 
/blind 
player 2222:hold/ 
SPADES K 
CLUBS 4 
/hold 
player 5555:hold/ 
HEARTS Q 
CLUBS 7 
/hold 
player 8888:hold/ 
DIAMONDS 3 
CLUBS 6 
/hold 
player 6666:hold/ 
CLUBS 9 
DIAMONDS Q 
/hold 
player 7777:hold/ 
DIAMONDS K 
SPADES A 
/hold 
player 1111:hold/ 
CLUBS 5 
DIAMONDS 10 
/hold 
player 3333:hold/ 
CLUBS Q 
HEARTS A 
/hold 
player 4444:hold/ 
SPADES 2 
HEARTS 6 
/hold 

---pre flop round bet---
valid player: 8, all in player: 0, fold player: 0
send inquire msg to player 8888 
inquire/ 
5555 1960 2000 40 blind 
2222 1980 2000 20 blind 
total pot: 60 
/inquire 
recv from player 8888: fold 

send inquire msg to player 6666 
inquire/ 
8888 2000 2000 0 fold 
5555 1960 2000 40 blind 
2222 1980 2000 20 blind 
total pot: 60 
/inquire 
recv from player 6666: call 
send inquire msg to player 7777 
inquire/ 
6666 1960 2000 40 call 
8888 2000 2000 0 fold 
5555 1960 2000 40 blind 
2222 1980 2000 20 blind 
total pot: 100 
/inquire 
recv from player 7777: raise 120 

send inquire msg to player 1111 
inquire/ 
7777 1840 2000 160 raise 
6666 1960 2000 40 call 
8888 2000 2000 0 fold 
5555 1960 2000 40 blind 
2222 1980 2000 20 blind 
total pot: 260 
/inquire 
recv from player 1111: fold
send inquire msg to player 3333 
inquire/ 
1111 2000 2000 0 fold 
7777 1840 2000 160 raise 
6666 1960 2000 40 call 
8888 2000 2000 0 fold 
5555 1960 2000 40 blind 
2222 1980 2000 20 blind 
total pot: 260 
/inquire 
recv from player 3333: call 
send inquire msg to player 4444 
inquire/ 
3333 1840 2000 160 call 
1111 2000 2000 0 fold 
7777 1840 2000 160 raise 
6666 1960 2000 40 call 
8888 2000 2000 0 fold 
5555 1960 2000 40 blind 
2222 1980 2000 20 blind 
total pot: 420 
/inquire 
recv from player 4444: fold 

send inquire msg to player 2222 
inquire/ 
4444 2000 2000 0 fold 
3333 1840 2000 160 call 
1111 2000 2000 0 fold 
7777 1840 2000 160 raise 
6666 1960 2000 40 call 
8888 2000 2000 0 fold 
5555 1960 2000 40 blind 
2222 1980 2000 20 blind 
total pot: 420 
/inquire 
recv from player 2222: fold 

send inquire msg to player 5555 
inquire/ 
2222 1980 2000 20 fold 
4444 2000 2000 0 fold 
3333 1840 2000 160 call 
1111 2000 2000 0 fold 
7777 1840 2000 160 raise 
6666 1960 2000 40 call 
8888 2000 2000 0 fold 
5555 1960 2000 40 blind 
total pot: 420 
/inquire 
recv from player 5555: fold 
send inquire msg to player 6666 
inquire/ 
8888 2000 2000 0 fold 
5555 1960 2000 40 fold 
2222 1980 2000 20 fold 
4444 2000 2000 0 fold 
3333 1840 2000 160 call 
1111 2000 2000 0 fold 
7777 1840 2000 160 raise 
6666 1960 2000 40 call 
total pot: 420 
/inquire 
recv from player 6666: call 
flop/ 
HEARTS 9 
HEARTS 2 
DIAMONDS J 
/flop 

---flop round bet---
valid player: 8, all in player: 0, fold player: 5
send inquire msg to player 6666 
inquire/ 
8888 2000 2000 0 fold 
5555 1960 2000 40 fold 
2222 1980 2000 20 fold 
4444 2000 2000 0 fold 
3333 1840 2000 160 call 
1111 2000 2000 0 fold 
7777 1840 2000 160 raise 
6666 1840 2000 160 call 
total pot: 540 
/inquire 
recv from player 6666: call 
send inquire msg to player 7777 
inquire/ 
6666 1840 2000 160 check 
8888 2000 2000 0 fold 
5555 1960 2000 40 fold 
2222 1980 2000 20 fold 
4444 2000 2000 0 fold 
3333 1840 2000 160 call 
1111 2000 2000 0 fold 
7777 1840 2000 160 raise 
total pot: 540 
/inquire 
recv from player 7777: call 

send inquire msg to player 3333 
inquire/ 
1111 2000 2000 0 fold 
7777 1840 2000 160 check 
6666 1840 2000 160 check 
8888 2000 2000 0 fold 
5555 1960 2000 40 fold 
2222 1980 2000 20 fold 
4444 2000 2000 0 fold 
3333 1840 2000 160 call 
total pot: 540 
/inquire 
recv from player 3333: call 
turn/ 
SPADES J 
/turn 

---turn round bet---
valid player: 8, all in player: 0, fold player: 5
send inquire msg to player 6666 
inquire/ 
8888 2000 2000 0 fold 
5555 1960 2000 40 fold 
2222 1980 2000 20 fold 
4444 2000 2000 0 fold 
3333 1840 2000 160 check 
1111 2000 2000 0 fold 
7777 1840 2000 160 check 
6666 1840 2000 160 check 
total pot: 540 
/inquire 
recv from player 6666: raise 500 
send inquire msg to player 7777 
inquire/ 
6666 1340 2000 660 raise 
8888 2000 2000 0 fold 
5555 1960 2000 40 fold 
2222 1980 2000 20 fold 
4444 2000 2000 0 fold 
3333 1840 2000 160 check 
1111 2000 2000 0 fold 
7777 1840 2000 160 check 
total pot: 1040 
/inquire 
recv from player 7777: fold 

send inquire msg to player 3333 
inquire/ 
1111 2000 2000 0 fold 
7777 1840 2000 160 fold 
6666 1340 2000 660 raise 
8888 2000 2000 0 fold 
5555 1960 2000 40 fold 
2222 1980 2000 20 fold 
4444 2000 2000 0 fold 
3333 1840 2000 160 check 
total pot: 1040 
/inquire 
recv from player 3333: call 
river/ 
SPADES 7 
/river 

---river round bet---
valid player: 8, all in player: 0, fold player: 6
send inquire msg to player 6666 
inquire/ 
8888 2000 2000 0 fold 
5555 1960 2000 40 fold 
2222 1980 2000 20 fold 
4444 2000 2000 0 fold 
3333 1340 2000 660 call 
1111 2000 2000 0 fold 
7777 1840 2000 160 fold 
6666 1340 2000 660 raise 
total pot: 1540 
/inquire 
recv from player 6666: call 
send notify msg to player 7777 
notify/ 
6666 1340 2000 660 check 
8888 2000 2000 0 fold 
5555 1960 2000 40 fold 
2222 1980 2000 20 fold 
4444 2000 2000 0 fold 
3333 1340 2000 660 call 
1111 2000 2000 0 fold 
7777 1840 2000 160 fold 
total pot: 1540 
/notify 
send inquire msg to player 3333 
inquire/ 
1111 2000 2000 0 fold 
7777 1840 2000 160 fold 
6666 1340 2000 660 check 
8888 2000 2000 0 fold 
5555 1960 2000 40 fold 
2222 1980 2000 20 fold 
4444 2000 2000 0 fold 
3333 1340 2000 660 call 
total pot: 1540 
/inquire 
recv from player 3333: fold 

----- notify msg last round -----
send notify msg to player 7777 
notify/ 
6666 1340 2000 660 check 
8888 2000 2000 0 fold 
5555 1960 2000 40 fold 
2222 1980 2000 20 fold 
4444 2000 2000 0 fold 
3333 1340 2000 660 fold 
1111 2000 2000 0 fold 
7777 1840 2000 160 fold 
total pot: 1540 
/notify 

--- 1 players not fold, don't need show down---

---Allocate pot---
Only player at seat 3 not fold, win all the pot 1540
pot-win/ 
6666: 1540 
/pot-win 
it is player 2222's turn to be button

-----2 Hand-----

----- clean player data in socket -----
seat/ 
button: 2222 1980 2000 
small blind: 5555 1960 2000 
big blind: 8888 2000 2000 
6666 2880 2000 
7777 1840 2000 
1111 2000 2000 
3333 1340 2000 
4444 2000 2000 
/seat 
blind/ 
5555: 20 
8888: 40 
/blind 
player 5555:hold/ 
DIAMONDS A 
DIAMONDS J 
/hold 
player 8888:hold/ 
SPADES 3 
DIAMONDS 9 
/hold 
player 6666:hold/ 
CLUBS A 
CLUBS 4 
/hold 
player 7777:hold/ 
CLUBS 8 
HEARTS A 
/hold 
player 1111:hold/ 
HEARTS K 
SPADES 2 
/hold 
player 3333:hold/ 
DIAMONDS 8 
CLUBS 9 
/hold 
player 4444:hold/ 
HEARTS 4 
CLUBS 5 
/hold 
player 2222:hold/ 
DIAMONDS K 
DIAMONDS 2 
/hold 

---pre flop round bet---
valid player: 8, all in player: 0, fold player: 0
send inquire msg to player 6666 
inquire/ 
8888 1960 2000 40 blind 
5555 1940 2000 20 blind 
total pot: 60 
/inquire 
recv from player 6666: call 
send inquire msg to player 7777 
inquire/ 
6666 2840 2000 40 call 
8888 1960 2000 40 blind 
5555 1940 2000 20 blind 
total pot: 100 
/inquire 
recv from player 7777: fold 

send inquire msg to player 1111 
inquire/ 
7777 1840 2000 0 fold 
6666 2840 2000 40 call 
8888 1960 2000 40 blind 
5555 1940 2000 20 blind 
total pot: 100 
/inquire 
recv from player 1111: fold
send inquire msg to player 3333 
inquire/ 
1111 2000 2000 0 fold 
7777 1840 2000 0 fold 
6666 2840 2000 40 call 
8888 1960 2000 40 blind 
5555 1940 2000 20 blind 
total pot: 100 
/inquire 
recv from player 3333: call 
send inquire msg to player 4444 
inquire/ 
3333 1300 2000 40 call 
1111 2000 2000 0 fold 
7777 1840 2000 0 fold 
6666 2840 2000 40 call 
8888 1960 2000 40 blind 
5555 1940 2000 20 blind 
total pot: 140 
/inquire 
recv from player 4444: call 

send inquire msg to player 2222 
inquire/ 
4444 1960 2000 40 call 
3333 1300 2000 40 call 
1111 2000 2000 0 fold 
7777 1840 2000 0 fold 
6666 2840 2000 40 call 
8888 1960 2000 40 blind 
5555 1940 2000 20 blind 
total pot: 180 
/inquire 
recv from player 2222: fold 

send inquire msg to player 5555 
inquire/ 
2222 1980 2000 0 fold 
4444 1960 2000 40 call 
3333 1300 2000 40 call 
1111 2000 2000 0 fold 
7777 1840 2000 0 fold 
6666 2840 2000 40 call 
8888 1960 2000 40 blind 
5555 1940 2000 20 blind 
total pot: 180 
/inquire 
recv from player 5555: call 
send inquire msg to player 8888 
inquire/ 
5555 1920 2000 40 call 
2222 1980 2000 0 fold 
4444 1960 2000 40 call 
3333 1300 2000 40 call 
1111 2000 2000 0 fold 
7777 1840 2000 0 fold 
6666 2840 2000 40 call 
8888 1960 2000 40 blind 
total pot: 200 
/inquire 
recv from player 8888: check 

flop/ 
CLUBS 6 
DIAMONDS 4 
CLUBS K 
/flop 

---flop round bet---
valid player: 8, all in player: 0, fold player: 3
send inquire msg to player 5555 
inquire/ 
2222 1980 2000 0 fold 
4444 1960 2000 40 call 
3333 1300 2000 40 call 
1111 2000 2000 0 fold 
7777 1840 2000 0 fold 
6666 2840 2000 40 call 
8888 1960 2000 40 check 
5555 1920 2000 40 call 
total pot: 200 
/inquire 
recv from player 5555: call 
send inquire msg to player 8888 
inquire/ 
5555 1920 2000 40 check 
2222 1980 2000 0 fold 
4444 1960 2000 40 call 
3333 1300 2000 40 call 
1111 2000 2000 0 fold 
7777 1840 2000 0 fold 
6666 2840 2000 40 call 
8888 1960 2000 40 check 
total pot: 200 
/inquire 
recv from player 8888: check 

send inquire msg to player 6666 
inquire/ 
8888 1960 2000 40 check 
5555 1920 2000 40 check 
2222 1980 2000 0 fold 
4444 1960 2000 40 call 
3333 1300 2000 40 call 
1111 2000 2000 0 fold 
7777 1840 2000 0 fold 
6666 2840 2000 40 call 
total pot: 200 
/inquire 
recv from player 6666: call 
send notify msg to player 7777 
notify/ 
6666 2840 2000 40 check 
8888 1960 2000 40 check 
5555 1920 2000 40 check 
2222 1980 2000 0 fold 
4444 1960 2000 40 call 
3333 1300 2000 40 call 
1111 2000 2000 0 fold 
7777 1840 2000 0 fold 
total pot: 200 
/notify 
send inquire msg to player 3333 
inquire/ 
1111 2000 2000 0 fold 
7777 1840 2000 0 fold 
6666 2840 2000 40 check 
8888 1960 2000 40 check 
5555 1920 2000 40 check 
2222 1980 2000 0 fold 
4444 1960 2000 40 call 
3333 1300 2000 40 call 
total pot: 200 
/inquire 
recv from player 3333: fold 
send inquire msg to player 4444 
inquire/ 
3333 1300 2000 40 fold 
1111 2000 2000 0 fold 
7777 1840 2000 0 fold 
6666 2840 2000 40 check 
8888 1960 2000 40 check 
5555 1920 2000 40 check 
2222 1980 2000 0 fold 
4444 1960 2000 40 call 
total pot: 200 
/inquire 
recv from player 4444: raise 40 

send inquire msg to player 5555 
inquire/ 
2222 1980 2000 0 fold 
4444 1920 2000 80 raise 
3333 1300 2000 40 fold 
1111 2000 2000 0 fold 
7777 1840 2000 0 fold 
6666 2840 2000 40 check 
8888 1960 2000 40 check 
5555 1920 2000 40 check 
total pot: 240 
/inquire 
recv from player 5555: call 
send inquire msg to player 8888 
inquire/ 
5555 1880 2000 80 call 
2222 1980 2000 0 fold 
4444 1920 2000 80 raise 
3333 1300 2000 40 fold 
1111 2000 2000 0 fold 
7777 1840 2000 0 fold 
6666 2840 2000 40 check 
8888 1960 2000 40 check 
total pot: 280 
/inquire 
recv from player 8888: fold 

send inquire msg to player 6666 
inquire/ 
8888 1960 2000 40 fold 
5555 1880 2000 80 call 
2222 1980 2000 0 fold 
4444 1920 2000 80 raise 
3333 1300 2000 40 fold 
1111 2000 2000 0 fold 
7777 1840 2000 0 fold 
6666 2840 2000 40 check 
total pot: 280 
/inquire 
recv from player 6666: call 
turn/ 
HEARTS 3 
/turn 

---turn round bet---
valid player: 8, all in player: 0, fold player: 5
send inquire msg to player 5555 
inquire/ 
2222 1980 2000 0 fold 
4444 1920 2000 80 raise 
3333 1300 2000 40 fold 
1111 2000 2000 0 fold 
7777 1840 2000 0 fold 
6666 2800 2000 80 call 
8888 1960 2000 40 fold 
5555 1880 2000 80 call 
total pot: 320 
/inquire 
recv from player 5555: fold 
send inquire msg to player 6666 
inquire/ 
8888 1960 2000 40 fold 
5555 1880 2000 80 fold 
2222 1980 2000 0 fold 
4444 1920 2000 80 raise 
3333 1300 2000 40 fold 
1111 2000 2000 0 fold 
7777 1840 2000 0 fold 
6666 2800 2000 80 call 
total pot: 320 
/inquire 
recv from player 6666: call 
send notify msg to player 7777 
notify/ 
6666 2800 2000 80 check 
8888 1960 2000 40 fold 
5555 1880 2000 80 fold 
2222 1980 2000 0 fold 
4444 1920 2000 80 raise 
3333 1300 2000 40 fold 
1111 2000 2000 0 fold 
7777 1840 2000 0 fold 
total pot: 320 
/notify 
send inquire msg to player 4444 
inquire/ 
3333 1300 2000 40 fold 
1111 2000 2000 0 fold 
7777 1840 2000 0 fold 
6666 2800 2000 80 check 
8888 1960 2000 40 fold 
5555 1880 2000 80 fold 
2222 1980 2000 0 fold 
4444 1920 2000 80 raise 
total pot: 320 
/inquire 
recv from player 4444: call 

river/ 
DIAMONDS Q 
/river 

---river round bet---
valid player: 8, all in player: 0, fold player: 6
send inquire msg to player 6666 
inquire/ 
8888 1960 2000 40 fold 
5555 1880 2000 80 fold 
2222 1980 2000 0 fold 
4444 1920 2000 80 check 
3333 1300 2000 40 fold 
1111 2000 2000 0 fold 
7777 1840 2000 0 fold 
6666 2800 2000 80 check 
total pot: 320 
/inquire 
recv from player 6666: check 
send notify msg to player 7777 
notify/ 
6666 2800 2000 80 check 
8888 1960 2000 40 fold 
5555 1880 2000 80 fold 
2222 1980 2000 0 fold 
4444 1920 2000 80 check 
3333 1300 2000 40 fold 
1111 2000 2000 0 fold 
7777 1840 2000 0 fold 
total pot: 320 
/notify 
send inquire msg to player 4444 
inquire/ 
3333 1300 2000 40 fold 
1111 2000 2000 0 fold 
7777 1840 2000 0 fold 
6666 2800 2000 80 check 
8888 1960 2000 40 fold 
5555 1880 2000 80 fold 
2222 1980 2000 0 fold 
4444 1920 2000 80 check 
total pot: 320 
/inquire 
recv from player 4444: call 


----- notify msg last round -----
send notify msg to player 7777 
notify/ 
6666 2800 2000 80 check 
8888 1960 2000 40 fold 
5555 1880 2000 80 fold 
2222 1980 2000 0 fold 
4444 1920 2000 80 check 
3333 1300 2000 40 fold 
1111 2000 2000 0 fold 
7777 1840 2000 0 fold 
total pot: 320 
/notify 

---show down---
showdown/ 
common/ 
CLUBS 6 
DIAMONDS 4 
CLUBS K 
HEARTS 3 
DIAMONDS Q 
/common 
1: 6666 CLUBS A CLUBS 4 ONE_PAIR 
2: 4444 HEARTS 4 CLUBS 5 ONE_PAIR 
/showdown 

---Allocate pot---
pot-win/ 
6666: 320 
/pot-win 
it is player 5555's turn to be button

-----3 Hand-----

----- clean player data in socket -----
seat/ 
button: 5555 1880 2000 
small blind: 8888 1960 2000 
big blind: 6666 3120 2000 
7777 1840 2000 
1111 2000 2000 
3333 1300 2000 
4444 1920 2000 
2222 1980 2000 
/seat 
blind/ 
8888: 20 
6666: 40 
/blind 
player 8888:hold/ 
HEARTS 10 
SPADES J 
/hold 
player 6666:hold/ 
CLUBS K 
HEARTS A 
/hold 
player 7777:hold/ 
SPADES 10 
SPADES Q 
/hold 
player 1111:hold/ 
DIAMONDS 4 
SPADES 6 
/hold 
player 3333:hold/ 
HEARTS K 
CLUBS Q 
/hold 
player 4444:hold/ 
CLUBS 2 
DIAMONDS 6 
/hold 
player 2222:hold/ 
DIAMONDS K 
CLUBS J 
/hold 
player 5555:hold/ 
SPADES 4 
DIAMONDS 10 
/hold 

---pre flop round bet---
valid player: 8, all in player: 0, fold player: 0
send inquire msg to player 7777 
inquire/ 
6666 3080 2000 40 blind 
8888 1940 2000 20 blind 
total pot: 60 
/inquire 
recv from player 7777: fold 

send inquire msg to player 1111 
inquire/ 
7777 1840 2000 0 fold 
6666 3080 2000 40 blind 
8888 1940 2000 20 blind 
total pot: 60 
/inquire 
recv from player 1111: fold
send inquire msg to player 3333 
inquire/ 
1111 2000 2000 0 fold 
7777 1840 2000 0 fold 
6666 3080 2000 40 blind 
8888 1940 2000 20 blind 
total pot: 60 
/inquire 
recv from player 3333: call 
send inquire msg to player 4444 
inquire/ 
3333 1260 2000 40 call 
1111 2000 2000 0 fold 
7777 1840 2000 0 fold 
6666 3080 2000 40 blind 
8888 1940 2000 20 blind 
total pot: 100 
/inquire 
recv from player 4444: fold 

send inquire msg to player 2222 
inquire/ 
4444 1920 2000 0 fold 
3333 1260 2000 40 call 
1111 2000 2000 0 fold 
7777 1840 2000 0 fold 
6666 3080 2000 40 blind 
8888 1940 2000 20 blind 
total pot: 100 
/inquire 
recv from player 2222: fold 

send inquire msg to player 5555 
inquire/ 
2222 1980 2000 0 fold 
4444 1920 2000 0 fold 
3333 1260 2000 40 call 
1111 2000 2000 0 fold 
7777 1840 2000 0 fold 
6666 3080 2000 40 blind 
8888 1940 2000 20 blind 
total pot: 100 
/inquire 
recv from player 5555: call 
send inquire msg to player 8888 
inquire/ 
5555 1840 2000 40 call 
2222 1980 2000 0 fold 
4444 1920 2000 0 fold 
3333 1260 2000 40 call 
1111 2000 2000 0 fold 
7777 1840 2000 0 fold 
6666 3080 2000 40 blind 
8888 1940 2000 20 blind 
total pot: 140 
/inquire 
recv from player 8888: raise 240 

send inquire msg to player 6666 
inquire/ 
8888 1680 2000 280 raise 
5555 1840 2000 40 call 
2222 1980 2000 0 fold 
4444 1920 2000 0 fold 
3333 1260 2000 40 call 
1111 2000 2000 0 fold 
7777 1840 2000 0 fold 
6666 3080 2000 40 blind 
total pot: 400 
/inquire 
recv from player 6666: call 
send notify msg to player 7777 
notify/ 
6666 2840 2000 280 call 
8888 1680 2000 280 raise 
5555 1840 2000 40 call 
2222 1980 2000 0 fold 
4444 1920 2000 0 fold 
3333 1260 2000 40 call 
1111 2000 2000 0 fold 
7777 1840 2000 0 fold 
total pot: 640 
/notify 
send inquire msg to player 3333 
inquire/ 
1111 2000 2000 0 fold 
7777 1840 2000 0 fold 
6666 2840 2000 280 call 
8888 1680 2000 280 raise 
5555 1840 2000 40 call 
2222 1980 2000 0 fold 
4444 1920 2000 0 fold 
3333 1260 2000 40 call 
total pot: 640 
/inquire 
recv from player 3333: fold 
send inquire msg to player 5555 
inquire/ 
2222 1980 2000 0 fold 
4444 1920 2000 0 fold 
3333 1260 2000 40 fold 
1111 2000 2000 0 fold 
7777 1840 2000 0 fold 
6666 2840 2000 280 call 
8888 1680 2000 280 raise 
5555 1840 2000 40 call 
total pot: 640 
/inquire 
recv from player 5555: fold 
flop/ 
CLUBS 8 
CLUBS 6 
SPADES 3 
/flop 

---flop round bet---
valid player: 8, all in player: 0, fold player: 6
send inquire msg to player 8888 
inquire/ 
5555 1840 2000 40 fold 
2222 1980 2000 0 fold 
4444 1920 2000 0 fold 
3333 1260 2000 40 fold 
1111 2000 2000 0 fold 
7777 1840 2000 0 fold 
6666 2840 2000 280 call 
8888 1680 2000 280 raise 
total pot: 640 
/inquire 
recv from player 8888: check 

send inquire msg to player 6666 
inquire/ 
8888 1680 2000 280 check 
5555 1840 2000 40 fold 
2222 1980 2000 0 fold 
4444 1920 2000 0 fold 
3333 1260 2000 40 fold 
1111 2000 2000 0 fold 
7777 1840 2000 0 fold 
6666 2840 2000 280 call 
total pot: 640 
/inquire 
recv from player 6666: call 
turn/ 
HEARTS 6 
/turn 

---turn round bet---
valid player: 8, all in player: 0, fold player: 6
send inquire msg to player 8888 
inquire/ 
5555 1840 2000 40 fold 
2222 1980 2000 0 fold 
4444 1920 2000 0 fold 
3333 1260 2000 40 fold 
1111 2000 2000 0 fold 
7777 1840 2000 0 fold 
6666 2840 2000 280 check 
8888 1680 2000 280 check 
total pot: 640 
/inquire 
recv from player 8888: check 

send inquire msg to player 6666 
inquire/ 
8888 1680 2000 280 check 
5555 1840 2000 40 fold 
2222 1980 2000 0 fold 
4444 1920 2000 0 fold 
3333 1260 2000 40 fold 
1111 2000 2000 0 fold 
7777 1840 2000 0 fold 
6666 2840 2000 280 check 
total pot: 640 
/inquire 
recv from player 6666: check 
river/ 
CLUBS 10 
/river 

---river round bet---
valid player: 8, all in player: 0, fold player: 6
send inquire msg to player 8888 
inquire/ 
5555 1840 2000 40 fold 
2222 1980 2000 0 fold 
4444 1920 2000 0 fold 
3333 1260 2000 40 fold 
1111 2000 2000 0 fold 
7777 1840 2000 0 fold 
6666 2840 2000 280 check 
8888 1680 2000 280 check 
total pot: 640 
/inquire 
recv from player 8888: raise 240 

send inquire msg to player 6666 
inquire/ 
8888 1440 2000 520 raise 
5555 1840 2000 40 fold 
2222 1980 2000 0 fold 
4444 1920 2000 0 fold 
3333 1260 2000 40 fold 
1111 2000 2000 0 fold 
7777 1840 2000 0 fold 
6666 2840 2000 280 check 
total pot: 880 
/inquire 
recv from player 6666: fold 

----- notify msg last round -----
send notify msg to player 7777 
notify/ 
6666 2840 2000 280 fold 
8888 1440 2000 520 raise 
5555 1840 2000 40 fold 
2222 1980 2000 0 fold 
4444 1920 2000 0 fold 
3333 1260 2000 40 fold 
1111 2000 2000 0 fold 
7777 1840 2000 0 fold 
total pot: 880 
/notify 

--- 1 players not fold, don't need show down---

---Allocate pot---
Only player at seat 0 not fold, win all the pot 880
pot-win/ 
8888: 880 
/pot-win 
it is player 8888's turn to be button

-----4 Hand-----

----- clean player data in socket -----
seat/ 
button: 8888 2320 2000 
small blind: 6666 2840 2000 
big blind: 7777 1840 2000 
1111 2000 2000 
3333 1260 2000 
4444 1920 2000 
2222 1980 2000 
5555 1840 2000 
/seat 
blind/ 
6666: 20 
7777: 40 
/blind 
player 6666:hold/ 
DIAMONDS A 
CLUBS K 
/hold 
player 7777:hold/ 
SPADES 6 
HEARTS 5 
/hold 
player 1111:hold/ 
HEARTS K 
CLUBS 2 
/hold 
player 3333:hold/ 
DIAMONDS 4 
CLUBS A 
/hold 
player 4444:hold/ 
CLUBS 9 
SPADES A 
/hold 
player 2222:hold/ 
HEARTS A 
CLUBS 5 
/hold 
player 5555:hold/ 
SPADES 4 
HEARTS 7 
/hold 
player 8888:hold/ 
DIAMONDS K 
CLUBS J 
/hold 

---pre flop round bet---
valid player: 8, all in player: 0, fold player: 0
send inquire msg to player 1111 
inquire/ 
7777 1800 2000 40 blind 
6666 2820 2000 20 blind 
total pot: 60 
/inquire 
recv from player 1111: fold
send inquire msg to player 3333 
inquire/ 
1111 2000 2000 0 fold 
7777 1800 2000 40 blind 
6666 2820 2000 20 blind 
total pot: 60 
/inquire 
recv from player 3333: call 
send inquire msg to player 4444 
inquire/ 
3333 1220 2000 40 call 
1111 2000 2000 0 fold 
7777 1800 2000 40 blind 
6666 2820 2000 20 blind 
total pot: 100 
/inquire 
recv from player 4444: fold 

send inquire msg to player 2222 
inquire/ 
4444 1920 2000 0 fold 
3333 1220 2000 40 call 
1111 2000 2000 0 fold 
7777 1800 2000 40 blind 
6666 2820 2000 20 blind 
total pot: 100 
/inquire 
recv from player 2222: fold 

send inquire msg to player 5555 
inquire/ 
2222 1980 2000 0 fold 
4444 1920 2000 0 fold 
3333 1220 2000 40 call 
1111 2000 2000 0 fold 
7777 1800 2000 40 blind 
6666 2820 2000 20 blind 
total pot: 100 
/inquire 
recv from player 5555: call 
send inquire msg to player 8888 
inquire/ 
5555 1800 2000 40 call 
2222 1980 2000 0 fold 
4444 1920 2000 0 fold 
3333 1220 2000 40 call 
1111 2000 2000 0 fold 
7777 1800 2000 40 blind 
6666 2820 2000 20 blind 
total pot: 140 
/inquire 
recv from player 8888: raise 120 

send inquire msg to player 6666 
inquire/ 
8888 2160 2000 160 raise 
5555 1800 2000 40 call 
2222 1980 2000 0 fold 
4444 1920 2000 0 fold 
3333 1220 2000 40 call 
1111 2000 2000 0 fold 
7777 1800 2000 40 blind 
6666 2820 2000 20 blind 
total pot: 300 
/inquire 
recv from player 6666: call 
send inquire msg to player 7777 
inquire/ 
6666 2680 2000 160 call 
8888 2160 2000 160 raise 
5555 1800 2000 40 call 
2222 1980 2000 0 fold 
4444 1920 2000 0 fold 
3333 1220 2000 40 call 
1111 2000 2000 0 fold 
7777 1800 2000 40 blind 
total pot: 440 
/inquire 
recv from player 7777: fold 

send inquire msg to player 3333 
inquire/ 
1111 2000 2000 0 fold 
7777 1800 2000 40 fold 
6666 2680 2000 160 call 
8888 2160 2000 160 raise 
5555 1800 2000 40 call 
2222 1980 2000 0 fold 
4444 1920 2000 0 fold 
3333 1220 2000 40 call 
total pot: 440 
/inquire 
recv from player 3333: fold 
send inquire msg to player 5555 
inquire/ 
2222 1980 2000 0 fold 
4444 1920 2000 0 fold 
3333 1220 2000 40 fold 
1111 2000 2000 0 fold 
7777 1800 2000 40 fold 
6666 2680 2000 160 call 
8888 2160 2000 160 raise 
5555 1800 2000 40 call 
total pot: 440 
/inquire 
recv from player 5555: fold 
flop/ 
SPADES 8 
HEARTS 6 
SPADES 2 
/flop 

---flop round bet---
valid player: 8, all in player: 0, fold player: 6
send inquire msg to player 6666 
inquire/ 
8888 2160 2000 160 raise 
5555 1800 2000 40 fold 
2222 1980 2000 0 fold 
4444 1920 2000 0 fold 
3333 1220 2000 40 fold 
1111 2000 2000 0 fold 
7777 1800 2000 40 fold 
6666 2680 2000 160 call 
total pot: 440 
/inquire 
recv from player 6666: call 
send notify msg to player 7777 
notify/ 
6666 2680 2000 160 check 
8888 2160 2000 160 raise 
5555 1800 2000 40 fold 
2222 1980 2000 0 fold 
4444 1920 2000 0 fold 
3333 1220 2000 40 fold 
1111 2000 2000 0 fold 
7777 1800 2000 40 fold 
total pot: 440 
/notify 
send inquire msg to player 8888 
inquire/ 
5555 1800 2000 40 fold 
2222 1980 2000 0 fold 
4444 1920 2000 0 fold 
3333 1220 2000 40 fold 
1111 2000 2000 0 fold 
7777 1800 2000 40 fold 
6666 2680 2000 160 check 
8888 2160 2000 160 raise 
total pot: 440 
/inquire 
recv from player 8888: raise 120 

send inquire msg to player 6666 
inquire/ 
8888 2040 2000 280 raise 
5555 1800 2000 40 fold 
2222 1980 2000 0 fold 
4444 1920 2000 0 fold 
3333 1220 2000 40 fold 
1111 2000 2000 0 fold 
7777 1800 2000 40 fold 
6666 2680 2000 160 check 
total pot: 560 
/inquire 
recv from player 6666: call 
turn/ 
HEARTS 2 
/turn 

---turn round bet---
valid player: 8, all in player: 0, fold player: 6
send inquire msg to player 6666 
inquire/ 
8888 2040 2000 280 raise 
5555 1800 2000 40 fold 
2222 1980 2000 0 fold 
4444 1920 2000 0 fold 
3333 1220 2000 40 fold 
1111 2000 2000 0 fold 
7777 1800 2000 40 fold 
6666 2560 2000 280 call 
total pot: 680 
/inquire 
recv from player 6666: call 
send notify msg to player 7777 
notify/ 
6666 2560 2000 280 check 
8888 2040 2000 280 raise 
5555 1800 2000 40 fold 
2222 1980 2000 0 fold 
4444 1920 2000 0 fold 
3333 1220 2000 40 fold 
1111 2000 2000 0 fold 
7777 1800 2000 40 fold 
total pot: 680 
/notify 
send inquire msg to player 8888 
inquire/ 
5555 1800 2000 40 fold 
2222 1980 2000 0 fold 
4444 1920 2000 0 fold 
3333 1220 2000 40 fold 
1111 2000 2000 0 fold 
7777 1800 2000 40 fold 
6666 2560 2000 280 check 
8888 2040 2000 280 raise 
total pot: 680 
/inquire 
recv from player 8888: raise 120 

send inquire msg to player 6666 
inquire/ 
8888 1920 2000 400 raise 
5555 1800 2000 40 fold 
2222 1980 2000 0 fold 
4444 1920 2000 0 fold 
3333 1220 2000 40 fold 
1111 2000 2000 0 fold 
7777 1800 2000 40 fold 
6666 2560 2000 280 check 
total pot: 800 
/inquire 
recv from player 6666: call 
river/ 
DIAMONDS 9 
/river 

---river round bet---
valid player: 8, all in player: 0, fold player: 6
send inquire msg to player 6666 
inquire/ 
8888 1920 2000 400 raise 
5555 1800 2000 40 fold 
2222 1980 2000 0 fold 
4444 1920 2000 0 fold 
3333 1220 2000 40 fold 
1111 2000 2000 0 fold 
7777 1800 2000 40 fold 
6666 2440 2000 400 call 
total pot: 920 
/inquire 
recv from player 6666: fold 
send notify msg to player 7777 
notify/ 
6666 2440 2000 400 fold 
8888 1920 2000 400 raise 
5555 1800 2000 40 fold 
2222 1980 2000 0 fold 
4444 1920 2000 0 fold 
3333 1220 2000 40 fold 
1111 2000 2000 0 fold 
7777 1800 2000 40 fold 
total pot: 920 
/notify 
send inquire msg to player 8888 
inquire/ 
5555 1800 2000 40 fold 
2222 1980 2000 0 fold 
4444 1920 2000 0 fold 
3333 1220 2000 40 fold 
1111 2000 2000 0 fold 
7777 1800 2000 40 fold 
6666 2440 2000 400 fold 
8888 1920 2000 400 raise 
total pot: 920 
/inquire 
recv from player 8888: raise 240 


----- notify msg last round -----
send notify msg to player 7777 
notify/ 
6666 2440 2000 400 fold 
8888 1680 2000 640 raise 
5555 1800 2000 40 fold 
2222 1980 2000 0 fold 
4444 1920 2000 0 fold 
3333 1220 2000 40 fold 
1111 2000 2000 0 fold 
7777 1800 2000 40 fold 
total pot: 1160 
/notify 

--- 1 players not fold, don't need show down---

---Allocate pot---
Only player at seat 7 not fold, win all the pot 1160
pot-win/ 
8888: 1160 
/pot-win 
it is player 6666's turn to be button

-----5 Hand-----

----- clean player data in socket -----
seat/ 
button: 6666 2440 2000 
small blind: 7777 1800 2000 
big blind: 1111 2000 2000 
3333 1220 2000 
4444 1920 2000 
2222 1980 2000 
5555 1800 2000 
8888 2840 2000 
/seat 
blind/ 
7777: 20 
1111: 40 
/blind 
player 7777:hold/ 
HEARTS 2 
SPADES A 
/hold 
player 1111:hold/ 
DIAMONDS K 
DIAMONDS 2 
/hold 
player 3333:hold/ 
SPADES 9 
SPADES 3 
/hold 
player 4444:hold/ 
SPADES 4 
HEARTS 6 
/hold 
player 2222:hold/ 
HEARTS 8 
HEARTS 7 
/hold 
player 5555:hold/ 
CLUBS Q 
CLUBS A 
/hold 
player 8888:hold/ 
CLUBS 7 
CLUBS 8 
/hold 
player 6666:hold/ 
CLUBS 6 
HEARTS A 
/hold 

---pre flop round bet---
valid player: 8, all in player: 0, fold player: 0
send inquire msg to player 3333 
inquire/ 
1111 1960 2000 40 blind 
7777 1780 2000 20 blind 
total pot: 60 
/inquire 
recv from player 3333: call 
send inquire msg to player 4444 
inquire/ 
3333 1180 2000 40 call 
1111 1960 2000 40 blind 
7777 1780 2000 20 blind 
total pot: 100 
/inquire 
recv from player 4444: fold 

send inquire msg to player 2222 
inquire/ 
4444 1920 2000 0 fold 
3333 1180 2000 40 call 
1111 1960 2000 40 blind 
7777 1780 2000 20 blind 
total pot: 100 
/inquire 
recv from player 2222: call 

send inquire msg to player 5555 
inquire/ 
2222 1940 2000 40 call 
4444 1920 2000 0 fold 
3333 1180 2000 40 call 
1111 1960 2000 40 blind 
7777 1780 2000 20 blind 
total pot: 140 
/inquire 
recv from player 5555: call 
send inquire msg to player 8888 
inquire/ 
5555 1760 2000 40 call 
2222 1940 2000 40 call 
4444 1920 2000 0 fold 
3333 1180 2000 40 call 
1111 1960 2000 40 blind 
7777 1780 2000 20 blind 
total pot: 180 
/inquire 
recv from player 8888: fold 

send inquire msg to player 6666 
inquire/ 
8888 2840 2000 0 fold 
5555 1760 2000 40 call 
2222 1940 2000 40 call 
4444 1920 2000 0 fold 
3333 1180 2000 40 call 
1111 1960 2000 40 blind 
7777 1780 2000 20 blind 
total pot: 180 
/inquire 
recv from player 6666: fold 
send inquire msg to player 7777 
inquire/ 
6666 2440 2000 0 fold 
8888 2840 2000 0 fold 
5555 1760 2000 40 call 
2222 1940 2000 40 call 
4444 1920 2000 0 fold 
3333 1180 2000 40 call 
1111 1960 2000 40 blind 
7777 1780 2000 20 blind 
total pot: 180 
/inquire 
recv from player 7777: fold 

send inquire msg to player 1111 
inquire/ 
7777 1780 2000 20 fold 
6666 2440 2000 0 fold 
8888 2840 2000 0 fold 
5555 1760 2000 40 call 
2222 1940 2000 40 call 
4444 1920 2000 0 fold 
3333 1180 2000 40 call 
1111 1960 2000 40 blind 
total pot: 180 
/inquire 
recv from player 1111: fold
flop/ 
DIAMONDS A 
HEARTS 4 
HEARTS J 
/flop 

---flop round bet---
valid player: 8, all in player: 0, fold player: 5
send notify msg to player 7777 
notify/ 
6666 2440 2000 0 fold 
8888 2840 2000 0 fold 
5555 1760 2000 40 call 
2222 1940 2000 40 call 
4444 1920 2000 0 fold 
3333 1180 2000 40 call 
1111 1960 2000 40 fold 
7777 1780 2000 20 fold 
total pot: 180 
/notify 
send inquire msg to player 3333 
inquire/ 
1111 1960 2000 40 fold 
7777 1780 2000 20 fold 
6666 2440 2000 0 fold 
8888 2840 2000 0 fold 
5555 1760 2000 40 call 
2222 1940 2000 40 call 
4444 1920 2000 0 fold 
3333 1180 2000 40 call 
total pot: 180 
/inquire 
recv from player 3333: fold 
send inquire msg to player 2222 
inquire/ 
4444 1920 2000 0 fold 
3333 1180 2000 40 fold 
1111 1960 2000 40 fold 
7777 1780 2000 20 fold 
6666 2440 2000 0 fold 
8888 2840 2000 0 fold 
5555 1760 2000 40 call 
2222 1940 2000 40 call 
total pot: 180 
/inquire 
recv from player 2222: call 

send inquire msg to player 5555 
inquire/ 
2222 1940 2000 40 check 
4444 1920 2000 0 fold 
3333 1180 2000 40 fold 
1111 1960 2000 40 fold 
7777 1780 2000 20 fold 
6666 2440 2000 0 fold 
8888 2840 2000 0 fold 
5555 1760 2000 40 call 
total pot: 180 
/inquire 
recv from player 5555: call 
turn/ 
DIAMONDS 6 
/turn 

---turn round bet---
valid player: 8, all in player: 0, fold player: 6
send notify msg to player 7777 
notify/ 
6666 2440 2000 0 fold 
8888 2840 2000 0 fold 
5555 1760 2000 40 check 
2222 1940 2000 40 check 
4444 1920 2000 0 fold 
3333 1180 2000 40 fold 
1111 1960 2000 40 fold 
7777 1780 2000 20 fold 
total pot: 180 
/notify 
send inquire msg to player 2222 
inquire/ 
4444 1920 2000 0 fold 
3333 1180 2000 40 fold 
1111 1960 2000 40 fold 
7777 1780 2000 20 fold 
6666 2440 2000 0 fold 
8888 2840 2000 0 fold 
5555 1760 2000 40 check 
2222 1940 2000 40 check 
total pot: 180 
/inquire 
recv from player 2222: call 

send inquire msg to player 5555 
inquire/ 
2222 1940 2000 40 check 
4444 1920 2000 0 fold 
3333 1180 2000 40 fold 
1111 1960 2000 40 fold 
7777 1780 2000 20 fold 
6666 2440 2000 0 fold 
8888 2840 2000 0 fold 
5555 1760 2000 40 check 
total pot: 180 
/inquire 
recv from player 5555: raise 500 
send notify msg to player 7777 
notify/ 
6666 2440 2000 0 fold 
8888 2840 2000 0 fold 
5555 1260 2000 540 raise 
2222 1940 2000 40 check 
4444 1920 2000 0 fold 
3333 1180 2000 40 fold 
1111 1960 2000 40 fold 
7777 1780 2000 20 fold 
total pot: 680 
/notify 
send inquire msg to player 2222 
inquire/ 
4444 1920 2000 0 fold 
3333 1180 2000 40 fold 
1111 1960 2000 40 fold 
7777 1780 2000 20 fold 
6666 2440 2000 0 fold 
8888 2840 2000 0 fold 
5555 1260 2000 540 raise 
2222 1940 2000 40 check 
total pot: 680 
/inquire 
recv from player 2222: fold 


---river round bet---
valid player: 8, all in player: 0, fold player: 7

----- notify msg last round -----
send notify msg to player 7777 
notify/ 
6666 2440 2000 0 fold 
8888 2840 2000 0 fold 
5555 1260 2000 540 raise 
2222 1940 2000 40 fold 
4444 1920 2000 0 fold 
3333 1180 2000 40 fold 
1111 1960 2000 40 fold 
7777 1780 2000 20 fold 
total pot: 680 
/notify 

--- 1 players not fold, don't need show down---

---Allocate pot---
Only player at seat 5 not fold, win all the pot 680
pot-win/ 
5555: 680 
/pot-win 
it is player 7777's turn to be button

-----6 Hand-----

----- clean player data in socket -----
seat/ 
button: 7777 1780 2000 
small blind: 1111 1960 2000 
big blind: 3333 1180 2000 
4444 1920 2000 
2222 1940 2000 
5555 1940 2000 
8888 2840 2000 
6666 2440 2000 
/seat 
blind/ 
1111: 20 
3333: 40 
/blind 
player 1111:hold/ 
DIAMONDS 9 
HEARTS 9 
/hold 
player 3333:hold/ 
DIAMONDS J 
CLUBS 9 
/hold 
player 4444:hold/ 
CLUBS Q 
HEARTS 6 
/hold 
player 2222:hold/ 
CLUBS 4 
DIAMONDS K 
/hold 
player 5555:hold/ 
SPADES 3 
HEARTS 7 
/hold 
player 8888:hold/ 
SPADES K 
HEARTS J 
/hold 
player 6666:hold/ 
HEARTS 5 
SPADES 5 
/hold 
player 7777:hold/ 
CLUBS J 
DIAMONDS 4 
/hold 

---pre flop round bet---
valid player: 8, all in player: 0, fold player: 0
send inquire msg to player 4444 
inquire/ 
3333 1140 2000 40 blind 
1111 1940 2000 20 blind 
total pot: 60 
/inquire 
recv from player 4444: fold 

send inquire msg to player 2222 
inquire/ 
4444 1920 2000 0 fold 
3333 1140 2000 40 blind 
1111 1940 2000 20 blind 
total pot: 60 
/inquire 
recv from player 2222: fold 

send inquire msg to player 5555 
inquire/ 
2222 1940 2000 0 fold 
4444 1920 2000 0 fold 
3333 1140 2000 40 blind 
1111 1940 2000 20 blind 
total pot: 60 
/inquire 
recv from player 5555: call 
send inquire msg to player 8888 
inquire/ 
5555 1900 2000 40 call 
2222 1940 2000 0 fold 
4444 1920 2000 0 fold 
3333 1140 2000 40 blind 
1111 1940 2000 20 blind 
total pot: 100 
/inquire 
recv from player 8888: fold 

send inquire msg to player 6666 
inquire/ 
8888 2840 2000 0 fold 
5555 1900 2000 40 call 
2222 1940 2000 0 fold 
4444 1920 2000 0 fold 
3333 1140 2000 40 blind 
1111 1940 2000 20 blind 
total pot: 100 
/inquire 
recv from player 6666: call 
send inquire msg to player 7777 
inquire/ 
6666 2400 2000 40 call 
8888 2840 2000 0 fold 
5555 1900 2000 40 call 
2222 1940 2000 0 fold 
4444 1920 2000 0 fold 
3333 1140 2000 40 blind 
1111 1940 2000 20 blind 
total pot: 140 
/inquire 
recv from player 7777: fold 

send inquire msg to player 1111 
inquire/ 
7777 1780 2000 0 fold 
6666 2400 2000 40 call 
8888 2840 2000 0 fold 
5555 1900 2000 40 call 
2222 1940 2000 0 fold 
4444 1920 2000 0 fold 
3333 1140 2000 40 blind 
1111 1940 2000 20 blind 
total pot: 140 
/inquire 
recv from player 1111: fold
send inquire msg to player 3333 
inquire/ 
1111 1940 2000 20 fold 
7777 1780 2000 0 fold 
6666 2400 2000 40 call 
8888 2840 2000 0 fold 
5555 1900 2000 40 call 
2222 1940 2000 0 fold 
4444 1920 2000 0 fold 
3333 1140 2000 40 blind 
total pot: 140 
/inquire 
recv from player 3333: call 
flop/ 
DIAMONDS 7 
CLUBS 10 
DIAMONDS A 
/flop 

---flop round bet---
valid player: 8, all in player: 0, fold player: 5
send inquire msg to player 3333 
inquire/ 
1111 1940 2000 20 fold 
7777 1780 2000 0 fold 
6666 2400 2000 40 call 
8888 2840 2000 0 fold 
5555 1900 2000 40 call 
2222 1940 2000 0 fold 
4444 1920 2000 0 fold 
3333 1140 2000 40 check 
total pot: 140 
/inquire 
recv from player 3333: check 
send inquire msg to player 5555 
inquire/ 
2222 1940 2000 0 fold 
4444 1920 2000 0 fold 
3333 1140 2000 40 check 
1111 1940 2000 20 fold 
7777 1780 2000 0 fold 
6666 2400 2000 40 call 
8888 2840 2000 0 fold 
5555 1900 2000 40 call 
total pot: 140 
/inquire 
recv from player 5555: call 
send inquire msg to player 6666 
inquire/ 
8888 2840 2000 0 fold 
5555 1900 2000 40 check 
2222 1940 2000 0 fold 
4444 1920 2000 0 fold 
3333 1140 2000 40 check 
1111 1940 2000 20 fold 
7777 1780 2000 0 fold 
6666 2400 2000 40 call 
total pot: 140 
/inquire 
recv from player 6666: call 
turn/ 
CLUBS 6 
/turn 

---turn round bet---
valid player: 8, all in player: 0, fold player: 5
send inquire msg to player 3333 
inquire/ 
1111 1940 2000 20 fold 
7777 1780 2000 0 fold 
6666 2400 2000 40 check 
8888 2840 2000 0 fold 
5555 1900 2000 40 check 
2222 1940 2000 0 fold 
4444 1920 2000 0 fold 
3333 1140 2000 40 check 
total pot: 140 
/inquire 
recv from player 3333: check 
send inquire msg to player 5555 
inquire/ 
2222 1940 2000 0 fold 
4444 1920 2000 0 fold 
3333 1140 2000 40 check 
1111 1940 2000 20 fold 
7777 1780 2000 0 fold 
6666 2400 2000 40 check 
8888 2840 2000 0 fold 
5555 1900 2000 40 check 
total pot: 140 
/inquire 
recv from player 5555: check 
send inquire msg to player 6666 
inquire/ 
8888 2840 2000 0 fold 
5555 1900 2000 40 check 
2222 1940 2000 0 fold 
4444 1920 2000 0 fold 
3333 1140 2000 40 check 
1111 1940 2000 20 fold 
7777 1780 2000 0 fold 
6666 2400 2000 40 check 
total pot: 140 
/inquire 
recv from player 6666: check 
river/ 
SPADES 8 
/river 

---river round bet---
valid player: 8, all in player: 0, fold player: 5
send inquire msg to player 3333 
inquire/ 
1111 1940 2000 20 fold 
7777 1780 2000 0 fold 
6666 2400 2000 40 check 
8888 2840 2000 0 fold 
5555 1900 2000 40 check 
2222 1940 2000 0 fold 
4444 1920 2000 0 fold 
3333 1140 2000 40 check 
total pot: 140 
/inquire 
recv from player 3333: all_in 
send inquire msg to player 5555 
inquire/ 
2222 1940 2000 0 fold 
4444 1920 2000 0 fold 
3333 0 2000 1180 all_in 
1111 1940 2000 20 fold 
7777 1780 2000 0 fold 
6666 2400 2000 40 check 
8888 2840 2000 0 fold 
5555 1900 2000 40 check 
total pot: 1280 
/inquire 
recv from player 5555: fold 
send inquire msg to player 6666 
inquire/ 
8888 2840 2000 0 fold 
5555 1900 2000 40 fold 
2222 1940 2000 0 fold 
4444 1920 2000 0 fold 
3333 0 2000 1180 all_in 
1111 1940 2000 20 fold 
7777 1780 2000 0 fold 
6666 2400 2000 40 check 
total pot: 1280 
/inquire 
recv from player 6666: fold 

----- notify msg last round -----
send notify msg to player 7777 
notify/ 
6666 2400 2000 40 fold 
8888 2840 2000 0 fold 
5555 1900 2000 40 fold 
2222 1940 2000 0 fold 
4444 1920 2000 0 fold 
3333 0 2000 1180 all_in 
1111 1940 2000 20 fold 
7777 1780 2000 0 fold 
total pot: 1280 
/notify 

--- 1 players not fold, don't need show down---

---Allocate pot---
Only player at seat 1 not fold, win all the pot 1280
pot-win/ 
3333: 1280 
/pot-win 
it is player 1111's turn to be button

-----7 Hand-----

----- clean player data in socket -----
seat/ 
button: 1111 1940 2000 
small blind: 3333 1280 2000 
big blind: 4444 1920 2000 
2222 1940 2000 
5555 1900 2000 
8888 2840 2000 
6666 2400 2000 
7777 1780 2000 
/seat 
blind/ 
3333: 20 
4444: 40 
/blind 
player 3333:hold/ 
DIAMONDS K 
DIAMONDS 7 
/hold 
player 4444:hold/ 
SPADES Q 
CLUBS 6 
/hold 
player 2222:hold/ 
DIAMONDS 3 
CLUBS A 
/hold 
player 5555:hold/ 
DIAMONDS 4 
SPADES 3 
/hold 
player 8888:hold/ 
CLUBS 9 
CLUBS 3 
/hold 
player 6666:hold/ 
SPADES 2 
SPADES 9 
/hold 
player 7777:hold/ 
CLUBS 5 
SPADES 4 
/hold 
player 1111:hold/ 
CLUBS 7 
CLUBS 4 
/hold 

---pre flop round bet---
valid player: 8, all in player: 0, fold player: 0
send inquire msg to player 2222 
inquire/ 
4444 1880 2000 40 blind 
3333 1260 2000 20 blind 
total pot: 60 
/inquire 
