

===VERSION 1.25===
---GAME START @ 2015-5-28-10-43-29---

wait registration for 30 seconds
reg: 2222 JunLinTianXia 
reg: 5555 fool123 
reg: 3333 Ty_lxx 
reg: 4444 ewsnc 
reg: 8888 DSB  reg: 1111 Young need_notify  
reg: 6666 zz 
reg: 7777 CQchappie need_notify 
close registration

-----1 Hand-----

----- clean player data in socket -----
seat/ 
button: 8888 2000 2000 
small blind: 2222 2000 2000 
big blind: 5555 2000 2000 
3333 2000 2000 
6666 2000 2000 
4444 2000 2000 
1111 2000 2000 
7777 2000 2000 
/seat 
blind/ 
2222: 20 
5555: 40 
/blind 
player 2222:hold/ 
HEARTS 8 
DIAMONDS 10 
/hold 
player 5555:hold/ 
SPADES 7 
DIAMONDS K 
/hold 
player 3333:hold/ 
SPADES A 
HEARTS Q 
/hold 
player 6666:hold/ 
HEARTS A 
CLUBS K 
/hold 
player 4444:hold/ 
SPADES 4 
CLUBS A 
/hold 
player 1111:hold/ 
CLUBS 9 
DIAMONDS 9 
/hold 
player 7777:hold/ 
DIAMONDS 5 
HEARTS 6 
/hold 
player 8888:hold/ 
SPADES 6 
DIAMONDS A 
/hold 

---pre flop round bet---
valid player: 8, all in player: 0, fold player: 0

send inquire msg to player 3333 
inquire/ 
5555 1960 2000 40 blind 
2222 1980 2000 20 blind 
total pot: 60 
/inquire 
recv from player 3333: call 


send inquire msg to player 6666 
inquire/ 
3333 1960 2000 40 call 
5555 1960 2000 40 blind 
2222 1980 2000 20 blind 
total pot: 100 
/inquire 
recv from player 6666: raise 100 


send inquire msg to player 4444 
inquire/ 
6666 1860 2000 140 raise 
3333 1960 2000 40 call 
5555 1960 2000 40 blind 
2222 1980 2000 20 blind 
total pot: 240 
/inquire 
recv from player 4444: flod 


Recv invalid action msg(flod 
) from player 4444
send inquire msg to player 1111 
inquire/ 
4444 2000 2000 0 fold 
6666 1860 2000 140 raise 
3333 1960 2000 40 call 
5555 1960 2000 40 blind 
2222 1980 2000 20 blind 
total pot: 240 
/inquire 
recv from player 1111: fold 


send inquire msg to player 7777 
inquire/ 
1111 2000 2000 0 fold 
4444 2000 2000 0 fold 
6666 1860 2000 140 raise 
3333 1960 2000 40 call 
5555 1960 2000 40 blind 
2222 1980 2000 20 blind 
total pot: 240 
/inquire 
recv from player 7777: fold 


send inquire msg to player 8888 
inquire/ 
7777 2000 2000 0 fold 
1111 2000 2000 0 fold 
4444 2000 2000 0 fold 
6666 1860 2000 140 raise 
3333 1960 2000 40 call 
5555 1960 2000 40 blind 
2222 1980 2000 20 blind 
total pot: 240 
/inquire 
recv from player 8888: fold 

send inquire msg to player 2222 
inquire/ 
8888 2000 2000 0 fold 
7777 2000 2000 0 fold 
1111 2000 2000 0 fold 
4444 2000 2000 0 fold 
6666 1860 2000 140 raise 
3333 1960 2000 40 call 
5555 1960 2000 40 blind 
2222 1980 2000 20 blind 
total pot: 240 
/inquire 
recv from player 2222: fold 


send inquire msg to player 5555 
inquire/ 
2222 1980 2000 20 fold 
8888 2000 2000 0 fold 
7777 2000 2000 0 fold 
1111 2000 2000 0 fold 
4444 2000 2000 0 fold 
6666 1860 2000 140 raise 
3333 1960 2000 40 call 
5555 1960 2000 40 blind 
total pot: 240 
/inquire 
recv from player 5555: fold 


send inquire msg to player 3333 
inquire/ 
5555 1960 2000 40 fold 
2222 1980 2000 20 fold 
8888 2000 2000 0 fold 
7777 2000 2000 0 fold 
1111 2000 2000 0 fold 
4444 2000 2000 0 fold 
6666 1860 2000 140 raise 
3333 1960 2000 40 call 
total pot: 240 
/inquire 
recv from player 3333: call 

flop/ 
CLUBS J 
SPADES 5 
DIAMONDS 3 
/flop 

---flop round bet---
valid player: 8, all in player: 0, fold player: 6

send inquire msg to player 3333 
inquire/ 
5555 1960 2000 40 fold 
2222 1980 2000 20 fold 
8888 2000 2000 0 fold 
7777 2000 2000 0 fold 
1111 2000 2000 0 fold 
4444 2000 2000 0 fold 
6666 1860 2000 140 raise 
3333 1860 2000 140 call 
total pot: 340 
/inquire 
recv from player 3333: call 


send inquire msg to player 6666 
inquire/ 
3333 1860 2000 140 check 
5555 1960 2000 40 fold 
2222 1980 2000 20 fold 
8888 2000 2000 0 fold 
7777 2000 2000 0 fold 
1111 2000 2000 0 fold 
4444 2000 2000 0 fold 
6666 1860 2000 140 raise 
total pot: 340 
/inquire 
recv from player 6666: check 

turn/ 
HEARTS 10 
/turn 

---turn round bet---
valid player: 8, all in player: 0, fold player: 6

send inquire msg to player 3333 
inquire/ 
5555 1960 2000 40 fold 
2222 1980 2000 20 fold 
8888 2000 2000 0 fold 
7777 2000 2000 0 fold 
1111 2000 2000 0 fold 
4444 2000 2000 0 fold 
6666 1860 2000 140 check 
3333 1860 2000 140 check 
total pot: 340 
/inquire 
recv from player 3333: call 


send inquire msg to player 6666 
inquire/ 
3333 1860 2000 140 check 
5555 1960 2000 40 fold 
2222 1980 2000 20 fold 
8888 2000 2000 0 fold 
7777 2000 2000 0 fold 
1111 2000 2000 0 fold 
4444 2000 2000 0 fold 
6666 1860 2000 140 check 
total pot: 340 
/inquire 
recv from player 6666: check 

river/ 
CLUBS 7 
/river 

---river round bet---
valid player: 8, all in player: 0, fold player: 6

send inquire msg to player 3333 
inquire/ 
5555 1960 2000 40 fold 
2222 1980 2000 20 fold 
8888 2000 2000 0 fold 
7777 2000 2000 0 fold 
1111 2000 2000 0 fold 
4444 2000 2000 0 fold 
6666 1860 2000 140 check 
3333 1860 2000 140 check 
total pot: 340 
/inquire 
recv from player 3333: check 


send inquire msg to player 6666 
inquire/ 
3333 1860 2000 140 check 
5555 1960 2000 40 fold 
2222 1980 2000 20 fold 
8888 2000 2000 0 fold 
7777 2000 2000 0 fold 
1111 2000 2000 0 fold 
4444 2000 2000 0 fold 
6666 1860 2000 140 check 
total pot: 340 
/inquire 
recv from player 6666: check 


----- notify msg last round -----

send notify msg to player 1111 
notify/ 
4444 2000 2000 0 fold 
6666 1860 2000 140 check 
3333 1860 2000 140 check 
5555 1960 2000 40 fold 
2222 1980 2000 20 fold 
8888 2000 2000 0 fold 
7777 2000 2000 0 fold 
1111 2000 2000 0 fold 
total pot: 340 
/notify 

send notify msg to player 7777 
notify/ 
1111 2000 2000 0 fold 
4444 2000 2000 0 fold 
6666 1860 2000 140 check 
3333 1860 2000 140 check 
5555 1960 2000 40 fold 
2222 1980 2000 20 fold 
8888 2000 2000 0 fold 
7777 2000 2000 0 fold 
total pot: 340 
/notify 

---show down---
showdown/ 
common/ 
CLUBS J 
SPADES 5 
DIAMONDS 3 
HEARTS 10 
CLUBS 7 
/common 
2: 3333 SPADES A HEARTS Q HIGH_CARD 
1: 6666 HEARTS A CLUBS K HIGH_CARD 
/showdown 

---Allocate pot---
pot-win/ 
6666: 340 
/pot-win 
it is player 2222's turn to be button

-----2 Hand-----

----- clean player data in socket -----
seat/ 
button: 2222 1980 2000 
small blind: 5555 1960 2000 
big blind: 3333 1860 2000 
6666 2200 2000 
4444 2000 2000 
1111 2000 2000 
7777 2000 2000 
8888 2000 2000 
/seat 
blind/ 
5555: 20 
3333: 40 
/blind 
player 5555:hold/ 
CLUBS Q 
DIAMONDS 7 
/hold 
player 3333:hold/ 
HEARTS 2 
SPADES K 
/hold 
player 6666:hold/ 
DIAMONDS A 
HEARTS J 
/hold 
player 4444:hold/ 
SPADES 3 
HEARTS 3 
/hold 
player 1111:hold/ 
CLUBS A 
SPADES 6 
/hold 
player 7777:hold/ 
CLUBS J 
SPADES 7 
/hold 
player 8888:hold/ 
DIAMONDS Q 
HEARTS A 
/hold 
player 2222:hold/ 
CLUBS 10 
CLUBS 6 
/hold 

---pre flop round bet---
valid player: 8, all in player: 0, fold player: 0

send inquire msg to player 6666 
inquire/ 
3333 1820 2000 40 blind 
5555 1940 2000 20 blind 
total pot: 60 
/inquire 
recv from player 6666: raise 100 


send inquire msg to player 4444 
inquire/ 
6666 2060 2000 140 raise 
3333 1820 2000 40 blind 
5555 1940 2000 20 blind 
total pot: 200 
/inquire 
recv from player 4444: flod 


Recv invalid action msg(flod 
) from player 4444
send inquire msg to player 1111 
inquire/ 
4444 2000 2000 0 fold 
6666 2060 2000 140 raise 
3333 1820 2000 40 blind 
5555 1940 2000 20 blind 
total pot: 200 
/inquire 
recv from player 1111: fold 


send inquire msg to player 7777 
inquire/ 
1111 2000 2000 0 fold 
4444 2000 2000 0 fold 
6666 2060 2000 140 raise 
3333 1820 2000 40 blind 
5555 1940 2000 20 blind 
total pot: 200 
/inquire 
recv from player 7777: fold 


send inquire msg to player 8888 
inquire/ 
7777 2000 2000 0 fold 
1111 2000 2000 0 fold 
4444 2000 2000 0 fold 
6666 2060 2000 140 raise 
3333 1820 2000 40 blind 
5555 1940 2000 20 blind 
total pot: 200 
/inquire 
recv from player 8888: call 

send inquire msg to player 2222 
inquire/ 
8888 1860 2000 140 call 
7777 2000 2000 0 fold 
1111 2000 2000 0 fold 
4444 2000 2000 0 fold 
6666 2060 2000 140 raise 
3333 1820 2000 40 blind 
5555 1940 2000 20 blind 
total pot: 340 
/inquire 
recv from player 2222: fold 


send inquire msg to player 5555 
inquire/ 
2222 1980 2000 0 fold 
8888 1860 2000 140 call 
7777 2000 2000 0 fold 
1111 2000 2000 0 fold 
4444 2000 2000 0 fold 
6666 2060 2000 140 raise 
3333 1820 2000 40 blind 
5555 1940 2000 20 blind 
total pot: 340 
/inquire 
recv from player 5555: fold 


send inquire msg to player 3333 
inquire/ 
5555 1940 2000 20 fold 
2222 1980 2000 0 fold 
8888 1860 2000 140 call 
7777 2000 2000 0 fold 
1111 2000 2000 0 fold 
4444 2000 2000 0 fold 
6666 2060 2000 140 raise 
3333 1820 2000 40 blind 
total pot: 340 
/inquire 
recv from player 3333: call 

flop/ 
CLUBS 9 
CLUBS 5 
HEARTS 4 
/flop 

---flop round bet---
valid player: 8, all in player: 0, fold player: 5

send inquire msg to player 3333 
inquire/ 
5555 1940 2000 20 fold 
2222 1980 2000 0 fold 
8888 1860 2000 140 call 
7777 2000 2000 0 fold 
1111 2000 2000 0 fold 
4444 2000 2000 0 fold 
6666 2060 2000 140 raise 
3333 1720 2000 140 call 
total pot: 440 
/inquire 
recv from player 3333: check 


send inquire msg to player 6666 
inquire/ 
3333 1720 2000 140 check 
5555 1940 2000 20 fold 
2222 1980 2000 0 fold 
8888 1860 2000 140 call 
7777 2000 2000 0 fold 
1111 2000 2000 0 fold 
4444 2000 2000 0 fold 
6666 2060 2000 140 raise 
total pot: 440 
/inquire 
recv from player 6666: check 


send notify msg to player 1111 
notify/ 
4444 2000 2000 0 fold 
6666 2060 2000 140 check 
3333 1720 2000 140 check 
5555 1940 2000 20 fold 
2222 1980 2000 0 fold 
8888 1860 2000 140 call 
7777 2000 2000 0 fold 
1111 2000 2000 0 fold 
total pot: 440 
/notify 

send notify msg to player 7777 
notify/ 
1111 2000 2000 0 fold 
4444 2000 2000 0 fold 
6666 2060 2000 140 check 
3333 1720 2000 140 check 
5555 1940 2000 20 fold 
2222 1980 2000 0 fold 
8888 1860 2000 140 call 
7777 2000 2000 0 fold 
total pot: 440 
/notify 

send inquire msg to player 8888 
inquire/ 
7777 2000 2000 0 fold 
1111 2000 2000 0 fold 
4444 2000 2000 0 fold 
6666 2060 2000 140 check 
3333 1720 2000 140 check 
5555 1940 2000 20 fold 
2222 1980 2000 0 fold 
8888 1860 2000 140 call 
total pot: 440 
/inquire 
recv from player 8888: raise 100 

send inquire msg to player 3333 
inquire/ 
5555 1940 2000 20 fold 
2222 1980 2000 0 fold 
8888 1760 2000 240 raise 
7777 2000 2000 0 fold 
1111 2000 2000 0 fold 
4444 2000 2000 0 fold 
6666 2060 2000 140 check 
3333 1720 2000 140 check 
total pot: 540 
/inquire 
recv from player 3333: call 


send inquire msg to player 6666 
inquire/ 
3333 1620 2000 240 call 
5555 1940 2000 20 fold 
2222 1980 2000 0 fold 
8888 1760 2000 240 raise 
7777 2000 2000 0 fold 
1111 2000 2000 0 fold 
4444 2000 2000 0 fold 
6666 2060 2000 140 check 
total pot: 640 
/inquire 
recv from player 6666: fold 

turn/ 
SPADES 4 
/turn 

---turn round bet---
valid player: 8, all in player: 0, fold player: 6

send inquire msg to player 3333 
inquire/ 
5555 1940 2000 20 fold 
2222 1980 2000 0 fold 
8888 1760 2000 240 raise 
7777 2000 2000 0 fold 
1111 2000 2000 0 fold 
4444 2000 2000 0 fold 
6666 2060 2000 140 fold 
3333 1620 2000 240 call 
total pot: 640 
/inquire 
recv from player 3333: call 


send notify msg to player 1111 
notify/ 
4444 2000 2000 0 fold 
6666 2060 2000 140 fold 
3333 1620 2000 240 check 
5555 1940 2000 20 fold 
2222 1980 2000 0 fold 
8888 1760 2000 240 raise 
7777 2000 2000 0 fold 
1111 2000 2000 0 fold 
total pot: 640 
/notify 

send notify msg to player 7777 
notify/ 
1111 2000 2000 0 fold 
4444 2000 2000 0 fold 
6666 2060 2000 140 fold 
3333 1620 2000 240 check 
5555 1940 2000 20 fold 
2222 1980 2000 0 fold 
8888 1760 2000 240 raise 
7777 2000 2000 0 fold 
total pot: 640 
/notify 

send inquire msg to player 8888 
inquire/ 
7777 2000 2000 0 fold 
1111 2000 2000 0 fold 
4444 2000 2000 0 fold 
6666 2060 2000 140 fold 
3333 1620 2000 240 check 
5555 1940 2000 20 fold 
2222 1980 2000 0 fold 
8888 1760 2000 240 raise 
total pot: 640 
/inquire 
recv from player 8888: call 
river/ 
HEARTS K 
/river 

---river round bet---
valid player: 8, all in player: 0, fold player: 6

send inquire msg to player 3333 
inquire/ 
5555 1940 2000 20 fold 
2222 1980 2000 0 fold 
8888 1760 2000 240 check 
7777 2000 2000 0 fold 
1111 2000 2000 0 fold 
4444 2000 2000 0 fold 
6666 2060 2000 140 fold 
3333 1620 2000 240 check 
total pot: 640 
/inquire 
recv from player 3333: call 


send notify msg to player 1111 
notify/ 
4444 2000 2000 0 fold 
6666 2060 2000 140 fold 
3333 1620 2000 240 check 
5555 1940 2000 20 fold 
2222 1980 2000 0 fold 
8888 1760 2000 240 check 
7777 2000 2000 0 fold 
1111 2000 2000 0 fold 
total pot: 640 
/notify 

send notify msg to player 7777 
notify/ 
1111 2000 2000 0 fold 
4444 2000 2000 0 fold 
6666 2060 2000 140 fold 
3333 1620 2000 240 check 
5555 1940 2000 20 fold 
2222 1980 2000 0 fold 
8888 1760 2000 240 check 
7777 2000 2000 0 fold 
total pot: 640 
/notify 

send inquire msg to player 8888 
inquire/ 
7777 2000 2000 0 fold 
1111 2000 2000 0 fold 
4444 2000 2000 0 fold 
6666 2060 2000 140 fold 
3333 1620 2000 240 check 
5555 1940 2000 20 fold 
2222 1980 2000 0 fold 
8888 1760 2000 240 check 
total pot: 640 
/inquire 
recv from player 8888: check 

----- notify msg last round -----

send notify msg to player 1111 
notify/ 
4444 2000 2000 0 fold 
6666 2060 2000 140 fold 
3333 1620 2000 240 check 
5555 1940 2000 20 fold 
2222 1980 2000 0 fold 
8888 1760 2000 240 check 
7777 2000 2000 0 fold 
1111 2000 2000 0 fold 
total pot: 640 
/notify 

send notify msg to player 7777 
notify/ 
1111 2000 2000 0 fold 
4444 2000 2000 0 fold 
6666 2060 2000 140 fold 
3333 1620 2000 240 check 
5555 1940 2000 20 fold 
2222 1980 2000 0 fold 
8888 1760 2000 240 check 
7777 2000 2000 0 fold 
total pot: 640 
/notify 

---show down---
showdown/ 
common/ 
CLUBS 9 
CLUBS 5 
HEARTS 4 
SPADES 4 
HEARTS K 
/common 
1: 3333 HEARTS 2 SPADES K TWO_PAIR 
2: 8888 DIAMONDS Q HEARTS A ONE_PAIR 
/showdown 

---Allocate pot---
pot-win/ 
3333: 640 
/pot-win 
it is player 5555's turn to be button

-----3 Hand-----

----- clean player data in socket -----
find residue data from player 5555, data size 7
seat/ 
button: 5555 1940 2000 
small blind: 3333 2260 2000 
big blind: 6666 2060 2000 
4444 2000 2000 
1111 2000 2000 
7777 2000 2000 
8888 1760 2000 
2222 1980 2000 
/seat 
blind/ 
3333: 20 
6666: 40 
/blind 
player 3333:hold/ 
SPADES 8 
DIAMONDS 2 
/hold 
player 6666:hold/ 
HEARTS K 
DIAMONDS 3 
/hold 
player 4444:hold/ 
SPADES Q 
SPADES K 
/hold 
player 1111:hold/ 
HEARTS 8 
HEARTS 4 
/hold 
player 7777:hold/ 
HEARTS J 
DIAMONDS 7 
/hold 
player 8888:hold/ 
CLUBS 5 
HEARTS 6 
/hold 
player 2222:hold/ 
HEARTS 7 
CLUBS 8 
/hold 
player 5555:hold/ 
CLUBS J 
DIAMONDS 4 
/hold 

---pre flop round bet---
valid player: 8, all in player: 0, fold player: 0

send inquire msg to player 4444 
inquire/ 
6666 2020 2000 40 blind 
3333 2240 2000 20 blind 
total pot: 60 
/inquire 
recv from player 4444: raise 40


send inquire msg to player 1111 
inquire/ 
4444 1920 2000 80 raise 
6666 2020 2000 40 blind 
3333 2240 2000 20 blind 
total pot: 140 
/inquire 
recv from player 1111: fold 


send inquire msg to player 7777 
inquire/ 
1111 2000 2000 0 fold 
4444 1920 2000 80 raise 
6666 2020 2000 40 blind 
3333 2240 2000 20 blind 
total pot: 140 
/inquire 
recv from player 7777: fold 


send inquire msg to player 8888 
inquire/ 
7777 2000 2000 0 fold 
1111 2000 2000 0 fold 
4444 1920 2000 80 raise 
6666 2020 2000 40 blind 
3333 2240 2000 20 blind 
total pot: 140 
/inquire 
recv from player 8888: call 

send inquire msg to player 2222 
inquire/ 
8888 1680 2000 80 call 
7777 2000 2000 0 fold 
1111 2000 2000 0 fold 
4444 1920 2000 80 raise 
6666 2020 2000 40 blind 
3333 2240 2000 20 blind 
total pot: 220 
/inquire 
recv from player 2222: fold 


send inquire msg to player 5555 
inquire/ 
2222 1980 2000 0 fold 
8888 1680 2000 80 call 
7777 2000 2000 0 fold 
1111 2000 2000 0 fold 
4444 1920 2000 80 raise 
6666 2020 2000 40 blind 
3333 2240 2000 20 blind 
total pot: 220 
/inquire 
recv from player 5555: fold 


send inquire msg to player 3333 
inquire/ 
5555 1940 2000 0 fold 
2222 1980 2000 0 fold 
8888 1680 2000 80 call 
7777 2000 2000 0 fold 
1111 2000 2000 0 fold 
4444 1920 2000 80 raise 
6666 2020 2000 40 blind 
3333 2240 2000 20 blind 
total pot: 220 
/inquire 
recv from player 3333: fold 


send inquire msg to player 6666 
inquire/ 
3333 2240 2000 20 fold 
5555 1940 2000 0 fold 
2222 1980 2000 0 fold 
8888 1680 2000 80 call 
7777 2000 2000 0 fold 
1111 2000 2000 0 fold 
4444 1920 2000 80 raise 
6666 2020 2000 40 blind 
total pot: 220 
/inquire 
recv from player 6666: fold 

flop/ 
SPADES 2 
DIAMONDS 9 
SPADES A 
/flop 

---flop round bet---
valid player: 8, all in player: 0, fold player: 6

send inquire msg to player 4444 
inquire/ 
6666 2020 2000 40 fold 
3333 2240 2000 20 fold 
5555 1940 2000 0 fold 
2222 1980 2000 0 fold 
8888 1680 2000 80 call 
7777 2000 2000 0 fold 
1111 2000 2000 0 fold 
4444 1920 2000 80 raise 
total pot: 220 
/inquire 
recv from player 4444: check 


send notify msg to player 1111 
notify/ 
4444 1920 2000 80 check 
6666 2020 2000 40 fold 
3333 2240 2000 20 fold 
5555 1940 2000 0 fold 
2222 1980 2000 0 fold 
8888 1680 2000 80 call 
7777 2000 2000 0 fold 
1111 2000 2000 0 fold 
total pot: 220 
/notify 

send notify msg to player 7777 
notify/ 
1111 2000 2000 0 fold 
4444 1920 2000 80 check 
6666 2020 2000 40 fold 
3333 2240 2000 20 fold 
5555 1940 2000 0 fold 
2222 1980 2000 0 fold 
8888 1680 2000 80 call 
7777 2000 2000 0 fold 
total pot: 220 
/notify 

send inquire msg to player 8888 
inquire/ 
7777 2000 2000 0 fold 
1111 2000 2000 0 fold 
4444 1920 2000 80 check 
6666 2020 2000 40 fold 
3333 2240 2000 20 fold 
5555 1940 2000 0 fold 
2222 1980 2000 0 fold 
8888 1680 2000 80 call 
total pot: 220 
/inquire 
recv from player 8888: check 
turn/ 
CLUBS 2 
/turn 

---turn round bet---
valid player: 8, all in player: 0, fold player: 6

send inquire msg to player 4444 
inquire/ 
6666 2020 2000 40 fold 
3333 2240 2000 20 fold 
5555 1940 2000 0 fold 
2222 1980 2000 0 fold 
8888 1680 2000 80 check 
7777 2000 2000 0 fold 
1111 2000 2000 0 fold 
4444 1920 2000 80 check 
total pot: 220 
/inquire 
recv from player 4444: check 


send notify msg to player 1111 
notify/ 
4444 1920 2000 80 check 
6666 2020 2000 40 fold 
3333 2240 2000 20 fold 
5555 1940 2000 0 fold 
2222 1980 2000 0 fold 
8888 1680 2000 80 check 
7777 2000 2000 0 fold 
1111 2000 2000 0 fold 
total pot: 220 
/notify 

send notify msg to player 7777 
notify/ 
1111 2000 2000 0 fold 
4444 1920 2000 80 check 
6666 2020 2000 40 fold 
3333 2240 2000 20 fold 
5555 1940 2000 0 fold 
2222 1980 2000 0 fold 
8888 1680 2000 80 check 
7777 2000 2000 0 fold 
total pot: 220 
/notify 

send inquire msg to player 8888 
inquire/ 
7777 2000 2000 0 fold 
1111 2000 2000 0 fold 
4444 1920 2000 80 check 
6666 2020 2000 40 fold 
3333 2240 2000 20 fold 
5555 1940 2000 0 fold 
2222 1980 2000 0 fold 
8888 1680 2000 80 check 
total pot: 220 
/inquire 
recv from player 8888: check 
river/ 
DIAMONDS 6 
/river 

---river round bet---
valid player: 8, all in player: 0, fold player: 6

send inquire msg to player 4444 
inquire/ 
6666 2020 2000 40 fold 
3333 2240 2000 20 fold 
5555 1940 2000 0 fold 
2222 1980 2000 0 fold 
8888 1680 2000 80 check 
7777 2000 2000 0 fold 
1111 2000 2000 0 fold 
4444 1920 2000 80 check 
total pot: 220 
/inquire 
recv from player 4444: check 


send notify msg to player 1111 
notify/ 
4444 1920 2000 80 check 
6666 2020 2000 40 fold 
3333 2240 2000 20 fold 
5555 1940 2000 0 fold 
2222 1980 2000 0 fold 
8888 1680 2000 80 check 
7777 2000 2000 0 fold 
1111 2000 2000 0 fold 
total pot: 220 
/notify 

send notify msg to player 7777 
notify/ 
1111 2000 2000 0 fold 
4444 1920 2000 80 check 
6666 2020 2000 40 fold 
3333 2240 2000 20 fold 
5555 1940 2000 0 fold 
2222 1980 2000 0 fold 
8888 1680 2000 80 check 
7777 2000 2000 0 fold 
total pot: 220 
/notify 

send inquire msg to player 8888 
inquire/ 
7777 2000 2000 0 fold 
1111 2000 2000 0 fold 
4444 1920 2000 80 check 
6666 2020 2000 40 fold 
3333 2240 2000 20 fold 
5555 1940 2000 0 fold 
2222 1980 2000 0 fold 
8888 1680 2000 80 check 
total pot: 220 
/inquire 
recv from player 8888: check 

----- notify msg last round -----

send notify msg to player 1111 
notify/ 
4444 1920 2000 80 check 
6666 2020 2000 40 fold 
3333 2240 2000 20 fold 
5555 1940 2000 0 fold 
2222 1980 2000 0 fold 
8888 1680 2000 80 check 
7777 2000 2000 0 fold 
1111 2000 2000 0 fold 
total pot: 220 
/notify 

send notify msg to player 7777 
notify/ 
1111 2000 2000 0 fold 
4444 1920 2000 80 check 
6666 2020 2000 40 fold 
3333 2240 2000 20 fold 
5555 1940 2000 0 fold 
2222 1980 2000 0 fold 
8888 1680 2000 80 check 
7777 2000 2000 0 fold 
total pot: 220 
/notify 

---show down---
showdown/ 
common/ 
SPADES 2 
DIAMONDS 9 
SPADES A 
CLUBS 2 
DIAMONDS 6 
/common 
2: 4444 SPADES Q SPADES K ONE_PAIR 
1: 8888 CLUBS 5 HEARTS 6 TWO_PAIR 
/showdown 

---Allocate pot---
pot-win/ 
8888: 220 
/pot-win 
it is player 3333's turn to be button

-----4 Hand-----

----- clean player data in socket -----
seat/ 
button: 3333 2240 2000 
small blind: 6666 2020 2000 
big blind: 4444 1920 2000 
1111 2000 2000 
7777 2000 2000 
8888 1900 2000 
2222 1980 2000 
5555 1940 2000 
/seat 
blind/ 
6666: 20 
4444: 40 
/blind 
player 6666:hold/ 
HEARTS 3 
CLUBS Q 
/hold 
player 4444:hold/ 
CLUBS K 
CLUBS 6 
/hold 
player 1111:hold/ 
DIAMONDS K 
HEARTS K 
/hold 
player 7777:hold/ 
CLUBS 3 
DIAMONDS 3 
/hold 
player 8888:hold/ 
HEARTS J 
CLUBS A 
/hold 
player 2222:hold/ 
DIAMONDS 5 
DIAMONDS J 
/hold 
player 5555:hold/ 
HEARTS Q 
SPADES 9 
/hold 
player 3333:hold/ 
SPADES 4 
SPADES 2 
/hold 

---pre flop round bet---
valid player: 8, all in player: 0, fold player: 0

send inquire msg to player 1111 
inquire/ 
4444 1880 2000 40 blind 
6666 2000 2000 20 blind 
total pot: 60 
/inquire 
recv from player 1111: call 


send inquire msg to player 7777 
inquire/ 
1111 1960 2000 40 call 
4444 1880 2000 40 blind 
6666 2000 2000 20 blind 
total pot: 100 
/inquire 
recv from player 7777: fold 


send inquire msg to player 8888 
inquire/ 
7777 2000 2000 0 fold 
1111 1960 2000 40 call 
4444 1880 2000 40 blind 
6666 2000 2000 20 blind 
total pot: 100 
/inquire 
recv from player 8888: call 

send inquire msg to player 2222 
inquire/ 
8888 1860 2000 40 call 
7777 2000 2000 0 fold 
1111 1960 2000 40 call 
4444 1880 2000 40 blind 
6666 2000 2000 20 blind 
total pot: 140 
/inquire 
recv from player 2222: fold 


send inquire msg to player 5555 
inquire/ 
2222 1980 2000 0 fold 
8888 1860 2000 40 call 
7777 2000 2000 0 fold 
1111 1960 2000 40 call 
4444 1880 2000 40 blind 
6666 2000 2000 20 blind 
total pot: 140 
/inquire 
recv from player 5555: call 


send inquire msg to player 3333 
inquire/ 
5555 1900 2000 40 call 
2222 1980 2000 0 fold 
8888 1860 2000 40 call 
7777 2000 2000 0 fold 
1111 1960 2000 40 call 
4444 1880 2000 40 blind 
6666 2000 2000 20 blind 
total pot: 180 
/inquire 
recv from player 3333: fold 


send inquire msg to player 6666 
inquire/ 
3333 2240 2000 0 fold 
5555 1900 2000 40 call 
2222 1980 2000 0 fold 
8888 1860 2000 40 call 
7777 2000 2000 0 fold 
1111 1960 2000 40 call 
4444 1880 2000 40 blind 
6666 2000 2000 20 blind 
total pot: 180 
/inquire 
recv from player 6666: call 


send inquire msg to player 4444 
inquire/ 
6666 1980 2000 40 call 
3333 2240 2000 0 fold 
5555 1900 2000 40 call 
2222 1980 2000 0 fold 
8888 1860 2000 40 call 
7777 2000 2000 0 fold 
1111 1960 2000 40 call 
4444 1880 2000 40 blind 
total pot: 200 
/inquire 
recv from player 4444: check 

flop/ 
CLUBS 9 
HEARTS A 
HEARTS 5 
/flop 

---flop round bet---
valid player: 8, all in player: 0, fold player: 3

send inquire msg to player 6666 
inquire/ 
3333 2240 2000 0 fold 
5555 1900 2000 40 call 
2222 1980 2000 0 fold 
8888 1860 2000 40 call 
7777 2000 2000 0 fold 
1111 1960 2000 40 call 
4444 1880 2000 40 check 
6666 1980 2000 40 call 
total pot: 200 
/inquire 
recv from player 6666: check 


send inquire msg to player 4444 
inquire/ 
6666 1980 2000 40 check 
3333 2240 2000 0 fold 
5555 1900 2000 40 call 
2222 1980 2000 0 fold 
8888 1860 2000 40 call 
7777 2000 2000 0 fold 
1111 1960 2000 40 call 
4444 1880 2000 40 check 
total pot: 200 
/inquire 
recv from player 4444: check 


send inquire msg to player 1111 
inquire/ 
4444 1880 2000 40 check 
6666 1980 2000 40 check 
3333 2240 2000 0 fold 
5555 1900 2000 40 call 
2222 1980 2000 0 fold 
8888 1860 2000 40 call 
7777 2000 2000 0 fold 
1111 1960 2000 40 call 
total pot: 200 
/inquire 
recv from player 1111: call 


send notify msg to player 7777 
notify/ 
1111 1960 2000 40 check 
4444 1880 2000 40 check 
6666 1980 2000 40 check 
3333 2240 2000 0 fold 
5555 1900 2000 40 call 
2222 1980 2000 0 fold 
8888 1860 2000 40 call 
7777 2000 2000 0 fold 
total pot: 200 
/notify 

send inquire msg to player 8888 
inquire/ 
7777 2000 2000 0 fold 
1111 1960 2000 40 check 
4444 1880 2000 40 check 
6666 1980 2000 40 check 
3333 2240 2000 0 fold 
5555 1900 2000 40 call 
2222 1980 2000 0 fold 
8888 1860 2000 40 call 
total pot: 200 
/inquire 
recv from player 8888: raise 100 
find residue data from player 5555, data size 7

send inquire msg to player 5555 
inquire/ 
2222 1980 2000 0 fold 
8888 1760 2000 140 raise 
7777 2000 2000 0 fold 
1111 1960 2000 40 check 
4444 1880 2000 40 check 
6666 1980 2000 40 check 
3333 2240 2000 0 fold 
5555 1900 2000 40 call 
total pot: 300 
/inquire 
recv from player 5555: call 


send inquire msg to player 6666 
inquire/ 
3333 2240 2000 0 fold 
5555 1800 2000 140 call 
2222 1980 2000 0 fold 
8888 1760 2000 140 raise 
7777 2000 2000 0 fold 
1111 1960 2000 40 check 
4444 1880 2000 40 check 
6666 1980 2000 40 check 
total pot: 400 
/inquire 
recv from player 6666: fold 


send inquire msg to player 4444 
inquire/ 
6666 1980 2000 40 fold 
3333 2240 2000 0 fold 
5555 1800 2000 140 call 
2222 1980 2000 0 fold 
8888 1760 2000 140 raise 
7777 2000 2000 0 fold 
1111 1960 2000 40 check 
4444 1880 2000 40 check 
total pot: 400 
/inquire 
recv from player 4444: flod 


Recv invalid action msg(flod 
) from player 4444
send inquire msg to player 1111 
inquire/ 
4444 1880 2000 40 fold 
6666 1980 2000 40 fold 
3333 2240 2000 0 fold 
5555 1800 2000 140 call 
2222 1980 2000 0 fold 
8888 1760 2000 140 raise 
7777 2000 2000 0 fold 
1111 1960 2000 40 check 
total pot: 400 
/inquire 
recv from player 1111: call 

turn/ 
CLUBS 7 
/turn 

---turn round bet---
valid player: 8, all in player: 0, fold player: 5

send inquire msg to player 1111 
inquire/ 
4444 1880 2000 40 fold 
6666 1980 2000 40 fold 
3333 2240 2000 0 fold 
5555 1800 2000 140 call 
2222 1980 2000 0 fold 
8888 1760 2000 140 raise 
7777 2000 2000 0 fold 
1111 1860 2000 140 call 
total pot: 500 
/inquire 
recv from player 1111: call 


send notify msg to player 7777 
notify/ 
1111 1860 2000 140 check 
4444 1880 2000 40 fold 
6666 1980 2000 40 fold 
3333 2240 2000 0 fold 
5555 1800 2000 140 call 
2222 1980 2000 0 fold 
8888 1760 2000 140 raise 
7777 2000 2000 0 fold 
total pot: 500 
/notify 

send inquire msg to player 8888 
inquire/ 
7777 2000 2000 0 fold 
1111 1860 2000 140 check 
4444 1880 2000 40 fold 
6666 1980 2000 40 fold 
3333 2240 2000 0 fold 
5555 1800 2000 140 call 
2222 1980 2000 0 fold 
8888 1760 2000 140 raise 
total pot: 500 
/inquire 
recv from player 8888: call 

send inquire msg to player 5555 
inquire/ 
2222 1980 2000 0 fold 
8888 1760 2000 140 check 
7777 2000 2000 0 fold 
1111 1860 2000 140 check 
4444 1880 2000 40 fold 
6666 1980 2000 40 fold 
3333 2240 2000 0 fold 
5555 1800 2000 140 call 
total pot: 500 
/inquire 
recv from player 5555: check 

river/ 
SPADES K 
/river 

---river round bet---
valid player: 8, all in player: 0, fold player: 5

send inquire msg to player 1111 
inquire/ 
4444 1880 2000 40 fold 
6666 1980 2000 40 fold 
3333 2240 2000 0 fold 
5555 1800 2000 140 check 
2222 1980 2000 0 fold 
8888 1760 2000 140 check 
7777 2000 2000 0 fold 
1111 1860 2000 140 check 
total pot: 500 
/inquire 
recv from player 1111: raise 246


send notify msg to player 7777 
notify/ 
1111 1614 2000 386 raise 
4444 1880 2000 40 fold 
6666 1980 2000 40 fold 
3333 2240 2000 0 fold 
5555 1800 2000 140 check 
2222 1980 2000 0 fold 
8888 1760 2000 140 check 
7777 2000 2000 0 fold 
total pot: 746 
/notify 

send inquire msg to player 8888 
inquire/ 
7777 2000 2000 0 fold 
1111 1614 2000 386 raise 
4444 1880 2000 40 fold 
6666 1980 2000 40 fold 
3333 2240 2000 0 fold 
5555 1800 2000 140 check 
2222 1980 2000 0 fold 
8888 1760 2000 140 check 
total pot: 746 
/inquire 
recv from player 8888: call 

send inquire msg to player 5555 
inquire/ 
2222 1980 2000 0 fold 
8888 1514 2000 386 call 
7777 2000 2000 0 fold 
1111 1614 2000 386 raise 
4444 1880 2000 40 fold 
6666 1980 2000 40 fold 
3333 2240 2000 0 fold 
5555 1800 2000 140 check 
total pot: 992 
/inquire 
recv from player 5555: fold 


----- notify msg last round -----

send notify msg to player 1111 
notify/ 
4444 1880 2000 40 fold 
6666 1980 2000 40 fold 
3333 2240 2000 0 fold 
5555 1800 2000 140 fold 
2222 1980 2000 0 fold 
8888 1514 2000 386 call 
7777 2000 2000 0 fold 
1111 1614 2000 386 raise 
total pot: 992 
/notify 

send notify msg to player 7777 
notify/ 
1111 1614 2000 386 raise 
4444 1880 2000 40 fold 
6666 1980 2000 40 fold 
3333 2240 2000 0 fold 
5555 1800 2000 140 fold 
2222 1980 2000 0 fold 
8888 1514 2000 386 call 
7777 2000 2000 0 fold 
total pot: 992 
/notify 

---show down---
showdown/ 
common/ 
CLUBS 9 
HEARTS A 
HEARTS 5 
CLUBS 7 
SPADES K 
/common 
1: 1111 DIAMONDS K HEARTS K THREE_OF_A_KIND 
2: 8888 HEARTS J CLUBS A ONE_PAIR 
/showdown 

---Allocate pot---
pot-win/ 
1111: 992 
/pot-win 
it is player 6666's turn to be button

-----5 Hand-----

----- clean player data in socket -----
seat/ 
button: 6666 1980 2000 
small blind: 4444 1880 2000 
big blind: 1111 2606 2000 
7777 2000 2000 
8888 1514 2000 
2222 1980 2000 
5555 1800 2000 
3333 2240 2000 
/seat 
blind/ 
4444: 20 
1111: 40 
/blind 
player 4444:hold/ 
CLUBS J 
DIAMONDS 5 
/hold 
player 1111:hold/ 
SPADES J 
DIAMONDS Q 
/hold 
player 7777:hold/ 
HEARTS Q 
SPADES 5 
/hold 
player 8888:hold/ 
SPADES 2 
HEARTS 10 
/hold 
player 2222:hold/ 
HEARTS 5 
SPADES 6 
/hold 
player 5555:hold/ 
HEARTS 2 
DIAMONDS K 
/hold 
player 3333:hold/ 
CLUBS Q 
DIAMONDS 9 
/hold 
player 6666:hold/ 
SPADES 8 
CLUBS 6 
/hold 

---pre flop round bet---
valid player: 8, all in player: 0, fold player: 0

send inquire msg to player 7777 
inquire/ 
1111 2566 2000 40 blind 
4444 1860 2000 20 blind 
total pot: 60 
/inquire 
recv from player 7777: fold 


send inquire msg to player 8888 
inquire/ 
7777 2000 2000 0 fold 
1111 2566 2000 40 blind 
4444 1860 2000 20 blind 
total pot: 60 
/inquire 
recv from player 8888: fold 

send inquire msg to player 2222 
inquire/ 
8888 1514 2000 0 fold 
7777 2000 2000 0 fold 
1111 2566 2000 40 blind 
4444 1860 2000 20 blind 
total pot: 60 
/inquire 
recv from player 2222: fold 


send inquire msg to player 5555 
inquire/ 
2222 1980 2000 0 fold 
8888 1514 2000 0 fold 
7777 2000 2000 0 fold 
1111 2566 2000 40 blind 
4444 1860 2000 20 blind 
total pot: 60 
/inquire 
recv from player 5555: fold 


send inquire msg to player 3333 
inquire/ 
5555 1800 2000 0 fold 
2222 1980 2000 0 fold 
8888 1514 2000 0 fold 
7777 2000 2000 0 fold 
1111 2566 2000 40 blind 
4444 1860 2000 20 blind 
total pot: 60 
/inquire 
recv from player 3333: call 


send inquire msg to player 6666 
inquire/ 
3333 2200 2000 40 call 
5555 1800 2000 0 fold 
2222 1980 2000 0 fold 
8888 1514 2000 0 fold 
7777 2000 2000 0 fold 
1111 2566 2000 40 blind 
4444 1860 2000 20 blind 
total pot: 100 
/inquire 
recv from player 6666: fold 


send inquire msg to player 4444 
inquire/ 
6666 1980 2000 0 fold 
3333 2200 2000 40 call 
5555 1800 2000 0 fold 
2222 1980 2000 0 fold 
8888 1514 2000 0 fold 
7777 2000 2000 0 fold 
1111 2566 2000 40 blind 
4444 1860 2000 20 blind 
total pot: 100 
/inquire 
recv from player 4444: flod 


Recv invalid action msg(flod 
) from player 4444
send inquire msg to player 1111 
inquire/ 
4444 1860 2000 20 fold 
6666 1980 2000 0 fold 
3333 2200 2000 40 call 
5555 1800 2000 0 fold 
2222 1980 2000 0 fold 
8888 1514 2000 0 fold 
7777 2000 2000 0 fold 
1111 2566 2000 40 blind 
total pot: 100 
/inquire 
recv from player 1111: call 

flop/ 
DIAMONDS J 
HEARTS 7 
CLUBS 8 
/flop 

---flop round bet---
valid player: 8, all in player: 0, fold player: 6

send inquire msg to player 1111 
inquire/ 
4444 1860 2000 20 fold 
6666 1980 2000 0 fold 
3333 2200 2000 40 call 
5555 1800 2000 0 fold 
2222 1980 2000 0 fold 
8888 1514 2000 0 fold 
7777 2000 2000 0 fold 
1111 2566 2000 40 check 
total pot: 100 
/inquire 
recv from player 1111: raise 40 


send notify msg to player 7777 
notify/ 
1111 2526 2000 80 raise 
4444 1860 2000 20 fold 
6666 1980 2000 0 fold 
3333 2200 2000 40 call 
5555 1800 2000 0 fold 
2222 1980 2000 0 fold 
8888 1514 2000 0 fold 
7777 2000 2000 0 fold 
total pot: 140 
/notify 

send inquire msg to player 3333 
inquire/ 
5555 1800 2000 0 fold 
2222 1980 2000 0 fold 
8888 1514 2000 0 fold 
7777 2000 2000 0 fold 
1111 2526 2000 80 raise 
4444 1860 2000 20 fold 
6666 1980 2000 0 fold 
3333 2200 2000 40 call 
total pot: 140 
/inquire 
recv from player 3333: call 

turn/ 
CLUBS 5 
/turn 

---turn round bet---
valid player: 8, all in player: 0, fold player: 6

send inquire msg to player 1111 
inquire/ 
4444 1860 2000 20 fold 
6666 1980 2000 0 fold 
3333 2160 2000 80 call 
5555 1800 2000 0 fold 
2222 1980 2000 0 fold 
8888 1514 2000 0 fold 
7777 2000 2000 0 fold 
1111 2526 2000 80 raise 
total pot: 180 
/inquire 
recv from player 1111: call 


send notify msg to player 7777 
notify/ 
1111 2526 2000 80 check 
4444 1860 2000 20 fold 
6666 1980 2000 0 fold 
3333 2160 2000 80 call 
5555 1800 2000 0 fold 
2222 1980 2000 0 fold 
8888 1514 2000 0 fold 
7777 2000 2000 0 fold 
total pot: 180 
/notify 

send inquire msg to player 3333 
inquire/ 
5555 1800 2000 0 fold 
2222 1980 2000 0 fold 
8888 1514 2000 0 fold 
7777 2000 2000 0 fold 
1111 2526 2000 80 check 
4444 1860 2000 20 fold 
6666 1980 2000 0 fold 
3333 2160 2000 80 call 
total pot: 180 
/inquire 
recv from player 3333: check 

river/ 
SPADES 3 
/river 

---river round bet---
valid player: 8, all in player: 0, fold player: 6

send inquire msg to player 1111 
inquire/ 
4444 1860 2000 20 fold 
6666 1980 2000 0 fold 
3333 2160 2000 80 check 
5555 1800 2000 0 fold 
2222 1980 2000 0 fold 
8888 1514 2000 0 fold 
7777 2000 2000 0 fold 
1111 2526 2000 80 check 
total pot: 180 
/inquire 
recv from player 1111: check 


send notify msg to player 7777 
notify/ 
1111 2526 2000 80 check 
4444 1860 2000 20 fold 
6666 1980 2000 0 fold 
3333 2160 2000 80 check 
5555 1800 2000 0 fold 
2222 1980 2000 0 fold 
8888 1514 2000 0 fold 
7777 2000 2000 0 fold 
total pot: 180 
/notify 

send inquire msg to player 3333 
inquire/ 
5555 1800 2000 0 fold 
2222 1980 2000 0 fold 
8888 1514 2000 0 fold 
7777 2000 2000 0 fold 
1111 2526 2000 80 check 
4444 1860 2000 20 fold 
6666 1980 2000 0 fold 
3333 2160 2000 80 check 
total pot: 180 
/inquire 
recv from player 3333: check 


----- notify msg last round -----

send notify msg to player 1111 
notify/ 
4444 1860 2000 20 fold 
6666 1980 2000 0 fold 
3333 2160 2000 80 check 
5555 1800 2000 0 fold 
2222 1980 2000 0 fold 
8888 1514 2000 0 fold 
7777 2000 2000 0 fold 
1111 2526 2000 80 check 
total pot: 180 
/notify 

send notify msg to player 7777 
notify/ 
1111 2526 2000 80 check 
4444 1860 2000 20 fold 
6666 1980 2000 0 fold 
3333 2160 2000 80 check 
5555 1800 2000 0 fold 
2222 1980 2000 0 fold 
8888 1514 2000 0 fold 
7777 2000 2000 0 fold 
total pot: 180 
/notify 

---show down---
showdown/ 
common/ 
DIAMONDS J 
HEARTS 7 
CLUBS 8 
CLUBS 5 
SPADES 3 
/common 
1: 1111 SPADES J DIAMONDS Q ONE_PAIR 
2: 3333 CLUBS Q DIAMONDS 9 HIGH_CARD 
/showdown 

---Allocate pot---
pot-win/ 
1111: 180 
/pot-win 
it is player 4444's turn to be button

-----6 Hand-----

----- clean player data in socket -----
seat/ 
button: 4444 1860 2000 
small blind: 1111 2706 2000 
big blind: 7777 2000 2000 
8888 1514 2000 
2222 1980 2000 
5555 1800 2000 
3333 2160 2000 
6666 1980 2000 
/seat 
blind/ 
1111: 20 
7777: 40 
/blind 
player 1111:hold/ 
DIAMONDS 7 
DIAMONDS A 
/hold 
player 7777:hold/ 
HEARTS 4 
DIAMONDS 4 
/hold 
player 8888:hold/ 
SPADES Q 
DIAMONDS K 
/hold 
player 2222:hold/ 
SPADES 4 
SPADES 6 
/hold 
player 5555:hold/ 
DIAMONDS 3 
HEARTS 3 
/hold 
player 3333:hold/ 
CLUBS Q 
CLUBS 3 
/hold 
player 6666:hold/ 
DIAMONDS Q 
SPADES 8 
/hold 
player 4444:hold/ 
CLUBS 4 
SPADES 10 
/hold 

---pre flop round bet---
valid player: 8, all in player: 0, fold player: 0

send inquire msg to player 8888 
inquire/ 
7777 1960 2000 40 blind 
1111 2686 2000 20 blind 
total pot: 60 
/inquire 
recv from player 8888: call 

send inquire msg to player 2222 
inquire/ 
8888 1474 2000 40 call 
7777 1960 2000 40 blind 
1111 2686 2000 20 blind 
total pot: 100 
/inquire 
recv from player 2222: fold 


send inquire msg to player 5555 
inquire/ 
2222 1980 2000 0 fold 
8888 1474 2000 40 call 
7777 1960 2000 40 blind 
1111 2686 2000 20 blind 
total pot: 100 
/inquire 
recv from player 5555: call 


send inquire msg to player 3333 
inquire/ 
5555 1760 2000 40 call 
2222 1980 2000 0 fold 
8888 1474 2000 40 call 
7777 1960 2000 40 blind 
1111 2686 2000 20 blind 
total pot: 140 
/inquire 
recv from player 3333: call 


send inquire msg to player 6666 
inquire/ 
3333 2120 2000 40 call 
5555 1760 2000 40 call 
2222 1980 2000 0 fold 
8888 1474 2000 40 call 
7777 1960 2000 40 blind 
1111 2686 2000 20 blind 
total pot: 180 
/inquire 
recv from player 6666: fold 


send inquire msg to player 4444 
inquire/ 
6666 1980 2000 0 fold 
3333 2120 2000 40 call 
5555 1760 2000 40 call 
2222 1980 2000 0 fold 
8888 1474 2000 40 call 
7777 1960 2000 40 blind 
1111 2686 2000 20 blind 
total pot: 180 
/inquire 
recv from player 4444: flod 


Recv invalid action msg(flod 
) from player 4444
send inquire msg to player 1111 
inquire/ 
4444 1860 2000 0 fold 
6666 1980 2000 0 fold 
3333 2120 2000 40 call 
5555 1760 2000 40 call 
2222 1980 2000 0 fold 
8888 1474 2000 40 call 
7777 1960 2000 40 blind 
1111 2686 2000 20 blind 
total pot: 180 
/inquire 
recv from player 1111: fold 


send inquire msg to player 7777 
inquire/ 
1111 2686 2000 20 fold 
4444 1860 2000 0 fold 
6666 1980 2000 0 fold 
3333 2120 2000 40 call 
5555 1760 2000 40 call 
2222 1980 2000 0 fold 
8888 1474 2000 40 call 
7777 1960 2000 40 blind 
total pot: 180 
/inquire 
recv from player 7777: check 

flop/ 
CLUBS 2 
CLUBS A 
SPADES 3 
/flop 

---flop round bet---
valid player: 8, all in player: 0, fold player: 4

send notify msg to player 1111 
notify/ 
4444 1860 2000 0 fold 
6666 1980 2000 0 fold 
3333 2120 2000 40 call 
5555 1760 2000 40 call 
2222 1980 2000 0 fold 
8888 1474 2000 40 call 
7777 1960 2000 40 check 
1111 2686 2000 20 fold 
total pot: 180 
/notify 

send inquire msg to player 7777 
inquire/ 
1111 2686 2000 20 fold 
4444 1860 2000 0 fold 
6666 1980 2000 0 fold 
3333 2120 2000 40 call 
5555 1760 2000 40 call 
2222 1980 2000 0 fold 
8888 1474 2000 40 call 
7777 1960 2000 40 check 
total pot: 180 
/inquire 
recv from player 7777: call 


send inquire msg to player 8888 
inquire/ 
7777 1960 2000 40 check 
1111 2686 2000 20 fold 
4444 1860 2000 0 fold 
6666 1980 2000 0 fold 
3333 2120 2000 40 call 
5555 1760 2000 40 call 
2222 1980 2000 0 fold 
8888 1474 2000 40 call 
total pot: 180 
/inquire 
recv from player 8888: raise 100 
find residue data from player 5555, data size 7

send inquire msg to player 5555 
inquire/ 
2222 1980 2000 0 fold 
8888 1374 2000 140 raise 
7777 1960 2000 40 check 
1111 2686 2000 20 fold 
4444 1860 2000 0 fold 
6666 1980 2000 0 fold 
3333 2120 2000 40 call 
5555 1760 2000 40 call 
total pot: 280 
/inquire 
recv from player 5555: call 


send inquire msg to player 3333 
inquire/ 
5555 1660 2000 140 call 
2222 1980 2000 0 fold 
8888 1374 2000 140 raise 
7777 1960 2000 40 check 
