

===VERSION 1.26===
---GAME START @ 2015-6-9-9-40-18---

wait registration for 30 seconds
reg: 3333 Zi need_notify 
reg: 2222 yjk need_notify 
reg: 5555 JunLinTianXia 
reg: 4444 DSNJU 
reg: 1111 ShuQi need_notify  
reg: 7777 CQchappie need_notify 
reg: 8888 DSNJU 
reg: 6666 DSNJU 
close registration

-----1 Hand-----

----- clean player data in socket -----
seat/ 
button: 4444 2000 2000 
small blind: 8888 2000 2000 
big blind: 7777 2000 2000 
6666 2000 2000 
5555 2000 2000 
2222 2000 2000 
3333 2000 2000 
1111 2000 2000 
/seat 
blind/ 
8888: 20 
7777: 40 
/blind 
player 8888:hold/ 
CLUBS 8 
SPADES 8 
/hold 
player 7777:hold/ 
CLUBS Q 
HEARTS 9 
/hold 
player 6666:hold/ 
DIAMONDS 3 
SPADES 7 
/hold 
player 5555:hold/ 
SPADES 3 
CLUBS A 
/hold 
player 2222:hold/ 
SPADES J 
DIAMONDS 7 
/hold 
player 3333:hold/ 
CLUBS 5 
DIAMONDS 8 
/hold 
player 1111:hold/ 
HEARTS 10 
DIAMONDS 4 
/hold 
player 4444:hold/ 
HEARTS 2 
CLUBS 9 
/hold 

---pre flop round bet---
valid player: 8, all in player: 0, fold player: 0

send inquire msg to player 6666(seat:2) 
inquire/ 
7777 1960 2000 40 blind 
8888 1980 2000 20 blind 
total pot: 60 
/inquire 
recv from player 6666: fold


send inquire msg to player 5555(seat:3) 
inquire/ 
6666 2000 2000 0 fold 
7777 1960 2000 40 blind 
8888 1980 2000 20 blind 
total pot: 60 
/inquire 
recv from player 5555: fold 


send inquire msg to player 2222(seat:4) 
inquire/ 
5555 2000 2000 0 fold 
6666 2000 2000 0 fold 
7777 1960 2000 40 blind 
8888 1980 2000 20 blind 
total pot: 60 
/inquire 
recv from player 2222: fold 


send inquire msg to player 3333(seat:5) 
inquire/ 
2222 2000 2000 0 fold 
5555 2000 2000 0 fold 
6666 2000 2000 0 fold 
7777 1960 2000 40 blind 
8888 1980 2000 20 blind 
total pot: 60 
/inquire 
recv from player 3333: fold 


send inquire msg to player 1111(seat:6) 
inquire/ 
3333 2000 2000 0 fold 
2222 2000 2000 0 fold 
5555 2000 2000 0 fold 
6666 2000 2000 0 fold 
7777 1960 2000 40 blind 
8888 1980 2000 20 blind 
total pot: 60 
/inquire 
recv from player 1111: fold 


send inquire msg to player 4444(seat:7) 
inquire/ 
1111 2000 2000 0 fold 
3333 2000 2000 0 fold 
2222 2000 2000 0 fold 
5555 2000 2000 0 fold 
6666 2000 2000 0 fold 
7777 1960 2000 40 blind 
8888 1980 2000 20 blind 
total pot: 60 
/inquire 
recv from player 4444: fold


send inquire msg to player 8888(seat:0) 
inquire/ 
4444 2000 2000 0 fold 
1111 2000 2000 0 fold 
3333 2000 2000 0 fold 
2222 2000 2000 0 fold 
5555 2000 2000 0 fold 
6666 2000 2000 0 fold 
7777 1960 2000 40 blind 
8888 1980 2000 20 blind 
total pot: 60 
/inquire 
recv from player 8888: raise 110


send inquire msg to player 7777(seat:1) 
inquire/ 
8888 1850 2000 150 raise 
4444 2000 2000 0 fold 
1111 2000 2000 0 fold 
3333 2000 2000 0 fold 
2222 2000 2000 0 fold 
5555 2000 2000 0 fold 
6666 2000 2000 0 fold 
7777 1960 2000 40 blind 
total pot: 190 
/inquire 
recv from player 7777: fold 

valid player: 8, all in player: 0, fold player: 7

----- send notify msg from 2 to 1(exclude) -----

player 6666(seat:2) doesn't need notify-msg

player 5555(seat:3) doesn't need notify-msg

send notify msg to player 2222(seat:4) 
notify/ 
5555 2000 2000 0 fold 
6666 2000 2000 0 fold 
7777 1960 2000 40 fold 
8888 1850 2000 150 raise 
4444 2000 2000 0 fold 
1111 2000 2000 0 fold 
3333 2000 2000 0 fold 
2222 2000 2000 0 fold 
total pot: 190 
/notify 

send notify msg to player 3333(seat:5) 
notify/ 
2222 2000 2000 0 fold 
5555 2000 2000 0 fold 
6666 2000 2000 0 fold 
7777 1960 2000 40 fold 
8888 1850 2000 150 raise 
4444 2000 2000 0 fold 
1111 2000 2000 0 fold 
3333 2000 2000 0 fold 
total pot: 190 
/notify 

send notify msg to player 1111(seat:6) 
notify/ 
3333 2000 2000 0 fold 
2222 2000 2000 0 fold 
5555 2000 2000 0 fold 
6666 2000 2000 0 fold 
7777 1960 2000 40 fold 
8888 1850 2000 150 raise 
4444 2000 2000 0 fold 
1111 2000 2000 0 fold 
total pot: 190 
/notify 

player 4444(seat:7) doesn't need notify-msg

player 8888(seat:0) doesn't need notify-msg

---flop round bet---
valid player: 8, all in player: 0, fold player: 7

---turn round bet---
valid player: 8, all in player: 0, fold player: 7

---river round bet---
valid player: 8, all in player: 0, fold player: 7

--- 1 players not fold, don't need show down---

---Allocate pot---
Only player at seat 0 not fold, win all the pot 190
pot-win/ 
8888: 190 
/pot-win 
it is player 8888's turn to be button

-----2 Hand-----

----- clean player data in socket -----
seat/ 
button: 8888 2040 2000 
small blind: 7777 1960 2000 
big blind: 6666 2000 2000 
5555 2000 2000 
2222 2000 2000 
3333 2000 2000 
1111 2000 2000 
4444 2000 2000 
/seat 
blind/ 
7777: 20 
6666: 40 
/blind 
player 7777:hold/ 
CLUBS 9 
CLUBS 7 
/hold 
player 6666:hold/ 
DIAMONDS A 
DIAMONDS 2 
/hold 
player 5555:hold/ 
CLUBS 4 
DIAMONDS J 
/hold 
player 2222:hold/ 
DIAMONDS 7 
HEARTS 10 
/hold 
player 3333:hold/ 
CLUBS 2 
SPADES J 
/hold 
player 1111:hold/ 
DIAMONDS 5 
CLUBS 8 
/hold 
player 4444:hold/ 
DIAMONDS 10 
DIAMONDS Q 
/hold 
player 8888:hold/ 
CLUBS 3 
HEARTS 6 
/hold 

---pre flop round bet---
valid player: 8, all in player: 0, fold player: 0

send inquire msg to player 5555(seat:2) 
inquire/ 
6666 1960 2000 40 blind 
7777 1940 2000 20 blind 
total pot: 60 
/inquire 
recv from player 5555: fold 


send inquire msg to player 2222(seat:3) 
inquire/ 
5555 2000 2000 0 fold 
6666 1960 2000 40 blind 
7777 1940 2000 20 blind 
total pot: 60 
/inquire 
recv from player 2222: fold 


send inquire msg to player 3333(seat:4) 
inquire/ 
2222 2000 2000 0 fold 
5555 2000 2000 0 fold 
6666 1960 2000 40 blind 
7777 1940 2000 20 blind 
total pot: 60 
/inquire 
recv from player 3333: fold 


send inquire msg to player 1111(seat:5) 
inquire/ 
3333 2000 2000 0 fold 
2222 2000 2000 0 fold 
5555 2000 2000 0 fold 
6666 1960 2000 40 blind 
7777 1940 2000 20 blind 
total pot: 60 
/inquire 
recv from player 1111: fold 


send inquire msg to player 4444(seat:6) 
inquire/ 
1111 2000 2000 0 fold 
3333 2000 2000 0 fold 
2222 2000 2000 0 fold 
5555 2000 2000 0 fold 
6666 1960 2000 40 blind 
7777 1940 2000 20 blind 
total pot: 60 
/inquire 
recv from player 4444: raise 110


send inquire msg to player 8888(seat:7) 
inquire/ 
4444 1850 2000 150 raise 
1111 2000 2000 0 fold 
3333 2000 2000 0 fold 
2222 2000 2000 0 fold 
5555 2000 2000 0 fold 
6666 1960 2000 40 blind 
7777 1940 2000 20 blind 
total pot: 210 
/inquire 
recv from player 8888: fold


send inquire msg to player 7777(seat:0) 
inquire/ 
8888 2040 2000 0 fold 
4444 1850 2000 150 raise 
1111 2000 2000 0 fold 
3333 2000 2000 0 fold 
2222 2000 2000 0 fold 
5555 2000 2000 0 fold 
6666 1960 2000 40 blind 
7777 1940 2000 20 blind 
total pot: 210 
/inquire 
recv from player 7777: fold 


send inquire msg to player 6666(seat:1) 
inquire/ 
7777 1940 2000 20 fold 
8888 2040 2000 0 fold 
4444 1850 2000 150 raise 
1111 2000 2000 0 fold 
3333 2000 2000 0 fold 
2222 2000 2000 0 fold 
5555 2000 2000 0 fold 
6666 1960 2000 40 blind 
total pot: 210 
/inquire 
recv from player 6666: fold

valid player: 8, all in player: 0, fold player: 7

----- send notify msg from 2 to 1(exclude) -----

player 5555(seat:2) doesn't need notify-msg

send notify msg to player 2222(seat:3) 
notify/ 
5555 2000 2000 0 fold 
6666 1960 2000 40 fold 
7777 1940 2000 20 fold 
8888 2040 2000 0 fold 
4444 1850 2000 150 raise 
1111 2000 2000 0 fold 
3333 2000 2000 0 fold 
2222 2000 2000 0 fold 
total pot: 210 
/notify 

send notify msg to player 3333(seat:4) 
notify/ 
2222 2000 2000 0 fold 
5555 2000 2000 0 fold 
6666 1960 2000 40 fold 
7777 1940 2000 20 fold 
8888 2040 2000 0 fold 
4444 1850 2000 150 raise 
1111 2000 2000 0 fold 
3333 2000 2000 0 fold 
total pot: 210 
/notify 

send notify msg to player 1111(seat:5) 
notify/ 
3333 2000 2000 0 fold 
2222 2000 2000 0 fold 
5555 2000 2000 0 fold 
6666 1960 2000 40 fold 
7777 1940 2000 20 fold 
8888 2040 2000 0 fold 
4444 1850 2000 150 raise 
1111 2000 2000 0 fold 
total pot: 210 
/notify 

player 4444(seat:6) doesn't need notify-msg

player 8888(seat:7) doesn't need notify-msg

send notify msg to player 7777(seat:0) 
notify/ 
8888 2040 2000 0 fold 
4444 1850 2000 150 raise 
1111 2000 2000 0 fold 
3333 2000 2000 0 fold 
2222 2000 2000 0 fold 
5555 2000 2000 0 fold 
6666 1960 2000 40 fold 
7777 1940 2000 20 fold 
total pot: 210 
/notify 

---flop round bet---
valid player: 8, all in player: 0, fold player: 7

---turn round bet---
valid player: 8, all in player: 0, fold player: 7

---river round bet---
valid player: 8, all in player: 0, fold player: 7

--- 1 players not fold, don't need show down---

---Allocate pot---
Only player at seat 6 not fold, win all the pot 210
pot-win/ 
4444: 210 
/pot-win 
it is player 7777's turn to be button

-----3 Hand-----

----- clean player data in socket -----
seat/ 
button: 7777 1940 2000 
small blind: 6666 1960 2000 
big blind: 5555 2000 2000 
2222 2000 2000 
3333 2000 2000 
1111 2000 2000 
4444 2060 2000 
8888 2040 2000 
/seat 
blind/ 
6666: 20 
5555: 40 
/blind 
player 6666:hold/ 
SPADES 2 
DIAMONDS Q 
/hold 
player 5555:hold/ 
CLUBS 8 
CLUBS Q 
/hold 
player 2222:hold/ 
CLUBS K 
CLUBS 2 
/hold 
player 3333:hold/ 
DIAMONDS 9 
HEARTS 2 
/hold 
player 1111:hold/ 
SPADES 10 
DIAMONDS J 
/hold 
player 4444:hold/ 
CLUBS 5 
SPADES 8 
/hold 
player 8888:hold/ 
DIAMONDS 6 
DIAMONDS K 
/hold 
player 7777:hold/ 
SPADES K 
HEARTS J 
/hold 

---pre flop round bet---
valid player: 8, all in player: 0, fold player: 0

send inquire msg to player 2222(seat:2) 
inquire/ 
5555 1960 2000 40 blind 
6666 1940 2000 20 blind 
total pot: 60 
/inquire 
recv from player 2222: fold 


send inquire msg to player 3333(seat:3) 
inquire/ 
2222 2000 2000 0 fold 
5555 1960 2000 40 blind 
6666 1940 2000 20 blind 
total pot: 60 
/inquire 
recv from player 3333: fold 


send inquire msg to player 1111(seat:4) 
inquire/ 
3333 2000 2000 0 fold 
2222 2000 2000 0 fold 
5555 1960 2000 40 blind 
6666 1940 2000 20 blind 
total pot: 60 
/inquire 
recv from player 1111: call 


send inquire msg to player 4444(seat:5) 
inquire/ 
1111 1960 2000 40 call 
3333 2000 2000 0 fold 
2222 2000 2000 0 fold 
5555 1960 2000 40 blind 
6666 1940 2000 20 blind 
total pot: 100 
/inquire 
recv from player 4444: fold


send inquire msg to player 8888(seat:6) 
inquire/ 
4444 2060 2000 0 fold 
1111 1960 2000 40 call 
3333 2000 2000 0 fold 
2222 2000 2000 0 fold 
5555 1960 2000 40 blind 
6666 1940 2000 20 blind 
total pot: 100 
/inquire 
recv from player 8888: fold


send inquire msg to player 7777(seat:7) 
inquire/ 
8888 2040 2000 0 fold 
4444 2060 2000 0 fold 
1111 1960 2000 40 call 
3333 2000 2000 0 fold 
2222 2000 2000 0 fold 
5555 1960 2000 40 blind 
6666 1940 2000 20 blind 
total pot: 100 
/inquire 
recv from player 7777: call 


send inquire msg to player 6666(seat:0) 
inquire/ 
7777 1900 2000 40 call 
8888 2040 2000 0 fold 
4444 2060 2000 0 fold 
1111 1960 2000 40 call 
3333 2000 2000 0 fold 
2222 2000 2000 0 fold 
5555 1960 2000 40 blind 
6666 1940 2000 20 blind 
total pot: 140 
/inquire 
recv from player 6666: fold


send inquire msg to player 5555(seat:1) 
inquire/ 
6666 1940 2000 20 fold 
7777 1900 2000 40 call 
8888 2040 2000 0 fold 
4444 2060 2000 0 fold 
1111 1960 2000 40 call 
3333 2000 2000 0 fold 
2222 2000 2000 0 fold 
5555 1960 2000 40 blind 
total pot: 140 
/inquire 
recv from player 5555: raise 100 


send notify msg to player 2222(seat:2) 
notify/ 
5555 1860 2000 140 raise 
6666 1940 2000 20 fold 
7777 1900 2000 40 call 
8888 2040 2000 0 fold 
4444 2060 2000 0 fold 
1111 1960 2000 40 call 
3333 2000 2000 0 fold 
2222 2000 2000 0 fold 
total pot: 240 
/notify 

send notify msg to player 3333(seat:3) 
notify/ 
2222 2000 2000 0 fold 
5555 1860 2000 140 raise 
6666 1940 2000 20 fold 
7777 1900 2000 40 call 
8888 2040 2000 0 fold 
4444 2060 2000 0 fold 
1111 1960 2000 40 call 
3333 2000 2000 0 fold 
total pot: 240 
/notify 

send inquire msg to player 1111(seat:4) 
inquire/ 
3333 2000 2000 0 fold 
2222 2000 2000 0 fold 
5555 1860 2000 140 raise 
6666 1940 2000 20 fold 
7777 1900 2000 40 call 
8888 2040 2000 0 fold 
4444 2060 2000 0 fold 
1111 1960 2000 40 call 
total pot: 240 
/inquire 
recv from player 1111: call 


player 4444(seat:5) doesn't need notify-msg

player 8888(seat:6) doesn't need notify-msg

send inquire msg to player 7777(seat:7) 
inquire/ 
8888 2040 2000 0 fold 
4444 2060 2000 0 fold 
1111 1860 2000 140 call 
3333 2000 2000 0 fold 
2222 2000 2000 0 fold 
5555 1860 2000 140 raise 
6666 1940 2000 20 fold 
7777 1900 2000 40 call 
total pot: 340 
/inquire 
recv from player 7777: fold 

valid player: 8, all in player: 0, fold player: 6

----- send notify msg from 0 to 0(exclude) -----
flop/ 
SPADES 3 
HEARTS 4 
DIAMONDS A 
/flop 

---flop round bet---
valid player: 8, all in player: 0, fold player: 6

player 6666(seat:0) doesn't need notify-msg

send inquire msg to player 5555(seat:1) 
inquire/ 
6666 1940 2000 20 fold 
7777 1900 2000 40 fold 
8888 2040 2000 0 fold 
4444 2060 2000 0 fold 
1111 1860 2000 140 call 
3333 2000 2000 0 fold 
2222 2000 2000 0 fold 
5555 1860 2000 140 raise 
total pot: 340 
/inquire 
recv from player 5555: check 


send notify msg to player 2222(seat:2) 
notify/ 
5555 1860 2000 140 check 
6666 1940 2000 20 fold 
7777 1900 2000 40 fold 
8888 2040 2000 0 fold 
4444 2060 2000 0 fold 
1111 1860 2000 140 call 
3333 2000 2000 0 fold 
2222 2000 2000 0 fold 
total pot: 340 
/notify 

send notify msg to player 3333(seat:3) 
notify/ 
2222 2000 2000 0 fold 
5555 1860 2000 140 check 
6666 1940 2000 20 fold 
7777 1900 2000 40 fold 
8888 2040 2000 0 fold 
4444 2060 2000 0 fold 
1111 1860 2000 140 call 
3333 2000 2000 0 fold 
total pot: 340 
/notify 

send inquire msg to player 1111(seat:4) 
inquire/ 
3333 2000 2000 0 fold 
2222 2000 2000 0 fold 
5555 1860 2000 140 check 
6666 1940 2000 20 fold 
7777 1900 2000 40 fold 
8888 2040 2000 0 fold 
4444 2060 2000 0 fold 
1111 1860 2000 140 call 
total pot: 340 
/inquire 
recv from player 1111: check 

valid player: 8, all in player: 0, fold player: 6

----- send notify msg from 5 to 0(exclude) -----

player 4444(seat:5) doesn't need notify-msg

player 8888(seat:6) doesn't need notify-msg

send notify msg to player 7777(seat:7) 
notify/ 
8888 2040 2000 0 fold 
4444 2060 2000 0 fold 
1111 1860 2000 140 check 
3333 2000 2000 0 fold 
2222 2000 2000 0 fold 
5555 1860 2000 140 check 
6666 1940 2000 20 fold 
7777 1900 2000 40 fold 
total pot: 340 
/notify 
turn/ 
SPADES 4 
/turn 

---turn round bet---
valid player: 8, all in player: 0, fold player: 6

player 6666(seat:0) doesn't need notify-msg

send inquire msg to player 5555(seat:1) 
inquire/ 
6666 1940 2000 20 fold 
7777 1900 2000 40 fold 
8888 2040 2000 0 fold 
4444 2060 2000 0 fold 
1111 1860 2000 140 check 
3333 2000 2000 0 fold 
2222 2000 2000 0 fold 
5555 1860 2000 140 check 
total pot: 340 
/inquire 
recv from player 5555: check 


send notify msg to player 2222(seat:2) 
notify/ 
5555 1860 2000 140 check 
6666 1940 2000 20 fold 
7777 1900 2000 40 fold 
8888 2040 2000 0 fold 
4444 2060 2000 0 fold 
1111 1860 2000 140 check 
3333 2000 2000 0 fold 
2222 2000 2000 0 fold 
total pot: 340 
/notify 

send notify msg to player 3333(seat:3) 
notify/ 
2222 2000 2000 0 fold 
5555 1860 2000 140 check 
6666 1940 2000 20 fold 
7777 1900 2000 40 fold 
8888 2040 2000 0 fold 
4444 2060 2000 0 fold 
1111 1860 2000 140 check 
3333 2000 2000 0 fold 
total pot: 340 
/notify 

send inquire msg to player 1111(seat:4) 
inquire/ 
3333 2000 2000 0 fold 
2222 2000 2000 0 fold 
5555 1860 2000 140 check 
6666 1940 2000 20 fold 
7777 1900 2000 40 fold 
8888 2040 2000 0 fold 
4444 2060 2000 0 fold 
1111 1860 2000 140 check 
total pot: 340 
/inquire 
recv from player 1111: check 

valid player: 8, all in player: 0, fold player: 6

----- send notify msg from 5 to 0(exclude) -----

player 4444(seat:5) doesn't need notify-msg

player 8888(seat:6) doesn't need notify-msg

send notify msg to player 7777(seat:7) 
notify/ 
8888 2040 2000 0 fold 
4444 2060 2000 0 fold 
1111 1860 2000 140 check 
3333 2000 2000 0 fold 
2222 2000 2000 0 fold 
5555 1860 2000 140 check 
6666 1940 2000 20 fold 
7777 1900 2000 40 fold 
total pot: 340 
/notify 
river/ 
HEARTS A 
/river 

---river round bet---
valid player: 8, all in player: 0, fold player: 6

player 6666(seat:0) doesn't need notify-msg

send inquire msg to player 5555(seat:1) 
inquire/ 
6666 1940 2000 20 fold 
7777 1900 2000 40 fold 
8888 2040 2000 0 fold 
4444 2060 2000 0 fold 
1111 1860 2000 140 check 
3333 2000 2000 0 fold 
2222 2000 2000 0 fold 
5555 1860 2000 140 check 
total pot: 340 
/inquire 
recv from player 5555: check 


send notify msg to player 2222(seat:2) 
notify/ 
5555 1860 2000 140 check 
6666 1940 2000 20 fold 
7777 1900 2000 40 fold 
8888 2040 2000 0 fold 
4444 2060 2000 0 fold 
1111 1860 2000 140 check 
3333 2000 2000 0 fold 
2222 2000 2000 0 fold 
total pot: 340 
/notify 

send notify msg to player 3333(seat:3) 
notify/ 
2222 2000 2000 0 fold 
5555 1860 2000 140 check 
6666 1940 2000 20 fold 
7777 1900 2000 40 fold 
8888 2040 2000 0 fold 
4444 2060 2000 0 fold 
1111 1860 2000 140 check 
3333 2000 2000 0 fold 
total pot: 340 
/notify 

send inquire msg to player 1111(seat:4) 
inquire/ 
3333 2000 2000 0 fold 
2222 2000 2000 0 fold 
5555 1860 2000 140 check 
6666 1940 2000 20 fold 
7777 1900 2000 40 fold 
8888 2040 2000 0 fold 
4444 2060 2000 0 fold 
1111 1860 2000 140 check 
total pot: 340 
/inquire 
recv from player 1111: check 

valid player: 8, all in player: 0, fold player: 6

----- send notify msg from 5 to 0(exclude) -----

player 4444(seat:5) doesn't need notify-msg

player 8888(seat:6) doesn't need notify-msg

send notify msg to player 7777(seat:7) 
notify/ 
8888 2040 2000 0 fold 
4444 2060 2000 0 fold 
1111 1860 2000 140 check 
3333 2000 2000 0 fold 
2222 2000 2000 0 fold 
5555 1860 2000 140 check 
6666 1940 2000 20 fold 
7777 1900 2000 40 fold 
total pot: 340 
/notify 

---show down---
showdown/ 
common/ 
SPADES 3 
HEARTS 4 
DIAMONDS A 
SPADES 4 
HEARTS A 
/common 
1: 5555 CLUBS 8 CLUBS Q TWO_PAIR 
2: 1111 SPADES 10 DIAMONDS J TWO_PAIR 
/showdown 

---Allocate pot---
pot-win/ 
5555: 340 
/pot-win 
it is player 6666's turn to be button

-----4 Hand-----

----- clean player data in socket -----
seat/ 
button: 6666 1940 2000 
small blind: 5555 2200 2000 
big blind: 2222 2000 2000 
3333 2000 2000 
1111 1860 2000 
4444 2060 2000 
8888 2040 2000 
7777 1900 2000 
/seat 
blind/ 
5555: 20 
2222: 40 
/blind 
player 5555:hold/ 
CLUBS 4 
SPADES 4 
/hold 
player 2222:hold/ 
SPADES J 
SPADES 5 
/hold 
player 3333:hold/ 
CLUBS A 
DIAMONDS 8 
/hold 
player 1111:hold/ 
HEARTS 9 
DIAMONDS Q 
/hold 
player 4444:hold/ 
HEARTS 6 
DIAMONDS 3 
/hold 
player 8888:hold/ 
DIAMONDS 10 
CLUBS K 
/hold 
player 7777:hold/ 
SPADES 6 
CLUBS 2 
/hold 
player 6666:hold/ 
SPADES 10 
CLUBS 7 
/hold 

---pre flop round bet---
valid player: 8, all in player: 0, fold player: 0

send inquire msg to player 3333(seat:2) 
inquire/ 
2222 1960 2000 40 blind 
5555 2180 2000 20 blind 
total pot: 60 
/inquire 
recv from player 3333: call 


send inquire msg to player 1111(seat:3) 
inquire/ 
3333 1960 2000 40 call 
2222 1960 2000 40 blind 
5555 2180 2000 20 blind 
total pot: 100 
/inquire 
recv from player 1111: call 


send inquire msg to player 4444(seat:4) 
inquire/ 
1111 1820 2000 40 call 
3333 1960 2000 40 call 
2222 1960 2000 40 blind 
5555 2180 2000 20 blind 
total pot: 140 
/inquire 
recv from player 4444: fold


send inquire msg to player 8888(seat:5) 
inquire/ 
4444 2060 2000 0 fold 
1111 1820 2000 40 call 
3333 1960 2000 40 call 
2222 1960 2000 40 blind 
5555 2180 2000 20 blind 
total pot: 140 
/inquire 
recv from player 8888: fold


send inquire msg to player 7777(seat:6) 
inquire/ 
8888 2040 2000 0 fold 
4444 2060 2000 0 fold 
1111 1820 2000 40 call 
3333 1960 2000 40 call 
2222 1960 2000 40 blind 
5555 2180 2000 20 blind 
total pot: 140 
/inquire 
recv from player 7777: fold 


send inquire msg to player 6666(seat:7) 
inquire/ 
7777 1900 2000 0 fold 
8888 2040 2000 0 fold 
4444 2060 2000 0 fold 
1111 1820 2000 40 call 
3333 1960 2000 40 call 
2222 1960 2000 40 blind 
5555 2180 2000 20 blind 
total pot: 140 
/inquire 
recv from player 6666: fold


send inquire msg to player 5555(seat:0) 
inquire/ 
6666 1940 2000 0 fold 
7777 1900 2000 0 fold 
8888 2040 2000 0 fold 
4444 2060 2000 0 fold 
1111 1820 2000 40 call 
3333 1960 2000 40 call 
2222 1960 2000 40 blind 
5555 2180 2000 20 blind 
total pot: 140 
/inquire 
recv from player 5555: raise 100 


send inquire msg to player 2222(seat:1) 
inquire/ 
5555 2060 2000 140 raise 
6666 1940 2000 0 fold 
7777 1900 2000 0 fold 
8888 2040 2000 0 fold 
4444 2060 2000 0 fold 
1111 1820 2000 40 call 
3333 1960 2000 40 call 
2222 1960 2000 40 blind 
total pot: 260 
/inquire 
recv from player 2222: fold 


send inquire msg to player 3333(seat:2) 
inquire/ 
2222 1960 2000 40 fold 
5555 2060 2000 140 raise 
6666 1940 2000 0 fold 
7777 1900 2000 0 fold 
8888 2040 2000 0 fold 
4444 2060 2000 0 fold 
1111 1820 2000 40 call 
3333 1960 2000 40 call 
total pot: 260 
/inquire 
recv from player 3333: call 


send inquire msg to player 1111(seat:3) 
inquire/ 
3333 1860 2000 140 call 
2222 1960 2000 40 fold 
5555 2060 2000 140 raise 
6666 1940 2000 0 fold 
7777 1900 2000 0 fold 
8888 2040 2000 0 fold 
4444 2060 2000 0 fold 
1111 1820 2000 40 call 
total pot: 360 
/inquire 
recv from player 1111: fold 

valid player: 8, all in player: 0, fold player: 6

----- send notify msg from 4 to 0(exclude) -----

player 4444(seat:4) doesn't need notify-msg

player 8888(seat:5) doesn't need notify-msg

send notify msg to player 7777(seat:6) 
notify/ 
8888 2040 2000 0 fold 
4444 2060 2000 0 fold 
1111 1820 2000 40 fold 
3333 1860 2000 140 call 
2222 1960 2000 40 fold 
5555 2060 2000 140 raise 
6666 1940 2000 0 fold 
7777 1900 2000 0 fold 
total pot: 360 
/notify 

player 6666(seat:7) doesn't need notify-msg
flop/ 
HEARTS 4 
CLUBS 10 
DIAMONDS A 
/flop 

---flop round bet---
valid player: 8, all in player: 0, fold player: 6

send inquire msg to player 5555(seat:0) 
inquire/ 
6666 1940 2000 0 fold 
7777 1900 2000 0 fold 
8888 2040 2000 0 fold 
4444 2060 2000 0 fold 
1111 1820 2000 40 fold 
3333 1860 2000 140 call 
2222 1960 2000 40 fold 
5555 2060 2000 140 raise 
total pot: 360 
/inquire 
recv from player 5555: raise 57 


send notify msg to player 2222(seat:1) 
notify/ 
5555 2003 2000 197 raise 
6666 1940 2000 0 fold 
7777 1900 2000 0 fold 
8888 2040 2000 0 fold 
4444 2060 2000 0 fold 
1111 1820 2000 40 fold 
3333 1860 2000 140 call 
2222 1960 2000 40 fold 
total pot: 417 
/notify 

send inquire msg to player 3333(seat:2) 
inquire/ 
2222 1960 2000 40 fold 
5555 2003 2000 197 raise 
6666 1940 2000 0 fold 
7777 1900 2000 0 fold 
8888 2040 2000 0 fold 
4444 2060 2000 0 fold 
1111 1820 2000 40 fold 
3333 1860 2000 140 call 
total pot: 417 
/inquire 
recv from player 3333: check 

valid player: 8, all in player: 0, fold player: 6

----- send notify msg from 3 to 0(exclude) -----

send notify msg to player 1111(seat:3) 
notify/ 
3333 1803 2000 197 call 
2222 1960 2000 40 fold 
5555 2003 2000 197 raise 
6666 1940 2000 0 fold 
7777 1900 2000 0 fold 
8888 2040 2000 0 fold 
4444 2060 2000 0 fold 
1111 1820 2000 40 fold 
total pot: 474 
/notify 

player 4444(seat:4) doesn't need notify-msg

player 8888(seat:5) doesn't need notify-msg

send notify msg to player 7777(seat:6) 
notify/ 
8888 2040 2000 0 fold 
4444 2060 2000 0 fold 
1111 1820 2000 40 fold 
3333 1803 2000 197 call 
2222 1960 2000 40 fold 
5555 2003 2000 197 raise 
6666 1940 2000 0 fold 
7777 1900 2000 0 fold 
total pot: 474 
/notify 

player 6666(seat:7) doesn't need notify-msg
turn/ 
CLUBS J 
/turn 

---turn round bet---
valid player: 8, all in player: 0, fold player: 6

send inquire msg to player 5555(seat:0) 
inquire/ 
6666 1940 2000 0 fold 
7777 1900 2000 0 fold 
8888 2040 2000 0 fold 
4444 2060 2000 0 fold 
1111 1820 2000 40 fold 
3333 1803 2000 197 call 
2222 1960 2000 40 fold 
5555 2003 2000 197 raise 
total pot: 474 
/inquire 
recv from player 5555: raise 53 


send notify msg to player 2222(seat:1) 
notify/ 
5555 1950 2000 250 raise 
6666 1940 2000 0 fold 
7777 1900 2000 0 fold 
8888 2040 2000 0 fold 
4444 2060 2000 0 fold 
1111 1820 2000 40 fold 
3333 1803 2000 197 call 
2222 1960 2000 40 fold 
total pot: 527 
/notify 

send inquire msg to player 3333(seat:2) 
inquire/ 
2222 1960 2000 40 fold 
5555 1950 2000 250 raise 
6666 1940 2000 0 fold 
7777 1900 2000 0 fold 
8888 2040 2000 0 fold 
4444 2060 2000 0 fold 
1111 1820 2000 40 fold 
3333 1803 2000 197 call 
total pot: 527 
/inquire 
recv from player 3333: check 

valid player: 8, all in player: 0, fold player: 6

----- send notify msg from 3 to 0(exclude) -----

send notify msg to player 1111(seat:3) 
notify/ 
3333 1750 2000 250 call 
2222 1960 2000 40 fold 
5555 1950 2000 250 raise 
6666 1940 2000 0 fold 
7777 1900 2000 0 fold 
8888 2040 2000 0 fold 
4444 2060 2000 0 fold 
1111 1820 2000 40 fold 
total pot: 580 
/notify 

player 4444(seat:4) doesn't need notify-msg

player 8888(seat:5) doesn't need notify-msg

send notify msg to player 7777(seat:6) 
notify/ 
8888 2040 2000 0 fold 
4444 2060 2000 0 fold 
1111 1820 2000 40 fold 
3333 1750 2000 250 call 
2222 1960 2000 40 fold 
5555 1950 2000 250 raise 
6666 1940 2000 0 fold 
7777 1900 2000 0 fold 
total pot: 580 
/notify 

player 6666(seat:7) doesn't need notify-msg
river/ 
CLUBS 6 
/river 

---river round bet---
valid player: 8, all in player: 0, fold player: 6

send inquire msg to player 5555(seat:0) 
inquire/ 
6666 1940 2000 0 fold 
7777 1900 2000 0 fold 
8888 2040 2000 0 fold 
4444 2060 2000 0 fold 
1111 1820 2000 40 fold 
3333 1750 2000 250 call 
2222 1960 2000 40 fold 
5555 1950 2000 250 raise 
total pot: 580 
/inquire 
recv from player 5555: raise 80 


send notify msg to player 2222(seat:1) 
notify/ 
5555 1870 2000 330 raise 
6666 1940 2000 0 fold 
7777 1900 2000 0 fold 
8888 2040 2000 0 fold 
4444 2060 2000 0 fold 
1111 1820 2000 40 fold 
3333 1750 2000 250 call 
2222 1960 2000 40 fold 
total pot: 660 
/notify 

send inquire msg to player 3333(seat:2) 
inquire/ 
2222 1960 2000 40 fold 
5555 1870 2000 330 raise 
6666 1940 2000 0 fold 
7777 1900 2000 0 fold 
8888 2040 2000 0 fold 
4444 2060 2000 0 fold 
1111 1820 2000 40 fold 
3333 1750 2000 250 call 
total pot: 660 
/inquire 
recv from player 3333: check 

valid player: 8, all in player: 0, fold player: 6

----- send notify msg from 3 to 0(exclude) -----

send notify msg to player 1111(seat:3) 
notify/ 
3333 1670 2000 330 call 
2222 1960 2000 40 fold 
5555 1870 2000 330 raise 
6666 1940 2000 0 fold 
7777 1900 2000 0 fold 
8888 2040 2000 0 fold 
4444 2060 2000 0 fold 
1111 1820 2000 40 fold 
total pot: 740 
/notify 

player 4444(seat:4) doesn't need notify-msg

player 8888(seat:5) doesn't need notify-msg

send notify msg to player 7777(seat:6) 
notify/ 
8888 2040 2000 0 fold 
4444 2060 2000 0 fold 
1111 1820 2000 40 fold 
3333 1670 2000 330 call 
2222 1960 2000 40 fold 
5555 1870 2000 330 raise 
6666 1940 2000 0 fold 
7777 1900 2000 0 fold 
total pot: 740 
/notify 

player 6666(seat:7) doesn't need notify-msg

---show down---
showdown/ 
common/ 
HEARTS 4 
CLUBS 10 
DIAMONDS A 
CLUBS J 
CLUBS 6 
/common 
1: 5555 CLUBS 4 SPADES 4 THREE_OF_A_KIND 
2: 3333 CLUBS A DIAMONDS 8 ONE_PAIR 
/showdown 

---Allocate pot---
pot-win/ 
5555: 740 
/pot-win 
it is player 5555's turn to be button

-----5 Hand-----

----- clean player data in socket -----
seat/ 
button: 5555 2610 2000 
small blind: 2222 1960 2000 
big blind: 3333 1670 2000 
1111 1820 2000 
4444 2060 2000 
8888 2040 2000 
7777 1900 2000 
6666 1940 2000 
/seat 
blind/ 
2222: 20 
3333: 40 
/blind 
player 2222:hold/ 
HEARTS A 
DIAMONDS 8 
/hold 
player 3333:hold/ 
DIAMONDS 7 
SPADES 8 
/hold 
player 1111:hold/ 
HEARTS 9 
HEARTS Q 
/hold 
player 4444:hold/ 
SPADES 3 
DIAMONDS K 
/hold 
player 8888:hold/ 
CLUBS Q 
SPADES A 
/hold 
player 7777:hold/ 
SPADES 2 
SPADES 7 
/hold 
player 6666:hold/ 
DIAMONDS 10 
DIAMONDS 3 
/hold 
player 5555:hold/ 
DIAMONDS Q 
HEARTS 3 
/hold 

---pre flop round bet---
valid player: 8, all in player: 0, fold player: 0

send inquire msg to player 1111(seat:2) 
inquire/ 
3333 1630 2000 40 blind 
2222 1940 2000 20 blind 
total pot: 60 
/inquire 
recv from player 1111: call 


send inquire msg to player 4444(seat:3) 
inquire/ 
1111 1780 2000 40 call 
3333 1630 2000 40 blind 
2222 1940 2000 20 blind 
total pot: 100 
/inquire 
recv from player 4444: fold


send inquire msg to player 8888(seat:4) 
inquire/ 
4444 2060 2000 0 fold 
1111 1780 2000 40 call 
3333 1630 2000 40 blind 
2222 1940 2000 20 blind 
total pot: 100 
/inquire 
recv from player 8888: call


send inquire msg to player 7777(seat:5) 
inquire/ 
8888 2000 2000 40 call 
4444 2060 2000 0 fold 
1111 1780 2000 40 call 
3333 1630 2000 40 blind 
2222 1940 2000 20 blind 
total pot: 140 
/inquire 
recv from player 7777: fold 


send inquire msg to player 6666(seat:6) 
inquire/ 
7777 1900 2000 0 fold 
8888 2000 2000 40 call 
4444 2060 2000 0 fold 
1111 1780 2000 40 call 
3333 1630 2000 40 blind 
2222 1940 2000 20 blind 
total pot: 140 
/inquire 
recv from player 6666: fold


send inquire msg to player 5555(seat:7) 
inquire/ 
6666 1940 2000 0 fold 
7777 1900 2000 0 fold 
8888 2000 2000 40 call 
4444 2060 2000 0 fold 
1111 1780 2000 40 call 
3333 1630 2000 40 blind 
2222 1940 2000 20 blind 
total pot: 140 
/inquire 
recv from player 5555: raise 100 


send inquire msg to player 2222(seat:0) 
inquire/ 
5555 2470 2000 140 raise 
6666 1940 2000 0 fold 
7777 1900 2000 0 fold 
8888 2000 2000 40 call 
4444 2060 2000 0 fold 
1111 1780 2000 40 call 
3333 1630 2000 40 blind 
2222 1940 2000 20 blind 
total pot: 280 
/inquire 
recv from player 2222: fold 


send inquire msg to player 3333(seat:1) 
inquire/ 
2222 1940 2000 20 fold 
5555 2470 2000 140 raise 
6666 1940 2000 0 fold 
7777 1900 2000 0 fold 
8888 2000 2000 40 call 
4444 2060 2000 0 fold 
1111 1780 2000 40 call 
3333 1630 2000 40 blind 
total pot: 280 
/inquire 
recv from player 3333: check 


send inquire msg to player 1111(seat:2) 
inquire/ 
3333 1530 2000 140 call 
2222 1940 2000 20 fold 
5555 2470 2000 140 raise 
6666 1940 2000 0 fold 
7777 1900 2000 0 fold 
8888 2000 2000 40 call 
4444 2060 2000 0 fold 
1111 1780 2000 40 call 
total pot: 380 
/inquire 
recv from player 1111: call 


player 4444(seat:3) doesn't need notify-msg

send inquire msg to player 8888(seat:4) 
inquire/ 
4444 2060 2000 0 fold 
1111 1680 2000 140 call 
3333 1530 2000 140 call 
2222 1940 2000 20 fold 
5555 2470 2000 140 raise 
6666 1940 2000 0 fold 
7777 1900 2000 0 fold 
8888 2000 2000 40 call 
total pot: 480 
/inquire 
recv from player 8888: fold

valid player: 8, all in player: 0, fold player: 5

----- send notify msg from 5 to 0(exclude) -----

send notify msg to player 7777(seat:5) 
notify/ 
8888 2000 2000 40 fold 
4444 2060 2000 0 fold 
1111 1680 2000 140 call 
3333 1530 2000 140 call 
2222 1940 2000 20 fold 
5555 2470 2000 140 raise 
6666 1940 2000 0 fold 
7777 1900 2000 0 fold 
total pot: 480 
/notify 

player 6666(seat:6) doesn't need notify-msg

player 5555(seat:7) doesn't need notify-msg
flop/ 
HEARTS 10 
SPADES 6 
CLUBS 9 
/flop 

---flop round bet---
valid player: 8, all in player: 0, fold player: 5

send notify msg to player 2222(seat:0) 
notify/ 
5555 2470 2000 140 raise 
6666 1940 2000 0 fold 
7777 1900 2000 0 fold 
8888 2000 2000 40 fold 
4444 2060 2000 0 fold 
1111 1680 2000 140 call 
3333 1530 2000 140 call 
2222 1940 2000 20 fold 
total pot: 480 
/notify 

send inquire msg to player 3333(seat:1) 
inquire/ 
2222 1940 2000 20 fold 
5555 2470 2000 140 raise 
6666 1940 2000 0 fold 
7777 1900 2000 0 fold 
8888 2000 2000 40 fold 
4444 2060 2000 0 fold 
1111 1680 2000 140 call 
3333 1530 2000 140 call 
total pot: 480 
/inquire 
recv from player 3333: check 


send inquire msg to player 1111(seat:2) 
inquire/ 
3333 1530 2000 140 check 
2222 1940 2000 20 fold 
5555 2470 2000 140 raise 
6666 1940 2000 0 fold 
7777 1900 2000 0 fold 
8888 2000 2000 40 fold 
4444 2060 2000 0 fold 
1111 1680 2000 140 call 
total pot: 480 
/inquire 
recv from player 1111: call 


player 4444(seat:3) doesn't need notify-msg

player 8888(seat:4) doesn't need notify-msg

send notify msg to player 7777(seat:5) 
notify/ 
8888 2000 2000 40 fold 
4444 2060 2000 0 fold 
1111 1680 2000 140 check 
3333 1530 2000 140 check 
2222 1940 2000 20 fold 
5555 2470 2000 140 raise 
6666 1940 2000 0 fold 
7777 1900 2000 0 fold 
total pot: 480 
/notify 

player 6666(seat:6) doesn't need notify-msg

send inquire msg to player 5555(seat:7) 
inquire/ 
6666 1940 2000 0 fold 
7777 1900 2000 0 fold 
8888 2000 2000 40 fold 
4444 2060 2000 0 fold 
1111 1680 2000 140 check 
3333 1530 2000 140 check 
2222 1940 2000 20 fold 
5555 2470 2000 140 raise 
total pot: 480 
/inquire 
recv from player 5555: check 

valid player: 8, all in player: 0, fold player: 5

----- send notify msg from 0 to 0(exclude) -----
turn/ 
CLUBS 2 
/turn 

---turn round bet---
valid player: 8, all in player: 0, fold player: 5

send notify msg to player 2222(seat:0) 
notify/ 
5555 2470 2000 140 check 
6666 1940 2000 0 fold 
7777 1900 2000 0 fold 
8888 2000 2000 40 fold 
4444 2060 2000 0 fold 
1111 1680 2000 140 check 
3333 1530 2000 140 check 
2222 1940 2000 20 fold 
total pot: 480 
/notify 

send inquire msg to player 3333(seat:1) 
inquire/ 
2222 1940 2000 20 fold 
5555 2470 2000 140 check 
6666 1940 2000 0 fold 
7777 1900 2000 0 fold 
8888 2000 2000 40 fold 
4444 2060 2000 0 fold 
1111 1680 2000 140 check 
3333 1530 2000 140 check 
total pot: 480 
/inquire 
recv from player 3333: raise 0 


send inquire msg to player 1111(seat:2) 
inquire/ 
3333 1490 2000 180 raise 
2222 1940 2000 20 fold 
5555 2470 2000 140 check 
6666 1940 2000 0 fold 
7777 1900 2000 0 fold 
8888 2000 2000 40 fold 
4444 2060 2000 0 fold 
1111 1680 2000 140 check 
total pot: 520 
/inquire 
recv from player 1111: call 


player 4444(seat:3) doesn't need notify-msg

player 8888(seat:4) doesn't need notify-msg

send notify msg to player 7777(seat:5) 
notify/ 
8888 2000 2000 40 fold 
4444 2060 2000 0 fold 
1111 1640 2000 180 call 
3333 1490 2000 180 raise 
2222 1940 2000 20 fold 
5555 2470 2000 140 check 
6666 1940 2000 0 fold 
7777 1900 2000 0 fold 
total pot: 560 
/notify 

player 6666(seat:6) doesn't need notify-msg

send inquire msg to player 5555(seat:7) 
inquire/ 
6666 1940 2000 0 fold 
7777 1900 2000 0 fold 
8888 2000 2000 40 fold 
4444 2060 2000 0 fold 
1111 1640 2000 180 call 
3333 1490 2000 180 raise 
2222 1940 2000 20 fold 
5555 2470 2000 140 check 
total pot: 560 
/inquire 
recv from player 5555: check 

valid player: 8, all in player: 0, fold player: 5

----- send notify msg from 0 to 0(exclude) -----
river/ 
SPADES 10 
/river 

---river round bet---
valid player: 8, all in player: 0, fold player: 5

send notify msg to player 2222(seat:0) 
notify/ 
5555 2430 2000 180 call 
6666 1940 2000 0 fold 
7777 1900 2000 0 fold 
8888 2000 2000 40 fold 
4444 2060 2000 0 fold 
1111 1640 2000 180 call 
3333 1490 2000 180 raise 
2222 1940 2000 20 fold 
total pot: 600 
/notify 

send inquire msg to player 3333(seat:1) 
inquire/ 
2222 1940 2000 20 fold 
5555 2430 2000 180 call 
6666 1940 2000 0 fold 
7777 1900 2000 0 fold 
8888 2000 2000 40 fold 
4444 2060 2000 0 fold 
1111 1640 2000 180 call 
3333 1490 2000 180 raise 
total pot: 600 
/inquire 
recv from player 3333: fold 


send inquire msg to player 1111(seat:2) 
inquire/ 
3333 1490 2000 180 fold 
2222 1940 2000 20 fold 
5555 2430 2000 180 call 
6666 1940 2000 0 fold 
7777 1900 2000 0 fold 
8888 2000 2000 40 fold 
4444 2060 2000 0 fold 
1111 1640 2000 180 call 
total pot: 600 
/inquire 
recv from player 1111: raise 67


player 4444(seat:3) doesn't need notify-msg

player 8888(seat:4) doesn't need notify-msg

send notify msg to player 7777(seat:5) 
notify/ 
8888 2000 2000 40 fold 
4444 2060 2000 0 fold 
1111 1573 2000 247 raise 
3333 1490 2000 180 fold 
2222 1940 2000 20 fold 
5555 2430 2000 180 call 
6666 1940 2000 0 fold 
7777 1900 2000 0 fold 
total pot: 667 
/notify 

player 6666(seat:6) doesn't need notify-msg

send inquire msg to player 5555(seat:7) 
inquire/ 
6666 1940 2000 0 fold 
7777 1900 2000 0 fold 
8888 2000 2000 40 fold 
4444 2060 2000 0 fold 
1111 1573 2000 247 raise 
3333 1490 2000 180 fold 
2222 1940 2000 20 fold 
5555 2430 2000 180 call 
total pot: 667 
/inquire 
recv from player 5555: fold 

valid player: 8, all in player: 0, fold player: 7

----- send notify msg from 0 to 7(exclude) -----

send notify msg to player 2222(seat:0) 
notify/ 
5555 2430 2000 180 fold 
6666 1940 2000 0 fold 
7777 1900 2000 0 fold 
8888 2000 2000 40 fold 
4444 2060 2000 0 fold 
1111 1573 2000 247 raise 
3333 1490 2000 180 fold 
2222 1940 2000 20 fold 
total pot: 667 
/notify 

send notify msg to player 3333(seat:1) 
notify/ 
2222 1940 2000 20 fold 
5555 2430 2000 180 fold 
6666 1940 2000 0 fold 
7777 1900 2000 0 fold 
8888 2000 2000 40 fold 
4444 2060 2000 0 fold 
1111 1573 2000 247 raise 
3333 1490 2000 180 fold 
total pot: 667 
/notify 

send notify msg to player 1111(seat:2) 
notify/ 
3333 1490 2000 180 fold 
2222 1940 2000 20 fold 
5555 2430 2000 180 fold 
6666 1940 2000 0 fold 
7777 1900 2000 0 fold 
8888 2000 2000 40 fold 
4444 2060 2000 0 fold 
1111 1573 2000 247 raise 
total pot: 667 
/notify 

player 4444(seat:3) doesn't need notify-msg

player 8888(seat:4) doesn't need notify-msg

send notify msg to player 7777(seat:5) 
notify/ 
8888 2000 2000 40 fold 
4444 2060 2000 0 fold 
1111 1573 2000 247 raise 
3333 1490 2000 180 fold 
2222 1940 2000 20 fold 
5555 2430 2000 180 fold 
6666 1940 2000 0 fold 
7777 1900 2000 0 fold 
total pot: 667 
/notify 

player 6666(seat:6) doesn't need notify-msg

--- 1 players not fold, don't need show down---

---Allocate pot---
Only player at seat 2 not fold, win all the pot 667
pot-win/ 
1111: 667 
/pot-win 
it is player 2222's turn to be button

-----6 Hand-----

----- clean player data in socket -----
find residue data from player 1111, data size 8
seat/ 
button: 2222 1940 2000 
small blind: 3333 1490 2000 
big blind: 1111 2240 2000 
4444 2060 2000 
8888 2000 2000 
7777 1900 2000 
6666 1940 2000 
5555 2430 2000 
/seat 
blind/ 
3333: 20 
1111: 40 
/blind 
player 3333:hold/ 
HEARTS 6 
HEARTS K 
/hold 
player 1111:hold/ 
DIAMONDS A 
CLUBS Q 
/hold 
player 4444:hold/ 
HEARTS 2 
CLUBS K 
/hold 
player 8888:hold/ 
CLUBS J 
CLUBS 6 
/hold 
player 7777:hold/ 
DIAMONDS J 
CLUBS A 
/hold 
player 6666:hold/ 
HEARTS Q 
HEARTS 9 
/hold 
player 5555:hold/ 
SPADES 5 
DIAMONDS 5 
/hold 
player 2222:hold/ 
DIAMONDS 2 
HEARTS A 
/hold 

---pre flop round bet---
valid player: 8, all in player: 0, fold player: 0

send inquire msg to player 4444(seat:2) 
inquire/ 
1111 2200 2000 40 blind 
3333 1470 2000 20 blind 
total pot: 60 
/inquire 
recv from player 4444: fold


send inquire msg to player 8888(seat:3) 
inquire/ 
4444 2060 2000 0 fold 
1111 2200 2000 40 blind 
3333 1470 2000 20 blind 
total pot: 60 
/inquire 
recv from player 8888: fold


send inquire msg to player 7777(seat:4) 
inquire/ 
8888 2000 2000 0 fold 
4444 2060 2000 0 fold 
1111 2200 2000 40 blind 
3333 1470 2000 20 blind 
total pot: 60 
/inquire 
recv from player 7777: fold 


send inquire msg to player 6666(seat:5) 
inquire/ 
7777 1900 2000 0 fold 
8888 2000 2000 0 fold 
4444 2060 2000 0 fold 
1111 2200 2000 40 blind 
3333 1470 2000 20 blind 
total pot: 60 
/inquire 
recv from player 6666: fold


send inquire msg to player 5555(seat:6) 
inquire/ 
6666 1940 2000 0 fold 
7777 1900 2000 0 fold 
8888 2000 2000 0 fold 
4444 2060 2000 0 fold 
1111 2200 2000 40 blind 
3333 1470 2000 20 blind 
total pot: 60 
/inquire 
recv from player 5555: fold 


send inquire msg to player 2222(seat:7) 
inquire/ 
5555 2430 2000 0 fold 
6666 1940 2000 0 fold 
7777 1900 2000 0 fold 
8888 2000 2000 0 fold 
4444 2060 2000 0 fold 
1111 2200 2000 40 blind 
3333 1470 2000 20 blind 
total pot: 60 
/inquire 
recv from player 2222: fold 


send inquire msg to player 3333(seat:0) 
inquire/ 
2222 1940 2000 0 fold 
5555 2430 2000 0 fold 
6666 1940 2000 0 fold 
7777 1900 2000 0 fold 
