

===VERSION 1.31===
---GAME START @ 2015-6-13-12-14-29---

wait registration for 30 seconds
reg: 2222 baymax 
reg: 3333 JunLinTianXia 
reg: 5555 baymax 
reg: 1111 HJ  need_notify  
reg: 6666 ShuQi need_notify  
reg: 7777 CQchappie need_notify 
reg: 4444 DSNJU 
reg: 8888 ShuQi need_notify  
close registration

-----1 Hand-----

----- clean player data in socket -----
seat/ 
button: 7777 2000 2000 
small blind: 8888 2000 2000 
big blind: 6666 2000 2000 
1111 2000 2000 
5555 2000 2000 
4444 2000 2000 
2222 2000 2000 
3333 2000 2000 
/seat 
blind/ 
8888: 20 
6666: 40 
/blind 
player 8888:hold/ 
HEARTS 3 
HEARTS 10 
/hold 
player 6666:hold/ 
HEARTS 2 
DIAMONDS K 
/hold 
player 1111:hold/ 
HEARTS 9 
CLUBS 4 
/hold 
player 5555:hold/ 
SPADES Q 
SPADES 10 
/hold 
player 4444:hold/ 
HEARTS 7 
DIAMONDS 8 
/hold 
player 2222:hold/ 
SPADES 4 
SPADES 8 
/hold 
player 3333:hold/ 
DIAMONDS Q 
DIAMONDS 6 
/hold 
player 7777:hold/ 
DIAMONDS 4 
DIAMONDS 2 
/hold 

---pre flop round bet---
valid player: 8, all in player: 0, fold player: 0

send inquire msg to player 1111(seat:2) 
inquire/ 
6666 1960 2000 40 blind 
8888 1980 2000 20 blind 
total pot: 60 
/inquire 
recv from player 1111: fold 

send inquire msg to player 5555(seat:3) 
inquire/ 
1111 2000 2000 0 fold 
6666 1960 2000 40 blind 
8888 1980 2000 20 blind 
total pot: 60 
/inquire 
recv from player 5555: raise 46


send inquire msg to player 4444(seat:4) 
inquire/ 
5555 1914 2000 86 raise 
1111 2000 2000 0 fold 
6666 1960 2000 40 blind 
8888 1980 2000 20 blind 
total pot: 146 
/inquire 
recv from player 4444: fold


send inquire msg to player 2222(seat:5) 
inquire/ 
4444 2000 2000 0 fold 
5555 1914 2000 86 raise 
1111 2000 2000 0 fold 
6666 1960 2000 40 blind 
8888 1980 2000 20 blind 
total pot: 146 
/inquire 
recv from player 2222: fold 


send inquire msg to player 3333(seat:6) 
inquire/ 
2222 2000 2000 0 fold 
4444 2000 2000 0 fold 
5555 1914 2000 86 raise 
1111 2000 2000 0 fold 
6666 1960 2000 40 blind 
8888 1980 2000 20 blind 
total pot: 146 
/inquire 
recv from player 3333: fold 


send inquire msg to player 7777(seat:7) 
inquire/ 
3333 2000 2000 0 fold 
2222 2000 2000 0 fold 
4444 2000 2000 0 fold 
5555 1914 2000 86 raise 
1111 2000 2000 0 fold 
6666 1960 2000 40 blind 
8888 1980 2000 20 blind 
total pot: 146 
/inquire 
recv from player 7777: fold 


send inquire msg to player 8888(seat:0) 
inquire/ 
7777 2000 2000 0 fold 
3333 2000 2000 0 fold 
2222 2000 2000 0 fold 
4444 2000 2000 0 fold 
5555 1914 2000 86 raise 
1111 2000 2000 0 fold 
6666 1960 2000 40 blind 
8888 1980 2000 20 blind 
total pot: 146 
/inquire 
recv from player 8888: fold 


send inquire msg to player 6666(seat:1) 
inquire/ 
8888 1980 2000 20 fold 
7777 2000 2000 0 fold 
3333 2000 2000 0 fold 
2222 2000 2000 0 fold 
4444 2000 2000 0 fold 
5555 1914 2000 86 raise 
1111 2000 2000 0 fold 
6666 1960 2000 40 blind 
total pot: 146 
/inquire 
recv from player 6666: fold 

valid player: 8, all in player: 0, fold player: 7

----- send notify msg from 2 to 1(exclude) -----

send notify msg to player 1111(seat:2) 
notify/ 
6666 1960 2000 40 fold 
8888 1980 2000 20 fold 
7777 2000 2000 0 fold 
3333 2000 2000 0 fold 
2222 2000 2000 0 fold 
4444 2000 2000 0 fold 
5555 1914 2000 86 raise 
1111 2000 2000 0 fold 
total pot: 146 
/notify 

player 5555(seat:3) doesn't need notify-msg

player 4444(seat:4) doesn't need notify-msg

player 2222(seat:5) doesn't need notify-msg

player 3333(seat:6) doesn't need notify-msg

send notify msg to player 7777(seat:7) 
notify/ 
3333 2000 2000 0 fold 
2222 2000 2000 0 fold 
4444 2000 2000 0 fold 
5555 1914 2000 86 raise 
1111 2000 2000 0 fold 
6666 1960 2000 40 fold 
8888 1980 2000 20 fold 
7777 2000 2000 0 fold 
total pot: 146 
/notify 

send notify msg to player 8888(seat:0) 
notify/ 
7777 2000 2000 0 fold 
3333 2000 2000 0 fold 
2222 2000 2000 0 fold 
4444 2000 2000 0 fold 
5555 1914 2000 86 raise 
1111 2000 2000 0 fold 
6666 1960 2000 40 fold 
8888 1980 2000 20 fold 
total pot: 146 
/notify 

---flop round bet---
valid player: 8, all in player: 0, fold player: 7

---turn round bet---
valid player: 8, all in player: 0, fold player: 7

---river round bet---
valid player: 8, all in player: 0, fold player: 7

--- 1 players not fold, don't need show down---

---Allocate pot---
Only player at seat 3 not fold, win all the pot 146
pot-win/ 
5555: 146 
/pot-win 
it is player 8888's turn to be button

-----2 Hand-----

----- clean player data in socket -----
seat/ 
button: 8888 1980 2000 
small blind: 6666 1960 2000 
big blind: 1111 2000 2000 
5555 2060 2000 
4444 2000 2000 
2222 2000 2000 
3333 2000 2000 
7777 2000 2000 
/seat 
blind/ 
6666: 20 
1111: 40 
/blind 
player 6666:hold/ 
HEARTS 6 
DIAMONDS A 
/hold 
player 1111:hold/ 
SPADES 6 
HEARTS Q 
/hold 
player 5555:hold/ 
HEARTS K 
CLUBS J 
/hold 
player 4444:hold/ 
SPADES K 
CLUBS A 
/hold 
player 2222:hold/ 
SPADES 5 
DIAMONDS 3 
/hold 
player 3333:hold/ 
SPADES 9 
HEARTS 7 
/hold 
player 7777:hold/ 
SPADES A 
DIAMONDS 9 
/hold 
player 8888:hold/ 
DIAMONDS J 
CLUBS 4 
/hold 

---pre flop round bet---
valid player: 8, all in player: 0, fold player: 0

send inquire msg to player 5555(seat:2) 
inquire/ 
1111 1960 2000 40 blind 
6666 1940 2000 20 blind 
total pot: 60 
/inquire 
recv from player 5555: raise 46


send inquire msg to player 4444(seat:3) 
inquire/ 
5555 1974 2000 86 raise 
1111 1960 2000 40 blind 
6666 1940 2000 20 blind 
total pot: 146 
/inquire 
recv from player 4444: fold


send inquire msg to player 2222(seat:4) 
inquire/ 
4444 2000 2000 0 fold 
5555 1974 2000 86 raise 
1111 1960 2000 40 blind 
6666 1940 2000 20 blind 
total pot: 146 
/inquire 
recv from player 2222: fold 


send inquire msg to player 3333(seat:5) 
inquire/ 
2222 2000 2000 0 fold 
4444 2000 2000 0 fold 
5555 1974 2000 86 raise 
1111 1960 2000 40 blind 
6666 1940 2000 20 blind 
total pot: 146 
/inquire 
recv from player 3333: fold 


send inquire msg to player 7777(seat:6) 
inquire/ 
3333 2000 2000 0 fold 
2222 2000 2000 0 fold 
4444 2000 2000 0 fold 
5555 1974 2000 86 raise 
1111 1960 2000 40 blind 
6666 1940 2000 20 blind 
total pot: 146 
/inquire 
recv from player 7777: fold 


send inquire msg to player 8888(seat:7) 
inquire/ 
7777 2000 2000 0 fold 
3333 2000 2000 0 fold 
2222 2000 2000 0 fold 
4444 2000 2000 0 fold 
5555 1974 2000 86 raise 
1111 1960 2000 40 blind 
6666 1940 2000 20 blind 
total pot: 146 
/inquire 
recv from player 8888: fold 


send inquire msg to player 6666(seat:0) 
inquire/ 
8888 1980 2000 0 fold 
7777 2000 2000 0 fold 
3333 2000 2000 0 fold 
2222 2000 2000 0 fold 
4444 2000 2000 0 fold 
5555 1974 2000 86 raise 
1111 1960 2000 40 blind 
6666 1940 2000 20 blind 
total pot: 146 
/inquire 
recv from player 6666: fold 


send inquire msg to player 1111(seat:1) 
inquire/ 
6666 1940 2000 20 fold 
8888 1980 2000 0 fold 
7777 2000 2000 0 fold 
3333 2000 2000 0 fold 
2222 2000 2000 0 fold 
4444 2000 2000 0 fold 
5555 1974 2000 86 raise 
1111 1960 2000 40 blind 
total pot: 146 
/inquire 
recv from player 1111: fold 
valid player: 8, all in player: 0, fold player: 7

----- send notify msg from 2 to 1(exclude) -----

player 5555(seat:2) doesn't need notify-msg

player 4444(seat:3) doesn't need notify-msg

player 2222(seat:4) doesn't need notify-msg

player 3333(seat:5) doesn't need notify-msg

send notify msg to player 7777(seat:6) 
notify/ 
3333 2000 2000 0 fold 
2222 2000 2000 0 fold 
4444 2000 2000 0 fold 
5555 1974 2000 86 raise 
1111 1960 2000 40 fold 
6666 1940 2000 20 fold 
8888 1980 2000 0 fold 
7777 2000 2000 0 fold 
total pot: 146 
/notify 

send notify msg to player 8888(seat:7) 
notify/ 
7777 2000 2000 0 fold 
3333 2000 2000 0 fold 
2222 2000 2000 0 fold 
4444 2000 2000 0 fold 
5555 1974 2000 86 raise 
1111 1960 2000 40 fold 
6666 1940 2000 20 fold 
8888 1980 2000 0 fold 
total pot: 146 
/notify 

send notify msg to player 6666(seat:0) 
notify/ 
8888 1980 2000 0 fold 
7777 2000 2000 0 fold 
3333 2000 2000 0 fold 
2222 2000 2000 0 fold 
4444 2000 2000 0 fold 
5555 1974 2000 86 raise 
1111 1960 2000 40 fold 
6666 1940 2000 20 fold 
total pot: 146 
/notify 

---flop round bet---
valid player: 8, all in player: 0, fold player: 7

---turn round bet---
valid player: 8, all in player: 0, fold player: 7

---river round bet---
valid player: 8, all in player: 0, fold player: 7

--- 1 players not fold, don't need show down---

---Allocate pot---
Only player at seat 2 not fold, win all the pot 146
pot-win/ 
5555: 146 
/pot-win 
it is player 6666's turn to be button

-----3 Hand-----

----- clean player data in socket -----
seat/ 
button: 6666 1940 2000 
small blind: 1111 1960 2000 
big blind: 5555 2120 2000 
4444 2000 2000 
2222 2000 2000 
3333 2000 2000 
7777 2000 2000 
8888 1980 2000 
/seat 
blind/ 
1111: 20 
5555: 40 
/blind 
player 1111:hold/ 
HEARTS 8 
SPADES 4 
/hold 
player 5555:hold/ 
HEARTS 2 
DIAMONDS 4 
/hold 
player 4444:hold/ 
SPADES 7 
HEARTS J 
/hold 
player 2222:hold/ 
DIAMONDS A 
DIAMONDS 9 
/hold 
player 3333:hold/ 
SPADES A 
SPADES K 
/hold 
player 7777:hold/ 
SPADES Q 
DIAMONDS 2 
/hold 
player 8888:hold/ 
CLUBS 7 
HEARTS 3 
/hold 
player 6666:hold/ 
SPADES 5 
DIAMONDS 6 
/hold 

---pre flop round bet---
valid player: 8, all in player: 0, fold player: 0

send inquire msg to player 4444(seat:2) 
inquire/ 
5555 2080 2000 40 blind 
1111 1940 2000 20 blind 
total pot: 60 
/inquire 
recv from player 4444: fold


send inquire msg to player 2222(seat:3) 
inquire/ 
4444 2000 2000 0 fold 
5555 2080 2000 40 blind 
1111 1940 2000 20 blind 
total pot: 60 
/inquire 
recv from player 2222: raise 


send inquire msg to player 3333(seat:4) 
inquire/ 
2222 1920 2000 80 raise 
4444 2000 2000 0 fold 
5555 2080 2000 40 blind 
1111 1940 2000 20 blind 
total pot: 140 
/inquire 
recv from player 3333: raise 103 


send inquire msg to player 7777(seat:5) 
inquire/ 
3333 1817 2000 183 raise 
2222 1920 2000 80 raise 
4444 2000 2000 0 fold 
5555 2080 2000 40 blind 
1111 1940 2000 20 blind 
total pot: 323 
/inquire 
recv from player 7777: fold 


send inquire msg to player 8888(seat:6) 
inquire/ 
7777 2000 2000 0 fold 
3333 1817 2000 183 raise 
2222 1920 2000 80 raise 
4444 2000 2000 0 fold 
5555 2080 2000 40 blind 
1111 1940 2000 20 blind 
total pot: 323 
/inquire 
recv from player 8888: fold 


send inquire msg to player 6666(seat:7) 
inquire/ 
8888 1980 2000 0 fold 
7777 2000 2000 0 fold 
3333 1817 2000 183 raise 
2222 1920 2000 80 raise 
4444 2000 2000 0 fold 
5555 2080 2000 40 blind 
1111 1940 2000 20 blind 
total pot: 323 
/inquire 
recv from player 6666: fold 


send inquire msg to player 1111(seat:0) 
inquire/ 
6666 1940 2000 0 fold 
8888 1980 2000 0 fold 
7777 2000 2000 0 fold 
3333 1817 2000 183 raise 
2222 1920 2000 80 raise 
4444 2000 2000 0 fold 
5555 2080 2000 40 blind 
1111 1940 2000 20 blind 
total pot: 323 
/inquire 
recv from player 1111: fold 

send inquire msg to player 5555(seat:1) 
inquire/ 
1111 1940 2000 20 fold 
6666 1940 2000 0 fold 
8888 1980 2000 0 fold 
7777 2000 2000 0 fold 
3333 1817 2000 183 raise 
2222 1920 2000 80 raise 
4444 2000 2000 0 fold 
5555 2080 2000 40 blind 
total pot: 323 
/inquire 
recv from player 5555: fold 


player 4444(seat:2) doesn't need notify-msg

send inquire msg to player 2222(seat:3) 
inquire/ 
4444 2000 2000 0 fold 
5555 2080 2000 40 fold 
1111 1940 2000 20 fold 
6666 1940 2000 0 fold 
8888 1980 2000 0 fold 
7777 2000 2000 0 fold 
3333 1817 2000 183 raise 
2222 1920 2000 80 raise 
total pot: 323 
/inquire 
recv from player 2222: raise 


send inquire msg to player 3333(seat:4) 
inquire/ 
2222 1714 2000 286 raise 
4444 2000 2000 0 fold 
5555 2080 2000 40 fold 
1111 1940 2000 20 fold 
6666 1940 2000 0 fold 
8888 1980 2000 0 fold 
7777 2000 2000 0 fold 
3333 1817 2000 183 raise 
total pot: 529 
/inquire 
recv from player 3333: check 

valid player: 8, all in player: 0, fold player: 6

----- send notify msg from 5 to 0(exclude) -----

send notify msg to player 7777(seat:5) 
notify/ 
3333 1714 2000 286 call 
2222 1714 2000 286 raise 
4444 2000 2000 0 fold 
5555 2080 2000 40 fold 
1111 1940 2000 20 fold 
6666 1940 2000 0 fold 
8888 1980 2000 0 fold 
7777 2000 2000 0 fold 
total pot: 632 
/notify 

send notify msg to player 8888(seat:6) 
notify/ 
7777 2000 2000 0 fold 
3333 1714 2000 286 call 
2222 1714 2000 286 raise 
4444 2000 2000 0 fold 
5555 2080 2000 40 fold 
1111 1940 2000 20 fold 
6666 1940 2000 0 fold 
8888 1980 2000 0 fold 
total pot: 632 
/notify 

send notify msg to player 6666(seat:7) 
notify/ 
8888 1980 2000 0 fold 
7777 2000 2000 0 fold 
3333 1714 2000 286 call 
2222 1714 2000 286 raise 
4444 2000 2000 0 fold 
5555 2080 2000 40 fold 
1111 1940 2000 20 fold 
6666 1940 2000 0 fold 
total pot: 632 
/notify 
flop/ 
HEARTS K 
HEARTS Q 
HEARTS 5 
/flop 

---flop round bet---
valid player: 8, all in player: 0, fold player: 6

send notify msg to player 1111(seat:0) 
notify/ 
6666 1940 2000 0 fold 
8888 1980 2000 0 fold 
7777 2000 2000 0 fold 
3333 1714 2000 286 call 
2222 1714 2000 286 raise 
4444 2000 2000 0 fold 
5555 2080 2000 40 fold 
1111 1940 2000 20 fold 
total pot: 632 
/notify 

player 5555(seat:1) doesn't need notify-msg

player 4444(seat:2) doesn't need notify-msg

send inquire msg to player 2222(seat:3) 
inquire/ 
4444 2000 2000 0 fold 
5555 2080 2000 40 fold 
1111 1940 2000 20 fold 
6666 1940 2000 0 fold 
8888 1980 2000 0 fold 
7777 2000 2000 0 fold 
3333 1714 2000 286 call 
2222 1714 2000 286 raise 
total pot: 632 
/inquire 
recv from player 2222: call 


send inquire msg to player 3333(seat:4) 
inquire/ 
2222 1714 2000 286 check 
4444 2000 2000 0 fold 
5555 2080 2000 40 fold 
1111 1940 2000 20 fold 
6666 1940 2000 0 fold 
8888 1980 2000 0 fold 
7777 2000 2000 0 fold 
3333 1714 2000 286 call 
total pot: 632 
/inquire 
recv from player 3333: raise 83 


send notify msg to player 7777(seat:5) 
notify/ 
3333 1631 2000 369 raise 
2222 1714 2000 286 check 
4444 2000 2000 0 fold 
5555 2080 2000 40 fold 
1111 1940 2000 20 fold 
6666 1940 2000 0 fold 
8888 1980 2000 0 fold 
7777 2000 2000 0 fold 
total pot: 715 
/notify 

send notify msg to player 8888(seat:6) 
notify/ 
7777 2000 2000 0 fold 
3333 1631 2000 369 raise 
2222 1714 2000 286 check 
4444 2000 2000 0 fold 
5555 2080 2000 40 fold 
1111 1940 2000 20 fold 
6666 1940 2000 0 fold 
8888 1980 2000 0 fold 
total pot: 715 
/notify 

send notify msg to player 6666(seat:7) 
notify/ 
8888 1980 2000 0 fold 
7777 2000 2000 0 fold 
3333 1631 2000 369 raise 
2222 1714 2000 286 check 
4444 2000 2000 0 fold 
5555 2080 2000 40 fold 
1111 1940 2000 20 fold 
6666 1940 2000 0 fold 
total pot: 715 
/notify 

send notify msg to player 1111(seat:0) 
notify/ 
6666 1940 2000 0 fold 
8888 1980 2000 0 fold 
7777 2000 2000 0 fold 
3333 1631 2000 369 raise 
2222 1714 2000 286 check 
4444 2000 2000 0 fold 
5555 2080 2000 40 fold 
1111 1940 2000 20 fold 
total pot: 715 
/notify 

player 5555(seat:1) doesn't need notify-msg

player 4444(seat:2) doesn't need notify-msg

send inquire msg to player 2222(seat:3) 
inquire/ 
4444 2000 2000 0 fold 
5555 2080 2000 40 fold 
1111 1940 2000 20 fold 
6666 1940 2000 0 fold 
8888 1980 2000 0 fold 
7777 2000 2000 0 fold 
3333 1631 2000 369 raise 
2222 1714 2000 286 check 
total pot: 715 
/inquire 
recv from player 2222: fold 

valid player: 8, all in player: 0, fold player: 7

----- send notify msg from 4 to 3(exclude) -----

player 3333(seat:4) doesn't need notify-msg

send notify msg to player 7777(seat:5) 
notify/ 
3333 1631 2000 369 raise 
2222 1714 2000 286 fold 
4444 2000 2000 0 fold 
5555 2080 2000 40 fold 
1111 1940 2000 20 fold 
6666 1940 2000 0 fold 
8888 1980 2000 0 fold 
7777 2000 2000 0 fold 
total pot: 715 
/notify 

send notify msg to player 8888(seat:6) 
notify/ 
7777 2000 2000 0 fold 
3333 1631 2000 369 raise 
2222 1714 2000 286 fold 
4444 2000 2000 0 fold 
5555 2080 2000 40 fold 
1111 1940 2000 20 fold 
6666 1940 2000 0 fold 
8888 1980 2000 0 fold 
total pot: 715 
/notify 

send notify msg to player 6666(seat:7) 
notify/ 
8888 1980 2000 0 fold 
7777 2000 2000 0 fold 
3333 1631 2000 369 raise 
2222 1714 2000 286 fold 
4444 2000 2000 0 fold 
5555 2080 2000 40 fold 
1111 1940 2000 20 fold 
6666 1940 2000 0 fold 
total pot: 715 
/notify 

send notify msg to player 1111(seat:0) 
notify/ 
6666 1940 2000 0 fold 
8888 1980 2000 0 fold 
7777 2000 2000 0 fold 
3333 1631 2000 369 raise 
2222 1714 2000 286 fold 
4444 2000 2000 0 fold 
5555 2080 2000 40 fold 
1111 1940 2000 20 fold 
total pot: 715 
/notify 

player 5555(seat:1) doesn't need notify-msg

player 4444(seat:2) doesn't need notify-msg

---turn round bet---
valid player: 8, all in player: 0, fold player: 7

---river round bet---
valid player: 8, all in player: 0, fold player: 7

--- 1 players not fold, don't need show down---

---Allocate pot---
Only player at seat 4 not fold, win all the pot 715
pot-win/ 
3333: 715 
/pot-win 
it is player 1111's turn to be button

-----4 Hand-----

----- clean player data in socket -----
seat/ 
button: 1111 1940 2000 
small blind: 5555 2080 2000 
big blind: 4444 2000 2000 
2222 1714 2000 
3333 2346 2000 
7777 2000 2000 
8888 1980 2000 
6666 1940 2000 
/seat 
blind/ 
5555: 20 
4444: 40 
/blind 
player 5555:hold/ 
DIAMONDS 7 
SPADES 9 
/hold 
player 4444:hold/ 
DIAMONDS A 
DIAMONDS 5 
/hold 
player 2222:hold/ 
HEARTS 10 
HEARTS 2 
/hold 
player 3333:hold/ 
CLUBS A 
DIAMONDS 3 
/hold 
player 7777:hold/ 
CLUBS 3 
SPADES 2 
/hold 
player 8888:hold/ 
CLUBS 6 
DIAMONDS 9 
/hold 
player 6666:hold/ 
CLUBS 4 
HEARTS 4 
/hold 
player 1111:hold/ 
SPADES A 
CLUBS 5 
/hold 

---pre flop round bet---
valid player: 8, all in player: 0, fold player: 0

send inquire msg to player 2222(seat:2) 
inquire/ 
4444 1960 2000 40 blind 
5555 2060 2000 20 blind 
total pot: 60 
/inquire 
recv from player 2222: fold 


send inquire msg to player 3333(seat:3) 
inquire/ 
2222 1714 2000 0 fold 
4444 1960 2000 40 blind 
5555 2060 2000 20 blind 
total pot: 60 
/inquire 
recv from player 3333: fold 


send inquire msg to player 7777(seat:4) 
inquire/ 
3333 2346 2000 0 fold 
2222 1714 2000 0 fold 
4444 1960 2000 40 blind 
5555 2060 2000 20 blind 
total pot: 60 
/inquire 
recv from player 7777: fold 


send inquire msg to player 8888(seat:5) 
inquire/ 
7777 2000 2000 0 fold 
3333 2346 2000 0 fold 
2222 1714 2000 0 fold 
4444 1960 2000 40 blind 
5555 2060 2000 20 blind 
total pot: 60 
/inquire 
recv from player 8888: fold 


send inquire msg to player 6666(seat:6) 
inquire/ 
8888 1980 2000 0 fold 
7777 2000 2000 0 fold 
3333 2346 2000 0 fold 
2222 1714 2000 0 fold 
4444 1960 2000 40 blind 
5555 2060 2000 20 blind 
total pot: 60 
/inquire 
recv from player 6666: call 


send inquire msg to player 1111(seat:7) 
inquire/ 
6666 1900 2000 40 call 
8888 1980 2000 0 fold 
7777 2000 2000 0 fold 
3333 2346 2000 0 fold 
2222 1714 2000 0 fold 
4444 1960 2000 40 blind 
5555 2060 2000 20 blind 
total pot: 100 
/inquire 
recv from player 1111: raise 70


send inquire msg to player 5555(seat:0) 
inquire/ 
1111 1830 2000 110 raise 
6666 1900 2000 40 call 
8888 1980 2000 0 fold 
7777 2000 2000 0 fold 
3333 2346 2000 0 fold 
2222 1714 2000 0 fold 
4444 1960 2000 40 blind 
5555 2060 2000 20 blind 
total pot: 210 
/inquire 
recv from player 5555: fold 


send inquire msg to player 4444(seat:1) 
inquire/ 
5555 2060 2000 20 fold 
1111 1830 2000 110 raise 
6666 1900 2000 40 call 
8888 1980 2000 0 fold 
7777 2000 2000 0 fold 
3333 2346 2000 0 fold 
2222 1714 2000 0 fold 
4444 1960 2000 40 blind 
total pot: 210 
/inquire 
recv from player 4444: fold


player 2222(seat:2) doesn't need notify-msg

player 3333(seat:3) doesn't need notify-msg

send notify msg to player 7777(seat:4) 
notify/ 
3333 2346 2000 0 fold 
2222 1714 2000 0 fold 
4444 1960 2000 40 fold 
5555 2060 2000 20 fold 
1111 1830 2000 110 raise 
6666 1900 2000 40 call 
8888 1980 2000 0 fold 
7777 2000 2000 0 fold 
total pot: 210 
/notify 

send notify msg to player 8888(seat:5) 
notify/ 
7777 2000 2000 0 fold 
3333 2346 2000 0 fold 
2222 1714 2000 0 fold 
4444 1960 2000 40 fold 
5555 2060 2000 20 fold 
1111 1830 2000 110 raise 
6666 1900 2000 40 call 
8888 1980 2000 0 fold 
total pot: 210 
/notify 

send inquire msg to player 6666(seat:6) 
inquire/ 
8888 1980 2000 0 fold 
7777 2000 2000 0 fold 
3333 2346 2000 0 fold 
2222 1714 2000 0 fold 
4444 1960 2000 40 fold 
5555 2060 2000 20 fold 
1111 1830 2000 110 raise 
6666 1900 2000 40 call 
total pot: 210 
/inquire 
recv from player 6666: call 

valid player: 8, all in player: 0, fold player: 6

----- send notify msg from 7 to 0(exclude) -----

send notify msg to player 1111(seat:7) 
notify/ 
6666 1830 2000 110 call 
8888 1980 2000 0 fold 
7777 2000 2000 0 fold 
3333 2346 2000 0 fold 
2222 1714 2000 0 fold 
4444 1960 2000 40 fold 
5555 2060 2000 20 fold 
1111 1830 2000 110 raise 
total pot: 280 
/notify 
flop/ 
SPADES 3 
HEARTS 9 
DIAMONDS 10 
/flop 

---flop round bet---
valid player: 8, all in player: 0, fold player: 6

player 5555(seat:0) doesn't need notify-msg

player 4444(seat:1) doesn't need notify-msg

player 2222(seat:2) doesn't need notify-msg

player 3333(seat:3) doesn't need notify-msg

send notify msg to player 7777(seat:4) 
notify/ 
3333 2346 2000 0 fold 
2222 1714 2000 0 fold 
4444 1960 2000 40 fold 
5555 2060 2000 20 fold 
1111 1830 2000 110 raise 
6666 1830 2000 110 call 
8888 1980 2000 0 fold 
7777 2000 2000 0 fold 
total pot: 280 
/notify 

send notify msg to player 8888(seat:5) 
notify/ 
7777 2000 2000 0 fold 
3333 2346 2000 0 fold 
2222 1714 2000 0 fold 
4444 1960 2000 40 fold 
5555 2060 2000 20 fold 
1111 1830 2000 110 raise 
6666 1830 2000 110 call 
8888 1980 2000 0 fold 
total pot: 280 
/notify 

send inquire msg to player 6666(seat:6) 
inquire/ 
8888 1980 2000 0 fold 
7777 2000 2000 0 fold 
3333 2346 2000 0 fold 
2222 1714 2000 0 fold 
4444 1960 2000 40 fold 
5555 2060 2000 20 fold 
1111 1830 2000 110 raise 
6666 1830 2000 110 call 
total pot: 280 
/inquire 
recv from player 6666: call 


send inquire msg to player 1111(seat:7) 
inquire/ 
6666 1830 2000 110 check 
8888 1980 2000 0 fold 
7777 2000 2000 0 fold 
3333 2346 2000 0 fold 
2222 1714 2000 0 fold 
4444 1960 2000 40 fold 
5555 2060 2000 20 fold 
1111 1830 2000 110 raise 
total pot: 280 
/inquire 
recv from player 1111: raise 201


player 5555(seat:0) doesn't need notify-msg

player 4444(seat:1) doesn't need notify-msg

player 2222(seat:2) doesn't need notify-msg

player 3333(seat:3) doesn't need notify-msg

send notify msg to player 7777(seat:4) 
notify/ 
3333 2346 2000 0 fold 
2222 1714 2000 0 fold 
4444 1960 2000 40 fold 
5555 2060 2000 20 fold 
1111 1629 2000 311 raise 
6666 1830 2000 110 check 
8888 1980 2000 0 fold 
7777 2000 2000 0 fold 
total pot: 481 
/notify 

send notify msg to player 8888(seat:5) 
notify/ 
7777 2000 2000 0 fold 
3333 2346 2000 0 fold 
2222 1714 2000 0 fold 
4444 1960 2000 40 fold 
5555 2060 2000 20 fold 
1111 1629 2000 311 raise 
6666 1830 2000 110 check 
8888 1980 2000 0 fold 
total pot: 481 
/notify 

send inquire msg to player 6666(seat:6) 
inquire/ 
8888 1980 2000 0 fold 
7777 2000 2000 0 fold 
3333 2346 2000 0 fold 
2222 1714 2000 0 fold 
4444 1960 2000 40 fold 
5555 2060 2000 20 fold 
1111 1629 2000 311 raise 
6666 1830 2000 110 check 
total pot: 481 
/inquire 
recv from player 6666: fold 

valid player: 8, all in player: 0, fold player: 7

----- send notify msg from 7 to 6(exclude) -----

send notify msg to player 1111(seat:7) 
notify/ 
6666 1830 2000 110 fold 
8888 1980 2000 0 fold 
7777 2000 2000 0 fold 
3333 2346 2000 0 fold 
2222 1714 2000 0 fold 
4444 1960 2000 40 fold 
5555 2060 2000 20 fold 
1111 1629 2000 311 raise 
total pot: 481 
/notify 

player 5555(seat:0) doesn't need notify-msg

player 4444(seat:1) doesn't need notify-msg

player 2222(seat:2) doesn't need notify-msg

player 3333(seat:3) doesn't need notify-msg

send notify msg to player 7777(seat:4) 
notify/ 
3333 2346 2000 0 fold 
2222 1714 2000 0 fold 
4444 1960 2000 40 fold 
5555 2060 2000 20 fold 
1111 1629 2000 311 raise 
6666 1830 2000 110 fold 
8888 1980 2000 0 fold 
7777 2000 2000 0 fold 
total pot: 481 
/notify 

send notify msg to player 8888(seat:5) 
notify/ 
7777 2000 2000 0 fold 
3333 2346 2000 0 fold 
2222 1714 2000 0 fold 
4444 1960 2000 40 fold 
5555 2060 2000 20 fold 
1111 1629 2000 311 raise 
6666 1830 2000 110 fold 
8888 1980 2000 0 fold 
total pot: 481 
/notify 

---turn round bet---
valid player: 8, all in player: 0, fold player: 7

---river round bet---
valid player: 8, all in player: 0, fold player: 7

--- 1 players not fold, don't need show down---

---Allocate pot---
Only player at seat 7 not fold, win all the pot 481
pot-win/ 
1111: 481 
/pot-win 
it is player 5555's turn to be button

-----5 Hand-----

----- clean player data in socket -----
seat/ 
button: 5555 2060 2000 
small blind: 4444 1960 2000 
big blind: 2222 1714 2000 
3333 2346 2000 
7777 2000 2000 
8888 1980 2000 
6666 1830 2000 
1111 2110 2000 
/seat 
blind/ 
4444: 20 
2222: 40 
/blind 
player 4444:hold/ 
SPADES 4 
CLUBS J 
/hold 
player 2222:hold/ 
CLUBS 10 
DIAMONDS 4 
/hold 
player 3333:hold/ 
HEARTS K 
SPADES 8 
/hold 
player 7777:hold/ 
SPADES Q 
CLUBS 8 
/hold 
player 8888:hold/ 
DIAMONDS 8 
CLUBS 2 
/hold 
player 6666:hold/ 
CLUBS 7 
DIAMONDS 10 
/hold 
player 1111:hold/ 
SPADES 6 
HEARTS J 
/hold 
player 5555:hold/ 
SPADES A 
SPADES 9 
/hold 

---pre flop round bet---
valid player: 8, all in player: 0, fold player: 0

send inquire msg to player 3333(seat:2) 
inquire/ 
2222 1674 2000 40 blind 
4444 1940 2000 20 blind 
total pot: 60 
/inquire 
recv from player 3333: fold 


send inquire msg to player 7777(seat:3) 
inquire/ 
3333 2346 2000 0 fold 
2222 1674 2000 40 blind 
4444 1940 2000 20 blind 
total pot: 60 
/inquire 
recv from player 7777: fold 


send inquire msg to player 8888(seat:4) 
inquire/ 
7777 2000 2000 0 fold 
3333 2346 2000 0 fold 
2222 1674 2000 40 blind 
4444 1940 2000 20 blind 
total pot: 60 
/inquire 
recv from player 8888: fold 


send inquire msg to player 6666(seat:5) 
inquire/ 
8888 1980 2000 0 fold 
7777 2000 2000 0 fold 
3333 2346 2000 0 fold 
2222 1674 2000 40 blind 
4444 1940 2000 20 blind 
total pot: 60 
/inquire 
recv from player 6666: fold 


send inquire msg to player 1111(seat:6) 
inquire/ 
6666 1830 2000 0 fold 
8888 1980 2000 0 fold 
7777 2000 2000 0 fold 
3333 2346 2000 0 fold 
2222 1674 2000 40 blind 
4444 1940 2000 20 blind 
total pot: 60 
/inquire 
recv from player 1111: raise 66


send inquire msg to player 5555(seat:7) 
inquire/ 
1111 2004 2000 106 raise 
6666 1830 2000 0 fold 
8888 1980 2000 0 fold 
7777 2000 2000 0 fold 
3333 2346 2000 0 fold 
2222 1674 2000 40 blind 
4444 1940 2000 20 blind 
total pot: 166 
/inquire 
recv from player 5555: call 


send inquire msg to player 4444(seat:0) 
inquire/ 
5555 1954 2000 106 call 
1111 2004 2000 106 raise 
6666 1830 2000 0 fold 
8888 1980 2000 0 fold 
7777 2000 2000 0 fold 
3333 2346 2000 0 fold 
2222 1674 2000 40 blind 
4444 1940 2000 20 blind 
total pot: 272 
/inquire 
recv from player 4444: fold


send inquire msg to player 2222(seat:1) 
inquire/ 
4444 1940 2000 20 fold 
5555 1954 2000 106 call 
1111 2004 2000 106 raise 
6666 1830 2000 0 fold 
8888 1980 2000 0 fold 
7777 2000 2000 0 fold 
3333 2346 2000 0 fold 
2222 1674 2000 40 blind 
total pot: 272 
/inquire 
recv from player 2222: fold 

valid player: 8, all in player: 0, fold player: 6

----- send notify msg from 7 to 0(exclude) -----

player 5555(seat:7) doesn't need notify-msg
flop/ 
DIAMONDS 3 
DIAMONDS 2 
HEARTS 5 
/flop 

---flop round bet---
valid player: 8, all in player: 0, fold player: 6

player 4444(seat:0) doesn't need notify-msg

player 2222(seat:1) doesn't need notify-msg

player 3333(seat:2) doesn't need notify-msg

send notify msg to player 7777(seat:3) 
notify/ 
3333 2346 2000 0 fold 
2222 1674 2000 40 fold 
4444 1940 2000 20 fold 
5555 1954 2000 106 call 
1111 2004 2000 106 raise 
6666 1830 2000 0 fold 
8888 1980 2000 0 fold 
7777 2000 2000 0 fold 
total pot: 272 
/notify 

send notify msg to player 8888(seat:4) 
notify/ 
7777 2000 2000 0 fold 
3333 2346 2000 0 fold 
2222 1674 2000 40 fold 
4444 1940 2000 20 fold 
5555 1954 2000 106 call 
1111 2004 2000 106 raise 
6666 1830 2000 0 fold 
8888 1980 2000 0 fold 
total pot: 272 
/notify 

send notify msg to player 6666(seat:5) 
notify/ 
8888 1980 2000 0 fold 
7777 2000 2000 0 fold 
3333 2346 2000 0 fold 
2222 1674 2000 40 fold 
4444 1940 2000 20 fold 
5555 1954 2000 106 call 
1111 2004 2000 106 raise 
6666 1830 2000 0 fold 
total pot: 272 
/notify 

send inquire msg to player 1111(seat:6) 
inquire/ 
6666 1830 2000 0 fold 
8888 1980 2000 0 fold 
7777 2000 2000 0 fold 
3333 2346 2000 0 fold 
2222 1674 2000 40 fold 
4444 1940 2000 20 fold 
5555 1954 2000 106 call 
1111 2004 2000 106 raise 
total pot: 272 
/inquire 
recv from player 1111: check 

send inquire msg to player 5555(seat:7) 
inquire/ 
1111 2004 2000 106 check 
6666 1830 2000 0 fold 
8888 1980 2000 0 fold 
7777 2000 2000 0 fold 
3333 2346 2000 0 fold 
2222 1674 2000 40 fold 
4444 1940 2000 20 fold 
5555 1954 2000 106 call 
total pot: 272 
/inquire 
recv from player 5555: call 

valid player: 8, all in player: 0, fold player: 6

----- send notify msg from 0 to 0(exclude) -----
turn/ 
SPADES K 
/turn 

---turn round bet---
valid player: 8, all in player: 0, fold player: 6

player 4444(seat:0) doesn't need notify-msg

player 2222(seat:1) doesn't need notify-msg

player 3333(seat:2) doesn't need notify-msg

send notify msg to player 7777(seat:3) 
notify/ 
3333 2346 2000 0 fold 
2222 1674 2000 40 fold 
4444 1940 2000 20 fold 
5555 1954 2000 106 check 
1111 2004 2000 106 check 
6666 1830 2000 0 fold 
8888 1980 2000 0 fold 
7777 2000 2000 0 fold 
total pot: 272 
/notify 

send notify msg to player 8888(seat:4) 
notify/ 
7777 2000 2000 0 fold 
3333 2346 2000 0 fold 
2222 1674 2000 40 fold 
4444 1940 2000 20 fold 
5555 1954 2000 106 check 
1111 2004 2000 106 check 
6666 1830 2000 0 fold 
8888 1980 2000 0 fold 
total pot: 272 
/notify 

send notify msg to player 6666(seat:5) 
notify/ 
8888 1980 2000 0 fold 
7777 2000 2000 0 fold 
3333 2346 2000 0 fold 
2222 1674 2000 40 fold 
4444 1940 2000 20 fold 
5555 1954 2000 106 check 
1111 2004 2000 106 check 
6666 1830 2000 0 fold 
total pot: 272 
/notify 

send inquire msg to player 1111(seat:6) 
inquire/ 
6666 1830 2000 0 fold 
8888 1980 2000 0 fold 
7777 2000 2000 0 fold 
3333 2346 2000 0 fold 
2222 1674 2000 40 fold 
4444 1940 2000 20 fold 
5555 1954 2000 106 check 
1111 2004 2000 106 check 
total pot: 272 
/inquire 
recv from player 1111: raise 201


send inquire msg to player 5555(seat:7) 
inquire/ 
1111 1803 2000 307 raise 
6666 1830 2000 0 fold 
8888 1980 2000 0 fold 
7777 2000 2000 0 fold 
3333 2346 2000 0 fold 
2222 1674 2000 40 fold 
4444 1940 2000 20 fold 
5555 1954 2000 106 check 
total pot: 473 
/inquire 
recv from player 5555: fold 

valid player: 8, all in player: 0, fold player: 7

----- send notify msg from 0 to 7(exclude) -----

player 4444(seat:0) doesn't need notify-msg

player 2222(seat:1) doesn't need notify-msg

player 3333(seat:2) doesn't need notify-msg

send notify msg to player 7777(seat:3) 
notify/ 
3333 2346 2000 0 fold 
2222 1674 2000 40 fold 
4444 1940 2000 20 fold 
5555 1954 2000 106 fold 
1111 1803 2000 307 raise 
6666 1830 2000 0 fold 
8888 1980 2000 0 fold 
7777 2000 2000 0 fold 
total pot: 473 
/notify 

send notify msg to player 8888(seat:4) 
notify/ 
7777 2000 2000 0 fold 
3333 2346 2000 0 fold 
2222 1674 2000 40 fold 
4444 1940 2000 20 fold 
5555 1954 2000 106 fold 
1111 1803 2000 307 raise 
6666 1830 2000 0 fold 
8888 1980 2000 0 fold 
total pot: 473 
/notify 

send notify msg to player 6666(seat:5) 
notify/ 
8888 1980 2000 0 fold 
7777 2000 2000 0 fold 
3333 2346 2000 0 fold 
2222 1674 2000 40 fold 
4444 1940 2000 20 fold 
5555 1954 2000 106 fold 
1111 1803 2000 307 raise 
6666 1830 2000 0 fold 
total pot: 473 
/notify 

send notify msg to player 1111(seat:6) 
notify/ 
6666 1830 2000 0 fold 
8888 1980 2000 0 fold 
7777 2000 2000 0 fold 
3333 2346 2000 0 fold 
2222 1674 2000 40 fold 
4444 1940 2000 20 fold 
5555 1954 2000 106 fold 
1111 1803 2000 307 raise 
total pot: 473 
/notify 

---river round bet---
valid player: 8, all in player: 0, fold player: 7

--- 1 players not fold, don't need show down---

---Allocate pot---
Only player at seat 6 not fold, win all the pot 473
pot-win/ 
1111: 473 
/pot-win 
it is player 4444's turn to be button

-----6 Hand-----

----- clean player data in socket -----
seat/ 
button: 4444 1940 2000 
small blind: 2222 1674 2000 
big blind: 3333 2346 2000 
7777 2000 2000 
8888 1980 2000 
6666 1830 2000 
1111 2276 2000 
5555 1954 2000 
/seat 
blind/ 
2222: 20 
3333: 40 
/blind 
player 2222:hold/ 
HEARTS 3 
HEARTS 9 
/hold 
player 3333:hold/ 
HEARTS K 
CLUBS 9 
/hold 
player 7777:hold/ 
SPADES A 
SPADES 7 
/hold 
player 8888:hold/ 
CLUBS A 
HEARTS 10 
/hold 
player 6666:hold/ 
HEARTS 7 
DIAMONDS 9 
/hold 
player 1111:hold/ 
SPADES Q 
DIAMONDS 10 
/hold 
player 5555:hold/ 
SPADES 5 
SPADES 8 
/hold 
player 4444:hold/ 
SPADES 3 
DIAMONDS 5 
/hold 

---pre flop round bet---
valid player: 8, all in player: 0, fold player: 0

send inquire msg to player 7777(seat:2) 
inquire/ 
3333 2306 2000 40 blind 
2222 1654 2000 20 blind 
total pot: 60 
/inquire 
recv from player 7777: call 


send inquire msg to player 8888(seat:3) 
inquire/ 
7777 1960 2000 40 call 
3333 2306 2000 40 blind 
2222 1654 2000 20 blind 
total pot: 100 
/inquire 
recv from player 8888: call 


send inquire msg to player 6666(seat:4) 
inquire/ 
8888 1940 2000 40 call 
7777 1960 2000 40 call 
3333 2306 2000 40 blind 
2222 1654 2000 20 blind 
total pot: 140 
/inquire 
recv from player 6666: call 


send inquire msg to player 1111(seat:5) 
inquire/ 
6666 1790 2000 40 call 
8888 1940 2000 40 call 
7777 1960 2000 40 call 
3333 2306 2000 40 blind 
2222 1654 2000 20 blind 
total pot: 180 
/inquire 
recv from player 1111: call 

send inquire msg to player 5555(seat:6) 
inquire/ 
1111 2236 2000 40 call 
6666 1790 2000 40 call 
8888 1940 2000 40 call 
7777 1960 2000 40 call 
3333 2306 2000 40 blind 
2222 1654 2000 20 blind 
total pot: 220 
/inquire 
recv from player 5555: call 


send inquire msg to player 4444(seat:7) 
inquire/ 
5555 1914 2000 40 call 
1111 2236 2000 40 call 
6666 1790 2000 40 call 
8888 1940 2000 40 call 
7777 1960 2000 40 call 
3333 2306 2000 40 blind 
2222 1654 2000 20 blind 
total pot: 260 
/inquire 
recv from player 4444: fold


send inquire msg to player 2222(seat:0) 
inquire/ 
4444 1940 2000 0 fold 
5555 1914 2000 40 call 
1111 2236 2000 40 call 
6666 1790 2000 40 call 
8888 1940 2000 40 call 
7777 1960 2000 40 call 
3333 2306 2000 40 blind 
2222 1654 2000 20 blind 
total pot: 260 
/inquire 
recv from player 2222: call 


send inquire msg to player 3333(seat:1) 
inquire/ 
2222 1634 2000 40 call 
4444 1940 2000 0 fold 
5555 1914 2000 40 call 
1111 2236 2000 40 call 
6666 1790 2000 40 call 
8888 1940 2000 40 call 
7777 1960 2000 40 call 
3333 2306 2000 40 blind 
total pot: 280 
/inquire 
recv from player 3333: raise 83 


send inquire msg to player 7777(seat:2) 
inquire/ 
3333 2223 2000 123 raise 
2222 1634 2000 40 call 
4444 1940 2000 0 fold 
5555 1914 2000 40 call 
1111 2236 2000 40 call 
6666 1790 2000 40 call 
8888 1940 2000 40 call 
7777 1960 2000 40 call 
total pot: 363 
/inquire 
recv from player 7777: fold 


send inquire msg to player 8888(seat:3) 
inquire/ 
7777 1960 2000 40 fold 
3333 2223 2000 123 raise 
2222 1634 2000 40 call 
4444 1940 2000 0 fold 
5555 1914 2000 40 call 
1111 2236 2000 40 call 
6666 1790 2000 40 call 
8888 1940 2000 40 call 
total pot: 363 
/inquire 
recv from player 8888: call 


send inquire msg to player 6666(seat:4) 
inquire/ 
8888 1857 2000 123 call 
7777 1960 2000 40 fold 
3333 2223 2000 123 raise 
2222 1634 2000 40 call 
4444 1940 2000 0 fold 
5555 1914 2000 40 call 
1111 2236 2000 40 call 
6666 1790 2000 40 call 
total pot: 446 
/inquire 
recv from player 6666: fold 


send inquire msg to player 1111(seat:5) 
inquire/ 
6666 1790 2000 40 fold 
8888 1857 2000 123 call 
7777 1960 2000 40 fold 
3333 2223 2000 123 raise 
2222 1634 2000 40 call 
4444 1940 2000 0 fold 
5555 1914 2000 40 call 
1111 2236 2000 40 call 
total pot: 446 
/inquire 
recv from player 1111: call 

send inquire msg to player 5555(seat:6) 
inquire/ 
1111 2153 2000 123 call 
6666 1790 2000 40 fold 
8888 1857 2000 123 call 
7777 1960 2000 40 fold 
3333 2223 2000 123 raise 
2222 1634 2000 40 call 
4444 1940 2000 0 fold 
5555 1914 2000 40 call 
total pot: 529 
/inquire 
recv from player 5555: fold 


player 4444(seat:7) doesn't need notify-msg

send inquire msg to player 2222(seat:0) 
inquire/ 
4444 1940 2000 0 fold 
5555 1914 2000 40 fold 
1111 2153 2000 123 call 
6666 1790 2000 40 fold 
8888 1857 2000 123 call 
7777 1960 2000 40 fold 
3333 2223 2000 123 raise 
2222 1634 2000 40 call 
total pot: 529 
/inquire 
recv from player 2222: fold 

valid player: 8, all in player: 0, fold player: 5

----- send notify msg from 2 to 0(exclude) -----

send notify msg to player 7777(seat:2) 
notify/ 
3333 2223 2000 123 raise 
2222 1634 2000 40 fold 
4444 1940 2000 0 fold 
5555 1914 2000 40 fold 
1111 2153 2000 123 call 
6666 1790 2000 40 fold 
8888 1857 2000 123 call 
7777 1960 2000 40 fold 
total pot: 529 
/notify 

send notify msg to player 8888(seat:3) 
notify/ 
7777 1960 2000 40 fold 
3333 2223 2000 123 raise 
2222 1634 2000 40 fold 
4444 1940 2000 0 fold 
5555 1914 2000 40 fold 
1111 2153 2000 123 call 
6666 1790 2000 40 fold 
8888 1857 2000 123 call 
total pot: 529 
/notify 

send notify msg to player 6666(seat:4) 
notify/ 
8888 1857 2000 123 call 
7777 1960 2000 40 fold 
3333 2223 2000 123 raise 
2222 1634 2000 40 fold 
4444 1940 2000 0 fold 
5555 1914 2000 40 fold 
1111 2153 2000 123 call 
6666 1790 2000 40 fold 
total pot: 529 
/notify 

send notify msg to player 1111(seat:5) 
notify/ 
6666 1790 2000 40 fold 
8888 1857 2000 123 call 
7777 1960 2000 40 fold 
3333 2223 2000 123 raise 
2222 1634 2000 40 fold 
4444 1940 2000 0 fold 
5555 1914 2000 40 fold 
1111 2153 2000 123 call 
total pot: 529 
/notify 

player 5555(seat:6) doesn't need notify-msg

player 4444(seat:7) doesn't need notify-msg
flop/ 
DIAMONDS 4 
CLUBS 3 
CLUBS 4 
/flop 

---flop round bet---
valid player: 8, all in player: 0, fold player: 5

player 2222(seat:0) doesn't need notify-msg

send inquire msg to player 3333(seat:1) 
inquire/ 
2222 1634 2000 40 fold 
4444 1940 2000 0 fold 
5555 1914 2000 40 fold 
1111 2153 2000 123 call 
6666 1790 2000 40 fold 
8888 1857 2000 123 call 
7777 1960 2000 40 fold 
3333 2223 2000 123 raise 
total pot: 529 
/inquire 
recv from player 3333: raise 83 


send notify msg to player 7777(seat:2) 
notify/ 
3333 2140 2000 206 raise 
2222 1634 2000 40 fold 
4444 1940 2000 0 fold 
5555 1914 2000 40 fold 
1111 2153 2000 123 call 
6666 1790 2000 40 fold 
8888 1857 2000 123 call 
7777 1960 2000 40 fold 
total pot: 612 
/notify 
find residue data from player 8888, data size 6

send inquire msg to player 8888(seat:3) 
inquire/ 
7777 1960 2000 40 fold 
3333 2140 2000 206 raise 
2222 1634 2000 40 fold 
4444 1940 2000 0 fold 
5555 1914 2000 40 fold 
1111 2153 2000 123 call 
6666 1790 2000 40 fold 
8888 1857 2000 123 call 
total pot: 612 
/inquire 
recv from player 8888: fold 


send notify msg to player 6666(seat:4) 
notify/ 
8888 1857 2000 123 fold 
7777 1960 2000 40 fold 
3333 2140 2000 206 raise 
2222 1634 2000 40 fold 
4444 1940 2000 0 fold 
5555 1914 2000 40 fold 
1111 2153 2000 123 call 
6666 1790 2000 40 fold 
total pot: 612 
/notify 

send inquire msg to player 1111(seat:5) 
inquire/ 
6666 1790 2000 40 fold 
8888 1857 2000 123 fold 
7777 1960 2000 40 fold 
3333 2140 2000 206 raise 
2222 1634 2000 40 fold 
4444 1940 2000 0 fold 
5555 1914 2000 40 fold 
1111 2153 2000 123 call 
total pot: 612 
/inquire 
recv from player 1111: fold 
valid player: 8, all in player: 0, fold player: 7

----- send notify msg from 6 to 5(exclude) -----

player 5555(seat:6) doesn't need notify-msg

player 4444(seat:7) doesn't need notify-msg

player 2222(seat:0) doesn't need notify-msg

player 3333(seat:1) doesn't need notify-msg

