

===VERSION 1.24===
---GAME START @ 2015-5-24-19-17-58---

wait registration for 30 seconds
reg: 2222 new 
reg: 3333 DSB  reg: 6666 Ty_lxx 
reg: 5555 DSB  reg: 1111 _tomjerrydavi need_notify 
reg: 8888 Ty_lxx 
reg: 4444 _tomjerrydavi need_notify 
reg: 7777 cleverbot need_notify 
close registration

-----1 Hand-----

----- clean player data in socket -----
seat/ 
button: 1111 2000 2000 
small blind: 4444 2000 2000 
big blind: 6666 2000 2000 
8888 2000 2000 
3333 2000 2000 
5555 2000 2000 
2222 2000 2000 
7777 2000 2000 
/seat 
blind/ 
4444: 20 
6666: 40 
/blind 
player 4444:hold/ 
SPADES 8 
DIAMONDS 8 
/hold 
player 6666:hold/ 
CLUBS J 
HEARTS 6 
/hold 
player 8888:hold/ 
DIAMONDS J 
CLUBS A 
/hold 
player 3333:hold/ 
SPADES J 
HEARTS 7 
/hold 
player 5555:hold/ 
CLUBS 9 
DIAMONDS 4 
/hold 
player 2222:hold/ 
DIAMONDS 7 
DIAMONDS 5 
/hold 
player 7777:hold/ 
HEARTS 9 
CLUBS 4 
/hold 
player 1111:hold/ 
HEARTS 10 
SPADES Q 
/hold 

---pre flop round bet---
valid player: 8, all in player: 0, fold player: 0
send inquire msg to player 8888 
inquire/ 
6666 1960 2000 40 blind 
4444 1980 2000 20 blind 
total pot: 60 
/inquire 
recv from player 8888: fold 

send inquire msg to player 3333 
inquire/ 
8888 2000 2000 0 fold 
6666 1960 2000 40 blind 
4444 1980 2000 20 blind 
total pot: 60 
/inquire 
recv from player 3333: call 
send inquire msg to player 5555 
inquire/ 
3333 1960 2000 40 call 
8888 2000 2000 0 fold 
6666 1960 2000 40 blind 
4444 1980 2000 20 blind 
total pot: 100 
/inquire 
recv from player 5555: call 
send inquire msg to player 2222 
inquire/ 
5555 1960 2000 40 call 
3333 1960 2000 40 call 
8888 2000 2000 0 fold 
6666 1960 2000 40 blind 
4444 1980 2000 20 blind 
total pot: 140 
/inquire 
recv from player 2222: fold 

send inquire msg to player 7777 
inquire/ 
2222 2000 2000 0 fold 
5555 1960 2000 40 call 
3333 1960 2000 40 call 
8888 2000 2000 0 fold 
6666 1960 2000 40 blind 
4444 1980 2000 20 blind 
total pot: 140 
/inquire 
recv from player 7777: fold 

send inquire msg to player 1111 
inquire/ 
7777 2000 2000 0 fold 
2222 2000 2000 0 fold 
5555 1960 2000 40 call 
3333 1960 2000 40 call 
8888 2000 2000 0 fold 
6666 1960 2000 40 blind 
4444 1980 2000 20 blind 
total pot: 140 
/inquire 
recv from player 1111: call 

send inquire msg to player 4444 
inquire/ 
1111 1960 2000 40 call 
7777 2000 2000 0 fold 
2222 2000 2000 0 fold 
5555 1960 2000 40 call 
3333 1960 2000 40 call 
8888 2000 2000 0 fold 
6666 1960 2000 40 blind 
4444 1980 2000 20 blind 
total pot: 180 
/inquire 
recv from player 4444: raise 60 

send inquire msg to player 6666 
inquire/ 
4444 1900 2000 100 raise 
1111 1960 2000 40 call 
7777 2000 2000 0 fold 
2222 2000 2000 0 fold 
5555 1960 2000 40 call 
3333 1960 2000 40 call 
8888 2000 2000 0 fold 
6666 1960 2000 40 blind 
total pot: 260 
/inquire 
recv from player 6666: fold 

send inquire msg to player 3333 
inquire/ 
8888 2000 2000 0 fold 
6666 1960 2000 40 fold 
4444 1900 2000 100 raise 
1111 1960 2000 40 call 
7777 2000 2000 0 fold 
2222 2000 2000 0 fold 
5555 1960 2000 40 call 
3333 1960 2000 40 call 
total pot: 260 
/inquire 
recv from player 3333: call 
send inquire msg to player 5555 
inquire/ 
3333 1900 2000 100 call 
8888 2000 2000 0 fold 
6666 1960 2000 40 fold 
4444 1900 2000 100 raise 
1111 1960 2000 40 call 
7777 2000 2000 0 fold 
2222 2000 2000 0 fold 
5555 1960 2000 40 call 
total pot: 320 
/inquire 
recv from player 5555: call 
send notify msg to player 7777 
notify/ 
2222 2000 2000 0 fold 
5555 1900 2000 100 call 
3333 1900 2000 100 call 
8888 2000 2000 0 fold 
6666 1960 2000 40 fold 
4444 1900 2000 100 raise 
1111 1960 2000 40 call 
7777 2000 2000 0 fold 
total pot: 380 
/notify 
send inquire msg to player 1111 
inquire/ 
7777 2000 2000 0 fold 
2222 2000 2000 0 fold 
5555 1900 2000 100 call 
3333 1900 2000 100 call 
8888 2000 2000 0 fold 
6666 1960 2000 40 fold 
4444 1900 2000 100 raise 
1111 1960 2000 40 call 
total pot: 380 
/inquire 
recv from player 1111: fold 

flop/ 
DIAMONDS 3 
DIAMONDS 9 
SPADES A 
/flop 

---flop round bet---
valid player: 8, all in player: 0, fold player: 5
send inquire msg to player 4444 
inquire/ 
1111 1960 2000 40 fold 
7777 2000 2000 0 fold 
2222 2000 2000 0 fold 
5555 1900 2000 100 call 
3333 1900 2000 100 call 
8888 2000 2000 0 fold 
6666 1960 2000 40 fold 
4444 1900 2000 100 raise 
total pot: 380 
/inquire 
recv from player 4444: raise 40 

send inquire msg to player 3333 
inquire/ 
8888 2000 2000 0 fold 
6666 1960 2000 40 fold 
4444 1860 2000 140 raise 
1111 1960 2000 40 fold 
7777 2000 2000 0 fold 
2222 2000 2000 0 fold 
5555 1900 2000 100 call 
3333 1900 2000 100 call 
total pot: 420 
/inquire 
recv from player 3333: fold 
send inquire msg to player 5555 
inquire/ 
3333 1900 2000 100 fold 
8888 2000 2000 0 fold 
6666 1960 2000 40 fold 
4444 1860 2000 140 raise 
1111 1960 2000 40 fold 
7777 2000 2000 0 fold 
2222 2000 2000 0 fold 
5555 1900 2000 100 call 
total pot: 420 
/inquire 
recv from player 5555: call 
turn/ 
HEARTS 3 
/turn 

---turn round bet---
valid player: 8, all in player: 0, fold player: 6
send inquire msg to player 4444 
inquire/ 
1111 1960 2000 40 fold 
7777 2000 2000 0 fold 
2222 2000 2000 0 fold 
5555 1860 2000 140 call 
3333 1900 2000 100 fold 
8888 2000 2000 0 fold 
6666 1960 2000 40 fold 
4444 1860 2000 140 raise 
total pot: 460 
/inquire 
recv from player 4444: raise 40 

send inquire msg to player 5555 
inquire/ 
3333 1900 2000 100 fold 
8888 2000 2000 0 fold 
6666 1960 2000 40 fold 
4444 1820 2000 180 raise 
1111 1960 2000 40 fold 
7777 2000 2000 0 fold 
2222 2000 2000 0 fold 
5555 1860 2000 140 call 
total pot: 500 
/inquire 
recv from player 5555: call 
river/ 
SPADES 9 
/river 

---river round bet---
valid player: 8, all in player: 0, fold player: 6
send inquire msg to player 4444 
inquire/ 
1111 1960 2000 40 fold 
7777 2000 2000 0 fold 
2222 2000 2000 0 fold 
5555 1820 2000 180 call 
3333 1900 2000 100 fold 
8888 2000 2000 0 fold 
6666 1960 2000 40 fold 
4444 1820 2000 180 raise 
total pot: 540 
/inquire 
recv from player 4444: raise 40 

send inquire msg to player 5555 
inquire/ 
3333 1900 2000 100 fold 
8888 2000 2000 0 fold 
6666 1960 2000 40 fold 
4444 1780 2000 220 raise 
1111 1960 2000 40 fold 
7777 2000 2000 0 fold 
2222 2000 2000 0 fold 
5555 1820 2000 180 call 
total pot: 580 
/inquire 
recv from player 5555: raise 1000 
send notify msg to player 7777 
notify/ 
2222 2000 2000 0 fold 
5555 780 2000 1220 raise 
3333 1900 2000 100 fold 
8888 2000 2000 0 fold 
6666 1960 2000 40 fold 
4444 1780 2000 220 raise 
1111 1960 2000 40 fold 
7777 2000 2000 0 fold 
total pot: 1620 
/notify 
send notify msg to player 1111 
notify/ 
7777 2000 2000 0 fold 
2222 2000 2000 0 fold 
5555 780 2000 1220 raise 
3333 1900 2000 100 fold 
8888 2000 2000 0 fold 
6666 1960 2000 40 fold 
4444 1780 2000 220 raise 
1111 1960 2000 40 fold 
total pot: 1620 
/notify 
send inquire msg to player 4444 
inquire/ 
1111 1960 2000 40 fold 
7777 2000 2000 0 fold 
2222 2000 2000 0 fold 
5555 780 2000 1220 raise 
3333 1900 2000 100 fold 
8888 2000 2000 0 fold 
6666 1960 2000 40 fold 
4444 1780 2000 220 raise 
total pot: 1620 
/inquire 
recv from player 4444: fold 


----- notify msg last round -----
send notify msg to player 7777 
notify/ 
2222 2000 2000 0 fold 
5555 780 2000 1220 raise 
3333 1900 2000 100 fold 
8888 2000 2000 0 fold 
6666 1960 2000 40 fold 
4444 1780 2000 220 fold 
1111 1960 2000 40 fold 
7777 2000 2000 0 fold 
total pot: 1620 
/notify 
send notify msg to player 1111 
notify/ 
7777 2000 2000 0 fold 
2222 2000 2000 0 fold 
5555 780 2000 1220 raise 
3333 1900 2000 100 fold 
8888 2000 2000 0 fold 
6666 1960 2000 40 fold 
4444 1780 2000 220 fold 
1111 1960 2000 40 fold 
total pot: 1620 
/notify 
send notify msg to player 4444 
notify/ 
1111 1960 2000 40 fold 
7777 2000 2000 0 fold 
2222 2000 2000 0 fold 
5555 780 2000 1220 raise 
3333 1900 2000 100 fold 
8888 2000 2000 0 fold 
6666 1960 2000 40 fold 
4444 1780 2000 220 fold 
total pot: 1620 
/notify 

--- 1 players not fold, don't need show down---

---Allocate pot---
Only player at seat 4 not fold, win all the pot 1620
pot-win/ 
5555: 1620 
/pot-win 
it is player 4444's turn to be button

-----2 Hand-----

----- clean player data in socket -----
seat/ 
button: 4444 1780 2000 
small blind: 6666 1960 2000 
big blind: 8888 2000 2000 
3333 1900 2000 
5555 2400 2000 
2222 2000 2000 
7777 2000 2000 
1111 1960 2000 
/seat 
blind/ 
6666: 20 
8888: 40 
/blind 
player 6666:hold/ 
SPADES 10 
CLUBS 9 
/hold 
player 8888:hold/ 
SPADES J 
HEARTS 2 
/hold 
player 3333:hold/ 
SPADES 2 
SPADES A 
/hold 
player 5555:hold/ 
DIAMONDS 7 
CLUBS J 
/hold 
player 2222:hold/ 
HEARTS 4 
DIAMONDS 3 
/hold 
player 7777:hold/ 
SPADES 3 
HEARTS 5 
/hold 
player 1111:hold/ 
DIAMONDS 4 
HEARTS 9 
/hold 
player 4444:hold/ 
SPADES K 
SPADES 7 
/hold 

---pre flop round bet---
valid player: 8, all in player: 0, fold player: 0
send inquire msg to player 3333 
inquire/ 
8888 1960 2000 40 blind 
6666 1940 2000 20 blind 
total pot: 60 
/inquire 
recv from player 3333: call 
send inquire msg to player 5555 
inquire/ 
3333 1860 2000 40 call 
8888 1960 2000 40 blind 
6666 1940 2000 20 blind 
total pot: 100 
/inquire 
recv from player 5555: call 
send inquire msg to player 2222 
inquire/ 
5555 2360 2000 40 call 
3333 1860 2000 40 call 
8888 1960 2000 40 blind 
6666 1940 2000 20 blind 
total pot: 140 
/inquire 
recv from player 2222: call 

send inquire msg to player 7777 
inquire/ 
2222 1960 2000 40 call 
5555 2360 2000 40 call 
3333 1860 2000 40 call 
8888 1960 2000 40 blind 
6666 1940 2000 20 blind 
total pot: 180 
/inquire 
recv from player 7777: fold 

send inquire msg to player 1111 
inquire/ 
7777 2000 2000 0 fold 
2222 1960 2000 40 call 
5555 2360 2000 40 call 
3333 1860 2000 40 call 
8888 1960 2000 40 blind 
6666 1940 2000 20 blind 
total pot: 180 
/inquire 
recv from player 1111: fold 

send inquire msg to player 4444 
inquire/ 
1111 1960 2000 0 fold 
7777 2000 2000 0 fold 
2222 1960 2000 40 call 
5555 2360 2000 40 call 
3333 1860 2000 40 call 
8888 1960 2000 40 blind 
6666 1940 2000 20 blind 
total pot: 180 
/inquire 
recv from player 4444: call 

send inquire msg to player 6666 
inquire/ 
4444 1740 2000 40 call 
1111 1960 2000 0 fold 
7777 2000 2000 0 fold 
2222 1960 2000 40 call 
5555 2360 2000 40 call 
3333 1860 2000 40 call 
8888 1960 2000 40 blind 
6666 1940 2000 20 blind 
total pot: 220 
/inquire 
recv from player 6666: raise 240 

send inquire msg to player 8888 
inquire/ 
6666 1680 2000 280 raise 
4444 1740 2000 40 call 
1111 1960 2000 0 fold 
7777 2000 2000 0 fold 
2222 1960 2000 40 call 
5555 2360 2000 40 call 
3333 1860 2000 40 call 
8888 1960 2000 40 blind 
total pot: 480 
/inquire 
recv from player 8888: fold 

send inquire msg to player 3333 
inquire/ 
8888 1960 2000 40 fold 
6666 1680 2000 280 raise 
4444 1740 2000 40 call 
1111 1960 2000 0 fold 
7777 2000 2000 0 fold 
2222 1960 2000 40 call 
5555 2360 2000 40 call 
3333 1860 2000 40 call 
total pot: 480 
/inquire 
recv from player 3333: fold 
send inquire msg to player 5555 
inquire/ 
3333 1860 2000 40 fold 
8888 1960 2000 40 fold 
6666 1680 2000 280 raise 
4444 1740 2000 40 call 
1111 1960 2000 0 fold 
7777 2000 2000 0 fold 
2222 1960 2000 40 call 
5555 2360 2000 40 call 
total pot: 480 
/inquire 
recv from player 5555: fold 
send inquire msg to player 2222 
inquire/ 
5555 2360 2000 40 fold 
3333 1860 2000 40 fold 
8888 1960 2000 40 fold 
6666 1680 2000 280 raise 
4444 1740 2000 40 call 
1111 1960 2000 0 fold 
7777 2000 2000 0 fold 
2222 1960 2000 40 call 
total pot: 480 
/inquire 
recv from player 2222: fold 

send notify msg to player 7777 
notify/ 
2222 1960 2000 40 fold 
5555 2360 2000 40 fold 
3333 1860 2000 40 fold 
8888 1960 2000 40 fold 
6666 1680 2000 280 raise 
4444 1740 2000 40 call 
1111 1960 2000 0 fold 
7777 2000 2000 0 fold 
total pot: 480 
/notify 
send notify msg to player 1111 
notify/ 
7777 2000 2000 0 fold 
2222 1960 2000 40 fold 
5555 2360 2000 40 fold 
3333 1860 2000 40 fold 
8888 1960 2000 40 fold 
6666 1680 2000 280 raise 
4444 1740 2000 40 call 
1111 1960 2000 0 fold 
total pot: 480 
/notify 
send inquire msg to player 4444 
inquire/ 
1111 1960 2000 0 fold 
7777 2000 2000 0 fold 
2222 1960 2000 40 fold 
5555 2360 2000 40 fold 
3333 1860 2000 40 fold 
8888 1960 2000 40 fold 
6666 1680 2000 280 raise 
4444 1740 2000 40 call 
total pot: 480 
/inquire 
recv from player 4444: fold 


---flop round bet---
valid player: 8, all in player: 0, fold player: 7

---turn round bet---
valid player: 8, all in player: 0, fold player: 7

---river round bet---
valid player: 8, all in player: 0, fold player: 7

----- notify msg last round -----
send notify msg to player 7777 
notify/ 
2222 1960 2000 40 fold 
5555 2360 2000 40 fold 
3333 1860 2000 40 fold 
8888 1960 2000 40 fold 
6666 1680 2000 280 raise 
4444 1740 2000 40 fold 
1111 1960 2000 0 fold 
7777 2000 2000 0 fold 
total pot: 480 
/notify 
send notify msg to player 1111 
notify/ 
7777 2000 2000 0 fold 
2222 1960 2000 40 fold 
5555 2360 2000 40 fold 
3333 1860 2000 40 fold 
8888 1960 2000 40 fold 
6666 1680 2000 280 raise 
4444 1740 2000 40 fold 
1111 1960 2000 0 fold 
total pot: 480 
/notify 
send notify msg to player 4444 
notify/ 
1111 1960 2000 0 fold 
7777 2000 2000 0 fold 
2222 1960 2000 40 fold 
5555 2360 2000 40 fold 
3333 1860 2000 40 fold 
8888 1960 2000 40 fold 
6666 1680 2000 280 raise 
4444 1740 2000 40 fold 
total pot: 480 
/notify 

--- 1 players not fold, don't need show down---

---Allocate pot---
Only player at seat 0 not fold, win all the pot 480
pot-win/ 
6666: 480 
/pot-win 
it is player 6666's turn to be button

-----3 Hand-----

----- clean player data in socket -----
seat/ 
button: 6666 2160 2000 
small blind: 8888 1960 2000 
big blind: 3333 1860 2000 
5555 2360 2000 
2222 1960 2000 
7777 2000 2000 
1111 1960 2000 
4444 1740 2000 
/seat 
blind/ 
8888: 20 
3333: 40 
/blind 
player 8888:hold/ 
HEARTS 8 
CLUBS K 
/hold 
player 3333:hold/ 
DIAMONDS 3 
CLUBS J 
/hold 
player 5555:hold/ 
HEARTS 5 
SPADES 10 
/hold 
player 2222:hold/ 
DIAMONDS 5 
HEARTS A 
/hold 
player 7777:hold/ 
SPADES 5 
SPADES Q 
/hold 
player 1111:hold/ 
DIAMONDS K 
CLUBS 3 
/hold 
player 4444:hold/ 
DIAMONDS 7 
DIAMONDS 2 
/hold 
player 6666:hold/ 
SPADES 9 
HEARTS K 
/hold 

---pre flop round bet---
valid player: 8, all in player: 0, fold player: 0
send inquire msg to player 5555 
inquire/ 
3333 1820 2000 40 blind 
8888 1940 2000 20 blind 
total pot: 60 
/inquire 
recv from player 5555: call 
send inquire msg to player 2222 
inquire/ 
5555 2320 2000 40 call 
3333 1820 2000 40 blind 
8888 1940 2000 20 blind 
total pot: 100 
/inquire 
recv from player 2222: fold 

send inquire msg to player 7777 
inquire/ 
2222 1960 2000 0 fold 
5555 2320 2000 40 call 
3333 1820 2000 40 blind 
8888 1940 2000 20 blind 
total pot: 100 
/inquire 
recv from player 7777: fold 

send inquire msg to player 1111 
inquire/ 
7777 2000 2000 0 fold 
2222 1960 2000 0 fold 
5555 2320 2000 40 call 
3333 1820 2000 40 blind 
8888 1940 2000 20 blind 
total pot: 100 
/inquire 
recv from player 1111: call 

send inquire msg to player 4444 
inquire/ 
1111 1920 2000 40 call 
7777 2000 2000 0 fold 
2222 1960 2000 0 fold 
5555 2320 2000 40 call 
3333 1820 2000 40 blind 
8888 1940 2000 20 blind 
total pot: 140 
/inquire 
recv from player 4444: fold 

send inquire msg to player 6666 
inquire/ 
4444 1740 2000 0 fold 
1111 1920 2000 40 call 
7777 2000 2000 0 fold 
2222 1960 2000 0 fold 
5555 2320 2000 40 call 
3333 1820 2000 40 blind 
8888 1940 2000 20 blind 
total pot: 140 
/inquire 
recv from player 6666: raise 120 

send inquire msg to player 8888 
inquire/ 
6666 2000 2000 160 raise 
4444 1740 2000 0 fold 
1111 1920 2000 40 call 
7777 2000 2000 0 fold 
2222 1960 2000 0 fold 
5555 2320 2000 40 call 
3333 1820 2000 40 blind 
8888 1940 2000 20 blind 
total pot: 300 
/inquire 
recv from player 8888: fold 

send inquire msg to player 3333 
inquire/ 
8888 1940 2000 20 fold 
6666 2000 2000 160 raise 
4444 1740 2000 0 fold 
1111 1920 2000 40 call 
7777 2000 2000 0 fold 
2222 1960 2000 0 fold 
5555 2320 2000 40 call 
3333 1820 2000 40 blind 
total pot: 300 
/inquire 
recv from player 3333: fold 
send inquire msg to player 5555 
inquire/ 
3333 1820 2000 40 fold 
8888 1940 2000 20 fold 
6666 2000 2000 160 raise 
4444 1740 2000 0 fold 
1111 1920 2000 40 call 
7777 2000 2000 0 fold 
2222 1960 2000 0 fold 
5555 2320 2000 40 call 
total pot: 300 
/inquire 
recv from player 5555: fold 
send notify msg to player 7777 
notify/ 
2222 1960 2000 0 fold 
5555 2320 2000 40 fold 
3333 1820 2000 40 fold 
8888 1940 2000 20 fold 
6666 2000 2000 160 raise 
4444 1740 2000 0 fold 
1111 1920 2000 40 call 
7777 2000 2000 0 fold 
total pot: 300 
/notify 
send inquire msg to player 1111 
inquire/ 
7777 2000 2000 0 fold 
2222 1960 2000 0 fold 
5555 2320 2000 40 fold 
3333 1820 2000 40 fold 
8888 1940 2000 20 fold 
6666 2000 2000 160 raise 
4444 1740 2000 0 fold 
1111 1920 2000 40 call 
total pot: 300 
/inquire 
recv from player 1111: call 

flop/ 
DIAMONDS J 
CLUBS 8 
CLUBS Q 
/flop 

---flop round bet---
valid player: 8, all in player: 0, fold player: 6
send notify msg to player 7777 
notify/ 
2222 1960 2000 0 fold 
5555 2320 2000 40 fold 
3333 1820 2000 40 fold 
8888 1940 2000 20 fold 
6666 2000 2000 160 raise 
4444 1740 2000 0 fold 
1111 1800 2000 160 call 
7777 2000 2000 0 fold 
total pot: 420 
/notify 
send inquire msg to player 1111 
inquire/ 
7777 2000 2000 0 fold 
2222 1960 2000 0 fold 
5555 2320 2000 40 fold 
3333 1820 2000 40 fold 
8888 1940 2000 20 fold 
6666 2000 2000 160 raise 
4444 1740 2000 0 fold 
1111 1800 2000 160 call 
total pot: 420 
/inquire 
recv from player 1111: check 

send notify msg to player 4444 
notify/ 
1111 1800 2000 160 check 
7777 2000 2000 0 fold 
2222 1960 2000 0 fold 
5555 2320 2000 40 fold 
3333 1820 2000 40 fold 
8888 1940 2000 20 fold 
6666 2000 2000 160 raise 
4444 1740 2000 0 fold 
total pot: 420 
/notify 
send inquire msg to player 6666 
inquire/ 
4444 1740 2000 0 fold 
1111 1800 2000 160 check 
7777 2000 2000 0 fold 
2222 1960 2000 0 fold 
5555 2320 2000 40 fold 
3333 1820 2000 40 fold 
8888 1940 2000 20 fold 
6666 2000 2000 160 raise 
total pot: 420 
/inquire 
recv from player 6666: raise 120 

send notify msg to player 7777 
notify/ 
2222 1960 2000 0 fold 
5555 2320 2000 40 fold 
3333 1820 2000 40 fold 
8888 1940 2000 20 fold 
6666 1880 2000 280 raise 
4444 1740 2000 0 fold 
1111 1800 2000 160 check 
7777 2000 2000 0 fold 
total pot: 540 
/notify 
send inquire msg to player 1111 
inquire/ 
7777 2000 2000 0 fold 
2222 1960 2000 0 fold 
5555 2320 2000 40 fold 
3333 1820 2000 40 fold 
8888 1940 2000 20 fold 
6666 1880 2000 280 raise 
4444 1740 2000 0 fold 
1111 1800 2000 160 check 
total pot: 540 
/inquire 
recv from player 1111: fold 


---turn round bet---
valid player: 8, all in player: 0, fold player: 7

---river round bet---
valid player: 8, all in player: 0, fold player: 7

----- notify msg last round -----
send notify msg to player 4444 
notify/ 
1111 1800 2000 160 fold 
7777 2000 2000 0 fold 
2222 1960 2000 0 fold 
5555 2320 2000 40 fold 
3333 1820 2000 40 fold 
8888 1940 2000 20 fold 
6666 1880 2000 280 raise 
4444 1740 2000 0 fold 
total pot: 540 
/notify 
send notify msg to player 7777 
notify/ 
2222 1960 2000 0 fold 
5555 2320 2000 40 fold 
3333 1820 2000 40 fold 
8888 1940 2000 20 fold 
6666 1880 2000 280 raise 
4444 1740 2000 0 fold 
1111 1800 2000 160 fold 
7777 2000 2000 0 fold 
total pot: 540 
/notify 
send notify msg to player 1111 
notify/ 
7777 2000 2000 0 fold 
2222 1960 2000 0 fold 
5555 2320 2000 40 fold 
3333 1820 2000 40 fold 
8888 1940 2000 20 fold 
6666 1880 2000 280 raise 
4444 1740 2000 0 fold 
1111 1800 2000 160 fold 
total pot: 540 
/notify 

--- 1 players not fold, don't need show down---

---Allocate pot---
Only player at seat 7 not fold, win all the pot 540
pot-win/ 
6666: 540 
/pot-win 
it is player 8888's turn to be button

-----4 Hand-----

----- clean player data in socket -----
seat/ 
button: 8888 1940 2000 
small blind: 3333 1820 2000 
big blind: 5555 2320 2000 
2222 1960 2000 
7777 2000 2000 
1111 1800 2000 
4444 1740 2000 
6666 2420 2000 
/seat 
blind/ 
3333: 20 
5555: 40 
/blind 
player 3333:hold/ 
CLUBS A 
DIAMONDS J 
/hold 
player 5555:hold/ 
CLUBS 2 
SPADES 6 
/hold 
player 2222:hold/ 
SPADES 7 
HEARTS 2 
/hold 
player 7777:hold/ 
SPADES J 
DIAMONDS 7 
/hold 
player 1111:hold/ 
HEARTS 4 
DIAMONDS 3 
/hold 
player 4444:hold/ 
HEARTS A 
CLUBS 5 
/hold 
player 6666:hold/ 
HEARTS 8 
DIAMONDS 5 
/hold 
player 8888:hold/ 
DIAMONDS 4 
CLUBS 4 
/hold 

---pre flop round bet---
valid player: 8, all in player: 0, fold player: 0
send inquire msg to player 2222 
inquire/ 
5555 2280 2000 40 blind 
3333 1800 2000 20 blind 
total pot: 60 
/inquire 
recv from player 2222: fold 

send inquire msg to player 7777 
inquire/ 
2222 1960 2000 0 fold 
5555 2280 2000 40 blind 
3333 1800 2000 20 blind 
total pot: 60 
/inquire 
recv from player 7777: fold 

send inquire msg to player 1111 
inquire/ 
7777 2000 2000 0 fold 
2222 1960 2000 0 fold 
5555 2280 2000 40 blind 
3333 1800 2000 20 blind 
total pot: 60 
/inquire 
recv from player 1111: fold 

send inquire msg to player 4444 
inquire/ 
1111 1800 2000 0 fold 
7777 2000 2000 0 fold 
2222 1960 2000 0 fold 
5555 2280 2000 40 blind 
3333 1800 2000 20 blind 
total pot: 60 
/inquire 
recv from player 4444: call 

send inquire msg to player 6666 
inquire/ 
4444 1700 2000 40 call 
1111 1800 2000 0 fold 
7777 2000 2000 0 fold 
2222 1960 2000 0 fold 
5555 2280 2000 40 blind 
3333 1800 2000 20 blind 
total pot: 100 
/inquire 
recv from player 6666: fold 

send inquire msg to player 8888 
inquire/ 
6666 2420 2000 0 fold 
4444 1700 2000 40 call 
1111 1800 2000 0 fold 
7777 2000 2000 0 fold 
2222 1960 2000 0 fold 
5555 2280 2000 40 blind 
3333 1800 2000 20 blind 
total pot: 100 
/inquire 
recv from player 8888: fold 

send inquire msg to player 3333 
inquire/ 
8888 1940 2000 0 fold 
6666 2420 2000 0 fold 
4444 1700 2000 40 call 
1111 1800 2000 0 fold 
7777 2000 2000 0 fold 
2222 1960 2000 0 fold 
5555 2280 2000 40 blind 
3333 1800 2000 20 blind 
total pot: 100 
/inquire 
recv from player 3333: call 
send inquire msg to player 5555 
inquire/ 
3333 1780 2000 40 call 
8888 1940 2000 0 fold 
6666 2420 2000 0 fold 
4444 1700 2000 40 call 
1111 1800 2000 0 fold 
7777 2000 2000 0 fold 
2222 1960 2000 0 fold 
5555 2280 2000 40 blind 
total pot: 120 
/inquire 
recv from player 5555: call 
flop/ 
CLUBS 10 
DIAMONDS 9 
HEARTS 5 
/flop 

---flop round bet---
valid player: 8, all in player: 0, fold player: 5
send inquire msg to player 3333 
inquire/ 
8888 1940 2000 0 fold 
6666 2420 2000 0 fold 
4444 1700 2000 40 call 
1111 1800 2000 0 fold 
7777 2000 2000 0 fold 
2222 1960 2000 0 fold 
5555 2280 2000 40 check 
3333 1780 2000 40 call 
total pot: 120 
/inquire 
recv from player 3333: call 
send inquire msg to player 5555 
inquire/ 
3333 1780 2000 40 check 
8888 1940 2000 0 fold 
6666 2420 2000 0 fold 
4444 1700 2000 40 call 
1111 1800 2000 0 fold 
7777 2000 2000 0 fold 
2222 1960 2000 0 fold 
5555 2280 2000 40 check 
total pot: 120 
/inquire 
recv from player 5555: check 
send notify msg to player 7777 
notify/ 
2222 1960 2000 0 fold 
5555 2280 2000 40 check 
3333 1780 2000 40 check 
8888 1940 2000 0 fold 
6666 2420 2000 0 fold 
4444 1700 2000 40 call 
1111 1800 2000 0 fold 
7777 2000 2000 0 fold 
total pot: 120 
/notify 
send notify msg to player 1111 
notify/ 
7777 2000 2000 0 fold 
2222 1960 2000 0 fold 
5555 2280 2000 40 check 
3333 1780 2000 40 check 
8888 1940 2000 0 fold 
6666 2420 2000 0 fold 
4444 1700 2000 40 call 
1111 1800 2000 0 fold 
total pot: 120 
/notify 
send inquire msg to player 4444 
inquire/ 
1111 1800 2000 0 fold 
7777 2000 2000 0 fold 
2222 1960 2000 0 fold 
5555 2280 2000 40 check 
3333 1780 2000 40 check 
8888 1940 2000 0 fold 
6666 2420 2000 0 fold 
4444 1700 2000 40 call 
total pot: 120 
/inquire 
recv from player 4444: raise 40 

send inquire msg to player 3333 
inquire/ 
8888 1940 2000 0 fold 
6666 2420 2000 0 fold 
4444 1660 2000 80 raise 
1111 1800 2000 0 fold 
7777 2000 2000 0 fold 
2222 1960 2000 0 fold 
5555 2280 2000 40 check 
3333 1780 2000 40 check 
total pot: 160 
/inquire 
recv from player 3333: call 
send inquire msg to player 5555 
inquire/ 
3333 1740 2000 80 call 
8888 1940 2000 0 fold 
6666 2420 2000 0 fold 
4444 1660 2000 80 raise 
1111 1800 2000 0 fold 
7777 2000 2000 0 fold 
2222 1960 2000 0 fold 
5555 2280 2000 40 check 
total pot: 200 
/inquire 
recv from player 5555: fold 
turn/ 
DIAMONDS Q 
/turn 

---turn round bet---
valid player: 8, all in player: 0, fold player: 6
send inquire msg to player 3333 
inquire/ 
8888 1940 2000 0 fold 
6666 2420 2000 0 fold 
4444 1660 2000 80 raise 
1111 1800 2000 0 fold 
7777 2000 2000 0 fold 
2222 1960 2000 0 fold 
5555 2280 2000 40 fold 
3333 1740 2000 80 call 
total pot: 200 
/inquire 
recv from player 3333: fold 
send notify msg to player 7777 
notify/ 
2222 1960 2000 0 fold 
5555 2280 2000 40 fold 
3333 1740 2000 80 fold 
8888 1940 2000 0 fold 
6666 2420 2000 0 fold 
4444 1660 2000 80 raise 
1111 1800 2000 0 fold 
7777 2000 2000 0 fold 
total pot: 200 
/notify 
send notify msg to player 1111 
notify/ 
7777 2000 2000 0 fold 
2222 1960 2000 0 fold 
5555 2280 2000 40 fold 
3333 1740 2000 80 fold 
8888 1940 2000 0 fold 
6666 2420 2000 0 fold 
4444 1660 2000 80 raise 
1111 1800 2000 0 fold 
total pot: 200 
/notify 
send inquire msg to player 4444 
inquire/ 
1111 1800 2000 0 fold 
7777 2000 2000 0 fold 
2222 1960 2000 0 fold 
5555 2280 2000 40 fold 
3333 1740 2000 80 fold 
8888 1940 2000 0 fold 
6666 2420 2000 0 fold 
4444 1660 2000 80 raise 
total pot: 200 
/inquire 
recv from player 4444: call 


---river round bet---
valid player: 8, all in player: 0, fold player: 7

----- notify msg last round -----
send notify msg to player 7777 
notify/ 
2222 1960 2000 0 fold 
5555 2280 2000 40 fold 
3333 1740 2000 80 fold 
8888 1940 2000 0 fold 
6666 2420 2000 0 fold 
4444 1660 2000 80 check 
1111 1800 2000 0 fold 
7777 2000 2000 0 fold 
total pot: 200 
/notify 
send notify msg to player 1111 
notify/ 
7777 2000 2000 0 fold 
2222 1960 2000 0 fold 
5555 2280 2000 40 fold 
3333 1740 2000 80 fold 
8888 1940 2000 0 fold 
6666 2420 2000 0 fold 
4444 1660 2000 80 check 
1111 1800 2000 0 fold 
total pot: 200 
/notify 
send notify msg to player 4444 
notify/ 
1111 1800 2000 0 fold 
7777 2000 2000 0 fold 
2222 1960 2000 0 fold 
5555 2280 2000 40 fold 
3333 1740 2000 80 fold 
8888 1940 2000 0 fold 
6666 2420 2000 0 fold 
4444 1660 2000 80 check 
total pot: 200 
/notify 

--- 1 players not fold, don't need show down---

---Allocate pot---
Only player at seat 5 not fold, win all the pot 200
pot-win/ 
4444: 200 
/pot-win 
it is player 3333's turn to be button

-----5 Hand-----

----- clean player data in socket -----
seat/ 
button: 3333 1740 2000 
small blind: 5555 2280 2000 
big blind: 2222 1960 2000 
7777 2000 2000 
1111 1800 2000 
4444 1860 2000 
6666 2420 2000 
8888 1940 2000 
/seat 
blind/ 
5555: 20 
2222: 40 
/blind 
player 5555:hold/ 
HEARTS 4 
CLUBS 4 
/hold 
player 2222:hold/ 
CLUBS 9 
CLUBS K 
/hold 
player 7777:hold/ 
SPADES 6 
SPADES 2 
/hold 
player 1111:hold/ 
DIAMONDS Q 
CLUBS Q 
/hold 
player 4444:hold/ 
SPADES 9 
HEARTS 3 
/hold 
player 6666:hold/ 
CLUBS 2 
CLUBS 6 
/hold 
player 8888:hold/ 
DIAMONDS 6 
SPADES Q 
/hold 
player 3333:hold/ 
HEARTS 5 
CLUBS A 
/hold 

---pre flop round bet---
valid player: 8, all in player: 0, fold player: 0
send inquire msg to player 7777 
inquire/ 
2222 1920 2000 40 blind 
5555 2260 2000 20 blind 
total pot: 60 
/inquire 
recv from player 7777: fold 

send inquire msg to player 1111 
inquire/ 
7777 2000 2000 0 fold 
2222 1920 2000 40 blind 
5555 2260 2000 20 blind 
total pot: 60 
/inquire 
recv from player 1111: raise 120 

send inquire msg to player 4444 
inquire/ 
1111 1640 2000 160 raise 
7777 2000 2000 0 fold 
2222 1920 2000 40 blind 
5555 2260 2000 20 blind 
total pot: 220 
/inquire 
recv from player 4444: fold 

send inquire msg to player 6666 
inquire/ 
4444 1860 2000 0 fold 
1111 1640 2000 160 raise 
7777 2000 2000 0 fold 
2222 1920 2000 40 blind 
5555 2260 2000 20 blind 
total pot: 220 
/inquire 
recv from player 6666: fold 

send inquire msg to player 8888 
inquire/ 
6666 2420 2000 0 fold 
4444 1860 2000 0 fold 
1111 1640 2000 160 raise 
7777 2000 2000 0 fold 
2222 1920 2000 40 blind 
5555 2260 2000 20 blind 
total pot: 220 
/inquire 
recv from player 8888: fold 

send inquire msg to player 3333 
inquire/ 
8888 1940 2000 0 fold 
6666 2420 2000 0 fold 
4444 1860 2000 0 fold 
1111 1640 2000 160 raise 
7777 2000 2000 0 fold 
2222 1920 2000 40 blind 
5555 2260 2000 20 blind 
total pot: 220 
/inquire 
recv from player 3333: fold 
send inquire msg to player 5555 
inquire/ 
3333 1740 2000 0 fold 
8888 1940 2000 0 fold 
6666 2420 2000 0 fold 
4444 1860 2000 0 fold 
1111 1640 2000 160 raise 
7777 2000 2000 0 fold 
2222 1920 2000 40 blind 
5555 2260 2000 20 blind 
total pot: 220 
/inquire 
recv from player 5555: call 
send inquire msg to player 2222 
inquire/ 
5555 2120 2000 160 call 
3333 1740 2000 0 fold 
8888 1940 2000 0 fold 
6666 2420 2000 0 fold 
4444 1860 2000 0 fold 
1111 1640 2000 160 raise 
7777 2000 2000 0 fold 
2222 1920 2000 40 blind 
total pot: 360 
/inquire 
recv from player 2222: fold 

flop/ 
DIAMONDS 3 
DIAMONDS 9 
SPADES 4 
/flop 

---flop round bet---
valid player: 8, all in player: 0, fold player: 6
send inquire msg to player 5555 
inquire/ 
3333 1740 2000 0 fold 
8888 1940 2000 0 fold 
6666 2420 2000 0 fold 
4444 1860 2000 0 fold 
1111 1640 2000 160 raise 
7777 2000 2000 0 fold 
2222 1920 2000 40 fold 
5555 2120 2000 160 call 
total pot: 360 
/inquire 
recv from player 5555: call 
send notify msg to player 7777 
notify/ 
2222 1920 2000 40 fold 
5555 2120 2000 160 check 
3333 1740 2000 0 fold 
8888 1940 2000 0 fold 
6666 2420 2000 0 fold 
4444 1860 2000 0 fold 
1111 1640 2000 160 raise 
7777 2000 2000 0 fold 
total pot: 360 
/notify 
send inquire msg to player 1111 
inquire/ 
7777 2000 2000 0 fold 
2222 1920 2000 40 fold 
5555 2120 2000 160 check 
3333 1740 2000 0 fold 
8888 1940 2000 0 fold 
6666 2420 2000 0 fold 
4444 1860 2000 0 fold 
1111 1640 2000 160 raise 
total pot: 360 
/inquire 
recv from player 1111: raise 280 

send notify msg to player 4444 
notify/ 
1111 1360 2000 440 raise 
7777 2000 2000 0 fold 
2222 1920 2000 40 fold 
5555 2120 2000 160 check 
3333 1740 2000 0 fold 
8888 1940 2000 0 fold 
6666 2420 2000 0 fold 
4444 1860 2000 0 fold 
total pot: 640 
/notify 
send inquire msg to player 5555 
inquire/ 
3333 1740 2000 0 fold 
8888 1940 2000 0 fold 
6666 2420 2000 0 fold 
4444 1860 2000 0 fold 
1111 1360 2000 440 raise 
7777 2000 2000 0 fold 
2222 1920 2000 40 fold 
5555 2120 2000 160 check 
total pot: 640 
/inquire 
recv from player 5555: call 
turn/ 
HEARTS 7 
/turn 

---turn round bet---
valid player: 8, all in player: 0, fold player: 6
send inquire msg to player 5555 
inquire/ 
3333 1740 2000 0 fold 
8888 1940 2000 0 fold 
6666 2420 2000 0 fold 
4444 1860 2000 0 fold 
1111 1360 2000 440 raise 
7777 2000 2000 0 fold 
2222 1920 2000 40 fold 
5555 1840 2000 440 call 
total pot: 920 
/inquire 
recv from player 5555: call 
send notify msg to player 7777 
notify/ 
2222 1920 2000 40 fold 
5555 1840 2000 440 check 
3333 1740 2000 0 fold 
8888 1940 2000 0 fold 
6666 2420 2000 0 fold 
4444 1860 2000 0 fold 
1111 1360 2000 440 raise 
7777 2000 2000 0 fold 
total pot: 920 
/notify 
send inquire msg to player 1111 
inquire/ 
7777 2000 2000 0 fold 
2222 1920 2000 40 fold 
5555 1840 2000 440 check 
3333 1740 2000 0 fold 
8888 1940 2000 0 fold 
6666 2420 2000 0 fold 
4444 1860 2000 0 fold 
1111 1360 2000 440 raise 
total pot: 920 
/inquire 
recv from player 1111: raise 280 

send notify msg to player 4444 
notify/ 
1111 1080 2000 720 raise 
7777 2000 2000 0 fold 
2222 1920 2000 40 fold 
5555 1840 2000 440 check 
3333 1740 2000 0 fold 
8888 1940 2000 0 fold 
6666 2420 2000 0 fold 
4444 1860 2000 0 fold 
total pot: 1200 
/notify 
send inquire msg to player 5555 
inquire/ 
3333 1740 2000 0 fold 
8888 1940 2000 0 fold 
6666 2420 2000 0 fold 
4444 1860 2000 0 fold 
1111 1080 2000 720 raise 
7777 2000 2000 0 fold 
2222 1920 2000 40 fold 
5555 1840 2000 440 check 
total pot: 1200 
/inquire 
recv from player 5555: call 
river/ 
CLUBS J 
/river 

---river round bet---
valid player: 8, all in player: 0, fold player: 6
send inquire msg to player 5555 
inquire/ 
3333 1740 2000 0 fold 
8888 1940 2000 0 fold 
6666 2420 2000 0 fold 
4444 1860 2000 0 fold 
1111 1080 2000 720 raise 
7777 2000 2000 0 fold 
2222 1920 2000 40 fold 
5555 1560 2000 720 call 
total pot: 1480 
/inquire 
recv from player 5555: raise 1000 
send notify msg to player 7777 
notify/ 
2222 1920 2000 40 fold 
5555 560 2000 1720 raise 
3333 1740 2000 0 fold 
8888 1940 2000 0 fold 
6666 2420 2000 0 fold 
4444 1860 2000 0 fold 
1111 1080 2000 720 raise 
7777 2000 2000 0 fold 
total pot: 2480 
/notify 
send inquire msg to player 1111 
inquire/ 
7777 2000 2000 0 fold 
2222 1920 2000 40 fold 
5555 560 2000 1720 raise 
3333 1740 2000 0 fold 
8888 1940 2000 0 fold 
6666 2420 2000 0 fold 
4444 1860 2000 0 fold 
1111 1080 2000 720 raise 
total pot: 2480 
/inquire 
recv from player 1111: fold 


----- notify msg last round -----
send notify msg to player 4444 
notify/ 
1111 1080 2000 720 fold 
7777 2000 2000 0 fold 
2222 1920 2000 40 fold 
5555 560 2000 1720 raise 
3333 1740 2000 0 fold 
8888 1940 2000 0 fold 
6666 2420 2000 0 fold 
4444 1860 2000 0 fold 
total pot: 2480 
/notify 
send notify msg to player 7777 
notify/ 
2222 1920 2000 40 fold 
5555 560 2000 1720 raise 
3333 1740 2000 0 fold 
8888 1940 2000 0 fold 
6666 2420 2000 0 fold 
4444 1860 2000 0 fold 
1111 1080 2000 720 fold 
7777 2000 2000 0 fold 
total pot: 2480 
/notify 
send notify msg to player 1111 
notify/ 
7777 2000 2000 0 fold 
2222 1920 2000 40 fold 
5555 560 2000 1720 raise 
3333 1740 2000 0 fold 
8888 1940 2000 0 fold 
6666 2420 2000 0 fold 
4444 1860 2000 0 fold 
1111 1080 2000 720 fold 
total pot: 2480 
/notify 

--- 1 players not fold, don't need show down---

---Allocate pot---
Only player at seat 0 not fold, win all the pot 2480
pot-win/ 
5555: 2480 
/pot-win 
it is player 5555's turn to be button

-----6 Hand-----

----- clean player data in socket -----
seat/ 
button: 5555 3040 2000 
small blind: 2222 1920 2000 
big blind: 7777 2000 2000 
1111 1080 2000 
4444 1860 2000 
6666 2420 2000 
8888 1940 2000 
3333 1740 2000 
/seat 
blind/ 
2222: 20 
7777: 40 
/blind 
player 2222:hold/ 
CLUBS 3 
SPADES 7 
/hold 
player 7777:hold/ 
CLUBS 9 
HEARTS J 
/hold 
player 1111:hold/ 
HEARTS 8 
HEARTS Q 
/hold 
player 4444:hold/ 
DIAMONDS K 
SPADES 10 
/hold 
player 6666:hold/ 
DIAMONDS A 
CLUBS A 
/hold 
player 8888:hold/ 
CLUBS 7 
CLUBS J 
/hold 
player 3333:hold/ 
DIAMONDS 3 
DIAMONDS 6 
/hold 
player 5555:hold/ 
HEARTS 5 
DIAMONDS 7 
/hold 

---pre flop round bet---
valid player: 8, all in player: 0, fold player: 0
send inquire msg to player 1111 
inquire/ 
7777 1960 2000 40 blind 
2222 1900 2000 20 blind 
total pot: 60 
/inquire 
recv from player 1111: call 

send inquire msg to player 4444 
inquire/ 
1111 1040 2000 40 call 
7777 1960 2000 40 blind 
2222 1900 2000 20 blind 
total pot: 100 
/inquire 
recv from player 4444: call 

send inquire msg to player 6666 
inquire/ 
4444 1820 2000 40 call 
1111 1040 2000 40 call 
7777 1960 2000 40 blind 
2222 1900 2000 20 blind 
total pot: 140 
/inquire 
recv from player 6666: raise 240 

send inquire msg to player 8888 
inquire/ 
6666 2140 2000 280 raise 
4444 1820 2000 40 call 
1111 1040 2000 40 call 
7777 1960 2000 40 blind 
2222 1900 2000 20 blind 
total pot: 420 
/inquire 
recv from player 8888: fold 

send inquire msg to player 3333 
inquire/ 
8888 1940 2000 0 fold 
6666 2140 2000 280 raise 
4444 1820 2000 40 call 
1111 1040 2000 40 call 
7777 1960 2000 40 blind 
2222 1900 2000 20 blind 
total pot: 420 
/inquire 
recv from player 3333: fold 
send inquire msg to player 5555 
inquire/ 
3333 1740 2000 0 fold 
8888 1940 2000 0 fold 
6666 2140 2000 280 raise 
4444 1820 2000 40 call 
1111 1040 2000 40 call 
7777 1960 2000 40 blind 
2222 1900 2000 20 blind 
total pot: 420 
/inquire 
recv from player 5555: fold 
send inquire msg to player 2222 
inquire/ 
5555 3040 2000 0 fold 
3333 1740 2000 0 fold 
8888 1940 2000 0 fold 
6666 2140 2000 280 raise 
4444 1820 2000 40 call 
1111 1040 2000 40 call 
7777 1960 2000 40 blind 
2222 1900 2000 20 blind 
total pot: 420 
/inquire 
recv from player 2222: fold 

send inquire msg to player 7777 
inquire/ 
2222 1900 2000 20 fold 
5555 3040 2000 0 fold 
3333 1740 2000 0 fold 
8888 1940 2000 0 fold 
6666 2140 2000 280 raise 
4444 1820 2000 40 call 
1111 1040 2000 40 call 
7777 1960 2000 40 blind 
total pot: 420 
/inquire 
recv from player 7777: fold 

send inquire msg to player 1111 
inquire/ 
7777 1960 2000 40 fold 
2222 1900 2000 20 fold 
5555 3040 2000 0 fold 
3333 1740 2000 0 fold 
8888 1940 2000 0 fold 
6666 2140 2000 280 raise 
4444 1820 2000 40 call 
1111 1040 2000 40 call 
total pot: 420 
/inquire 
recv from player 1111: fold 

send inquire msg to player 4444 
inquire/ 
1111 1040 2000 40 fold 
7777 1960 2000 40 fold 
2222 1900 2000 20 fold 
5555 3040 2000 0 fold 
3333 1740 2000 0 fold 
8888 1940 2000 0 fold 
6666 2140 2000 280 raise 
4444 1820 2000 40 call 
total pot: 420 
/inquire 
recv from player 4444: fold 


---flop round bet---
valid player: 8, all in player: 0, fold player: 7

---turn round bet---
valid player: 8, all in player: 0, fold player: 7

---river round bet---
valid player: 8, all in player: 0, fold player: 7

----- notify msg last round -----
send notify msg to player 7777 
notify/ 
2222 1900 2000 20 fold 
5555 3040 2000 0 fold 
3333 1740 2000 0 fold 
8888 1940 2000 0 fold 
6666 2140 2000 280 raise 
4444 1820 2000 40 fold 
1111 1040 2000 40 fold 
7777 1960 2000 40 fold 
total pot: 420 
/notify 
send notify msg to player 1111 
notify/ 
7777 1960 2000 40 fold 
2222 1900 2000 20 fold 
5555 3040 2000 0 fold 
3333 1740 2000 0 fold 
8888 1940 2000 0 fold 
6666 2140 2000 280 raise 
4444 1820 2000 40 fold 
1111 1040 2000 40 fold 
total pot: 420 
/notify 
send notify msg to player 4444 
notify/ 
1111 1040 2000 40 fold 
7777 1960 2000 40 fold 
2222 1900 2000 20 fold 
5555 3040 2000 0 fold 
3333 1740 2000 0 fold 
8888 1940 2000 0 fold 
6666 2140 2000 280 raise 
4444 1820 2000 40 fold 
total pot: 420 
/notify 

--- 1 players not fold, don't need show down---

---Allocate pot---
Only player at seat 4 not fold, win all the pot 420
pot-win/ 
6666: 420 
/pot-win 
it is player 2222's turn to be button

-----7 Hand-----

----- clean player data in socket -----
seat/ 
button: 2222 1900 2000 
small blind: 7777 1960 2000 
big blind: 1111 1040 2000 
4444 1820 2000 
6666 2560 2000 
8888 1940 2000 
3333 1740 2000 
5555 3040 2000 
/seat 
blind/ 
7777: 20 
1111: 40 
/blind 
player 7777:hold/ 
CLUBS Q 
SPADES 9 
/hold 
player 1111:hold/ 
DIAMONDS K 
SPADES 5 
/hold 
player 4444:hold/ 
CLUBS 2 
DIAMONDS 8 
/hold 
player 6666:hold/ 
SPADES 6 
SPADES J 
/hold 
player 8888:hold/ 
CLUBS 5 
CLUBS 3 
/hold 
player 3333:hold/ 
HEARTS 3 
CLUBS 7 
/hold 
player 5555:hold/ 
CLUBS 6 
SPADES 8 
/hold 
player 2222:hold/ 
DIAMONDS 5 
HEARTS J 
/hold 

---pre flop round bet---
valid player: 8, all in player: 0, fold player: 0
send inquire msg to player 4444 
inquire/ 
1111 1000 2000 40 blind 
7777 1940 2000 20 blind 
total pot: 60 
/inquire 
recv from player 4444: fold 

send inquire msg to player 6666 
inquire/ 
4444 1820 2000 0 fold 
1111 1000 2000 40 blind 
7777 1940 2000 20 blind 
total pot: 60 
/inquire 
recv from player 6666: fold 

send inquire msg to player 8888 
inquire/ 
6666 2560 2000 0 fold 
4444 1820 2000 0 fold 
1111 1000 2000 40 blind 
7777 1940 2000 20 blind 
total pot: 60 
/inquire 
recv from player 8888: fold 

send inquire msg to player 3333 
inquire/ 
8888 1940 2000 0 fold 
6666 2560 2000 0 fold 
4444 1820 2000 0 fold 
1111 1000 2000 40 blind 
7777 1940 2000 20 blind 
total pot: 60 
