

===VERSION 1.24===
---GAME START @ 2015-5-26-0-22-34---

wait registration for 30 seconds
reg: 2222 new 
reg:3333 tnt
reg: 5555 DSB  reg: 6666 DSB  reg: 8888 DSB  reg: 4444 DSB  reg: 1111 Young need_notify  
reg: 7777 cleverbot need_notify 
close registration

-----1 Hand-----

----- clean player data in socket -----
seat/ 
button: 2222 2000 2000 
small blind: 3333 2000 2000 
big blind: 7777 2000 2000 
8888 2000 2000 
6666 2000 2000 
4444 2000 2000 
1111 2000 2000 
5555 2000 2000 
/seat 
blind/ 
3333: 20 
7777: 40 
/blind 
player 3333:hold/ 
DIAMONDS 7 
SPADES 2 
/hold 
player 7777:hold/ 
HEARTS 2 
CLUBS J 
/hold 
player 8888:hold/ 
HEARTS 6 
HEARTS A 
/hold 
player 6666:hold/ 
SPADES 4 
DIAMONDS 3 
/hold 
player 4444:hold/ 
SPADES 6 
CLUBS 2 
/hold 
player 1111:hold/ 
DIAMONDS Q 
CLUBS 8 
/hold 
player 5555:hold/ 
DIAMONDS 2 
HEARTS 5 
/hold 
player 2222:hold/ 
SPADES 7 
CLUBS 7 
/hold 

---pre flop round bet---
valid player: 8, all in player: 0, fold player: 0
send inquire msg to player 8888 
inquire/ 
7777 1960 2000 40 blind 
3333 1980 2000 20 blind 
total pot: 60 
/inquire 
recv from player 8888: call 
send inquire msg to player 6666 
inquire/ 
8888 1960 2000 40 call 
7777 1960 2000 40 blind 
3333 1980 2000 20 blind 
total pot: 100 
/inquire 
recv from player 6666: fold 
send inquire msg to player 4444 
inquire/ 
6666 2000 2000 0 fold 
8888 1960 2000 40 call 
7777 1960 2000 40 blind 
3333 1980 2000 20 blind 
total pot: 100 
/inquire 
recv from player 4444: fold 
send inquire msg to player 1111 
inquire/ 
4444 2000 2000 0 fold 
6666 2000 2000 0 fold 
8888 1960 2000 40 call 
7777 1960 2000 40 blind 
3333 1980 2000 20 blind 
total pot: 100 
/inquire 
recv from player 1111: fold 

send inquire msg to player 5555 
inquire/ 
1111 2000 2000 0 fold 
4444 2000 2000 0 fold 
6666 2000 2000 0 fold 
8888 1960 2000 40 call 
7777 1960 2000 40 blind 
3333 1980 2000 20 blind 
total pot: 100 
/inquire 
recv from player 5555: call 
send inquire msg to player 2222 
inquire/ 
5555 1960 2000 40 call 
1111 2000 2000 0 fold 
4444 2000 2000 0 fold 
6666 2000 2000 0 fold 
8888 1960 2000 40 call 
7777 1960 2000 40 blind 
3333 1980 2000 20 blind 
total pot: 140 
/inquire 
recv from player 2222: call 

send inquire msg to player 3333 
inquire/ 
2222 1960 2000 40 call 
5555 1960 2000 40 call 
1111 2000 2000 0 fold 
4444 2000 2000 0 fold 
6666 2000 2000 0 fold 
8888 1960 2000 40 call 
7777 1960 2000 40 blind 
3333 1980 2000 20 blind 
total pot: 180 
/inquire 
recv from player 3333: fold
send inquire msg to player 7777 
inquire/ 
3333 1980 2000 20 fold 
2222 1960 2000 40 call 
5555 1960 2000 40 call 
1111 2000 2000 0 fold 
4444 2000 2000 0 fold 
6666 2000 2000 0 fold 
8888 1960 2000 40 call 
7777 1960 2000 40 blind 
total pot: 180 
/inquire 
recv from player 7777: check 

flop/ 
SPADES 5 
DIAMONDS 9 
CLUBS 5 
/flop 

---flop round bet---
valid player: 8, all in player: 0, fold player: 4
send inquire msg to player 7777 
inquire/ 
3333 1980 2000 20 fold 
2222 1960 2000 40 call 
5555 1960 2000 40 call 
1111 2000 2000 0 fold 
4444 2000 2000 0 fold 
6666 2000 2000 0 fold 
8888 1960 2000 40 call 
7777 1960 2000 40 check 
total pot: 180 
/inquire 
recv from player 7777: call 

send inquire msg to player 8888 
inquire/ 
7777 1960 2000 40 check 
3333 1980 2000 20 fold 
2222 1960 2000 40 call 
5555 1960 2000 40 call 
1111 2000 2000 0 fold 
4444 2000 2000 0 fold 
6666 2000 2000 0 fold 
8888 1960 2000 40 call 
total pot: 180 
/inquire 
recv from player 8888: call 
send notify msg to player 1111 
notify/ 
4444 2000 2000 0 fold 
6666 2000 2000 0 fold 
8888 1960 2000 40 check 
7777 1960 2000 40 check 
3333 1980 2000 20 fold 
2222 1960 2000 40 call 
5555 1960 2000 40 call 
1111 2000 2000 0 fold 
total pot: 180 
/notify 
send inquire msg to player 5555 
inquire/ 
1111 2000 2000 0 fold 
4444 2000 2000 0 fold 
6666 2000 2000 0 fold 
8888 1960 2000 40 check 
7777 1960 2000 40 check 
3333 1980 2000 20 fold 
2222 1960 2000 40 call 
5555 1960 2000 40 call 
total pot: 180 
/inquire 
recv from player 5555: call 
send inquire msg to player 2222 
inquire/ 
5555 1960 2000 40 check 
1111 2000 2000 0 fold 
4444 2000 2000 0 fold 
6666 2000 2000 0 fold 
8888 1960 2000 40 check 
7777 1960 2000 40 check 
3333 1980 2000 20 fold 
2222 1960 2000 40 call 
total pot: 180 
/inquire 
recv from player 2222: raise 200 

send inquire msg to player 7777 
inquire/ 
3333 1980 2000 20 fold 
2222 1760 2000 240 raise 
5555 1960 2000 40 check 
1111 2000 2000 0 fold 
4444 2000 2000 0 fold 
6666 2000 2000 0 fold 
8888 1960 2000 40 check 
7777 1960 2000 40 check 
total pot: 380 
/inquire 
recv from player 7777: fold 

send inquire msg to player 8888 
inquire/ 
7777 1960 2000 40 fold 
3333 1980 2000 20 fold 
2222 1760 2000 240 raise 
5555 1960 2000 40 check 
1111 2000 2000 0 fold 
4444 2000 2000 0 fold 
6666 2000 2000 0 fold 
8888 1960 2000 40 check 
total pot: 380 
/inquire 
recv from player 8888: call 
send notify msg to player 1111 
notify/ 
4444 2000 2000 0 fold 
6666 2000 2000 0 fold 
8888 1760 2000 240 call 
7777 1960 2000 40 fold 
3333 1980 2000 20 fold 
2222 1760 2000 240 raise 
5555 1960 2000 40 check 
1111 2000 2000 0 fold 
total pot: 580 
/notify 
send inquire msg to player 5555 
inquire/ 
1111 2000 2000 0 fold 
4444 2000 2000 0 fold 
6666 2000 2000 0 fold 
8888 1760 2000 240 call 
7777 1960 2000 40 fold 
3333 1980 2000 20 fold 
2222 1760 2000 240 raise 
5555 1960 2000 40 check 
total pot: 580 
/inquire 
recv from player 5555: call 
turn/ 
DIAMONDS 6 
/turn 

---turn round bet---
valid player: 8, all in player: 0, fold player: 5
send notify msg to player 7777 
notify/ 
3333 1980 2000 20 fold 
2222 1760 2000 240 raise 
5555 1760 2000 240 call 
1111 2000 2000 0 fold 
4444 2000 2000 0 fold 
6666 2000 2000 0 fold 
8888 1760 2000 240 call 
7777 1960 2000 40 fold 
total pot: 780 
/notify 
send inquire msg to player 8888 
inquire/ 
7777 1960 2000 40 fold 
3333 1980 2000 20 fold 
2222 1760 2000 240 raise 
5555 1760 2000 240 call 
1111 2000 2000 0 fold 
4444 2000 2000 0 fold 
6666 2000 2000 0 fold 
8888 1760 2000 240 call 
total pot: 780 
/inquire 
recv from player 8888: call 
send notify msg to player 1111 
notify/ 
4444 2000 2000 0 fold 
6666 2000 2000 0 fold 
8888 1760 2000 240 check 
7777 1960 2000 40 fold 
3333 1980 2000 20 fold 
2222 1760 2000 240 raise 
5555 1760 2000 240 call 
1111 2000 2000 0 fold 
total pot: 780 
/notify 
send inquire msg to player 5555 
inquire/ 
1111 2000 2000 0 fold 
4444 2000 2000 0 fold 
6666 2000 2000 0 fold 
8888 1760 2000 240 check 
7777 1960 2000 40 fold 
3333 1980 2000 20 fold 
2222 1760 2000 240 raise 
5555 1760 2000 240 call 
total pot: 780 
/inquire 
recv from player 5555: call 
send inquire msg to player 2222 
inquire/ 
5555 1760 2000 240 check 
1111 2000 2000 0 fold 
4444 2000 2000 0 fold 
6666 2000 2000 0 fold 
8888 1760 2000 240 check 
7777 1960 2000 40 fold 
3333 1980 2000 20 fold 
2222 1760 2000 240 raise 
total pot: 780 
/inquire 
recv from player 2222: raise 200 

send notify msg to player 7777 
notify/ 
3333 1980 2000 20 fold 
2222 1560 2000 440 raise 
5555 1760 2000 240 check 
1111 2000 2000 0 fold 
4444 2000 2000 0 fold 
6666 2000 2000 0 fold 
8888 1760 2000 240 check 
7777 1960 2000 40 fold 
total pot: 980 
/notify 
send inquire msg to player 8888 
inquire/ 
7777 1960 2000 40 fold 
3333 1980 2000 20 fold 
2222 1560 2000 440 raise 
5555 1760 2000 240 check 
1111 2000 2000 0 fold 
4444 2000 2000 0 fold 
6666 2000 2000 0 fold 
8888 1760 2000 240 check 
total pot: 980 
/inquire 
recv from player 8888: call 
send notify msg to player 1111 
notify/ 
4444 2000 2000 0 fold 
6666 2000 2000 0 fold 
8888 1560 2000 440 call 
7777 1960 2000 40 fold 
3333 1980 2000 20 fold 
2222 1560 2000 440 raise 
5555 1760 2000 240 check 
1111 2000 2000 0 fold 
total pot: 1180 
/notify 
send inquire msg to player 5555 
inquire/ 
1111 2000 2000 0 fold 
4444 2000 2000 0 fold 
6666 2000 2000 0 fold 
8888 1560 2000 440 call 
7777 1960 2000 40 fold 
3333 1980 2000 20 fold 
2222 1560 2000 440 raise 
5555 1760 2000 240 check 
total pot: 1180 
/inquire 
recv from player 5555: call 
river/ 
DIAMONDS J 
/river 

---river round bet---
valid player: 8, all in player: 0, fold player: 5
send notify msg to player 7777 
notify/ 
3333 1980 2000 20 fold 
2222 1560 2000 440 raise 
5555 1560 2000 440 call 
1111 2000 2000 0 fold 
4444 2000 2000 0 fold 
6666 2000 2000 0 fold 
8888 1560 2000 440 call 
7777 1960 2000 40 fold 
total pot: 1380 
/notify 
send inquire msg to player 8888 
inquire/ 
7777 1960 2000 40 fold 
3333 1980 2000 20 fold 
2222 1560 2000 440 raise 
5555 1560 2000 440 call 
1111 2000 2000 0 fold 
4444 2000 2000 0 fold 
6666 2000 2000 0 fold 
8888 1560 2000 440 call 
total pot: 1380 
/inquire 
recv from player 8888: fold 
send notify msg to player 1111 
notify/ 
4444 2000 2000 0 fold 
6666 2000 2000 0 fold 
8888 1560 2000 440 fold 
7777 1960 2000 40 fold 
3333 1980 2000 20 fold 
2222 1560 2000 440 raise 
5555 1560 2000 440 call 
1111 2000 2000 0 fold 
total pot: 1380 
/notify 
send inquire msg to player 5555 
inquire/ 
1111 2000 2000 0 fold 
4444 2000 2000 0 fold 
6666 2000 2000 0 fold 
8888 1560 2000 440 fold 
7777 1960 2000 40 fold 
3333 1980 2000 20 fold 
2222 1560 2000 440 raise 
5555 1560 2000 440 call 
total pot: 1380 
/inquire 
recv from player 5555: raise 1000 
send inquire msg to player 2222 
inquire/ 
5555 560 2000 1440 raise 
1111 2000 2000 0 fold 
4444 2000 2000 0 fold 
6666 2000 2000 0 fold 
8888 1560 2000 440 fold 
7777 1960 2000 40 fold 
3333 1980 2000 20 fold 
2222 1560 2000 440 raise 
total pot: 2380 
/inquire 
recv from player 2222: fold 


----- notify msg last round -----
send notify msg to player 7777 
notify/ 
3333 1980 2000 20 fold 
2222 1560 2000 440 fold 
5555 560 2000 1440 raise 
1111 2000 2000 0 fold 
4444 2000 2000 0 fold 
6666 2000 2000 0 fold 
8888 1560 2000 440 fold 
7777 1960 2000 40 fold 
total pot: 2380 
/notify 
send notify msg to player 1111 
notify/ 
4444 2000 2000 0 fold 
6666 2000 2000 0 fold 
8888 1560 2000 440 fold 
7777 1960 2000 40 fold 
3333 1980 2000 20 fold 
2222 1560 2000 440 fold 
5555 560 2000 1440 raise 
1111 2000 2000 0 fold 
total pot: 2380 
/notify 

--- 1 players not fold, don't need show down---

---Allocate pot---
Only player at seat 6 not fold, win all the pot 2380
pot-win/ 
5555: 2380 
/pot-win 
it is player 3333's turn to be button

-----2 Hand-----

----- clean player data in socket -----
seat/ 
button: 3333 1980 2000 
small blind: 7777 1960 2000 
big blind: 8888 1560 2000 
6666 2000 2000 
4444 2000 2000 
1111 2000 2000 
5555 2940 2000 
2222 1560 2000 
/seat 
blind/ 
7777: 20 
8888: 40 
/blind 
player 7777:hold/ 
DIAMONDS 5 
SPADES A 
/hold 
player 8888:hold/ 
CLUBS A 
SPADES 2 
/hold 
player 6666:hold/ 
HEARTS J 
CLUBS 10 
/hold 
player 4444:hold/ 
HEARTS 3 
DIAMONDS 4 
/hold 
player 1111:hold/ 
HEARTS 9 
SPADES 5 
/hold 
player 5555:hold/ 
DIAMONDS K 
HEARTS Q 
/hold 
player 2222:hold/ 
DIAMONDS 9 
DIAMONDS 2 
/hold 
player 3333:hold/ 
DIAMONDS Q 
DIAMONDS 10 
/hold 

---pre flop round bet---
valid player: 8, all in player: 0, fold player: 0
send inquire msg to player 6666 
inquire/ 
8888 1520 2000 40 blind 
7777 1940 2000 20 blind 
total pot: 60 
/inquire 
recv from player 6666: call 
send inquire msg to player 4444 
inquire/ 
6666 1960 2000 40 call 
8888 1520 2000 40 blind 
7777 1940 2000 20 blind 
total pot: 100 
/inquire 
recv from player 4444: fold 
send inquire msg to player 1111 
inquire/ 
4444 2000 2000 0 fold 
6666 1960 2000 40 call 
8888 1520 2000 40 blind 
7777 1940 2000 20 blind 
total pot: 100 
/inquire 
recv from player 1111: fold 

send inquire msg to player 5555 
inquire/ 
1111 2000 2000 0 fold 
4444 2000 2000 0 fold 
6666 1960 2000 40 call 
8888 1520 2000 40 blind 
7777 1940 2000 20 blind 
total pot: 100 
/inquire 
recv from player 5555: call 
send inquire msg to player 2222 
inquire/ 
5555 2900 2000 40 call 
1111 2000 2000 0 fold 
4444 2000 2000 0 fold 
6666 1960 2000 40 call 
8888 1520 2000 40 blind 
7777 1940 2000 20 blind 
total pot: 140 
/inquire 
recv from player 2222: fold 

send inquire msg to player 3333 
inquire/ 
2222 1560 2000 0 fold 
5555 2900 2000 40 call 
1111 2000 2000 0 fold 
4444 2000 2000 0 fold 
6666 1960 2000 40 call 
8888 1520 2000 40 blind 
7777 1940 2000 20 blind 
total pot: 140 
/inquire 
recv from player 3333: call
send inquire msg to player 7777 
inquire/ 
3333 1940 2000 40 call 
2222 1560 2000 0 fold 
5555 2900 2000 40 call 
1111 2000 2000 0 fold 
4444 2000 2000 0 fold 
6666 1960 2000 40 call 
8888 1520 2000 40 blind 
7777 1940 2000 20 blind 
total pot: 180 
/inquire 
recv from player 7777: fold 

send inquire msg to player 8888 
inquire/ 
7777 1940 2000 20 fold 
3333 1940 2000 40 call 
2222 1560 2000 0 fold 
5555 2900 2000 40 call 
1111 2000 2000 0 fold 
4444 2000 2000 0 fold 
6666 1960 2000 40 call 
8888 1520 2000 40 blind 
total pot: 180 
/inquire 
recv from player 8888: call 
flop/ 
CLUBS 8 
CLUBS 2 
HEARTS A 
/flop 

---flop round bet---
valid player: 8, all in player: 0, fold player: 4
send notify msg to player 7777 
notify/ 
3333 1940 2000 40 call 
2222 1560 2000 0 fold 
5555 2900 2000 40 call 
1111 2000 2000 0 fold 
4444 2000 2000 0 fold 
6666 1960 2000 40 call 
8888 1520 2000 40 check 
7777 1940 2000 20 fold 
total pot: 180 
/notify 
send inquire msg to player 8888 
inquire/ 
7777 1940 2000 20 fold 
3333 1940 2000 40 call 
2222 1560 2000 0 fold 
5555 2900 2000 40 call 
1111 2000 2000 0 fold 
4444 2000 2000 0 fold 
6666 1960 2000 40 call 
8888 1520 2000 40 check 
total pot: 180 
/inquire 
recv from player 8888: raise 200 
send inquire msg to player 6666 
inquire/ 
8888 1320 2000 240 raise 
7777 1940 2000 20 fold 
3333 1940 2000 40 call 
2222 1560 2000 0 fold 
5555 2900 2000 40 call 
1111 2000 2000 0 fold 
4444 2000 2000 0 fold 
6666 1960 2000 40 call 
total pot: 380 
/inquire 
recv from player 6666: fold 
send notify msg to player 1111 
notify/ 
4444 2000 2000 0 fold 
6666 1960 2000 40 fold 
8888 1320 2000 240 raise 
7777 1940 2000 20 fold 
3333 1940 2000 40 call 
2222 1560 2000 0 fold 
5555 2900 2000 40 call 
1111 2000 2000 0 fold 
total pot: 380 
/notify 
send inquire msg to player 5555 
inquire/ 
1111 2000 2000 0 fold 
4444 2000 2000 0 fold 
6666 1960 2000 40 fold 
8888 1320 2000 240 raise 
7777 1940 2000 20 fold 
3333 1940 2000 40 call 
2222 1560 2000 0 fold 
5555 2900 2000 40 call 
total pot: 380 
/inquire 
recv from player 5555: call 
send inquire msg to player 3333 
inquire/ 
2222 1560 2000 0 fold 
5555 2700 2000 240 call 
1111 2000 2000 0 fold 
4444 2000 2000 0 fold 
6666 1960 2000 40 fold 
8888 1320 2000 240 raise 
7777 1940 2000 20 fold 
3333 1940 2000 40 call 
total pot: 580 
/inquire 
recv from player 3333: fold
turn/ 
DIAMONDS 7 
/turn 

---turn round bet---
valid player: 8, all in player: 0, fold player: 6
send notify msg to player 7777 
notify/ 
3333 1940 2000 40 fold 
2222 1560 2000 0 fold 
5555 2700 2000 240 call 
1111 2000 2000 0 fold 
4444 2000 2000 0 fold 
6666 1960 2000 40 fold 
8888 1320 2000 240 raise 
7777 1940 2000 20 fold 
total pot: 580 
/notify 
send inquire msg to player 8888 
inquire/ 
7777 1940 2000 20 fold 
3333 1940 2000 40 fold 
2222 1560 2000 0 fold 
5555 2700 2000 240 call 
1111 2000 2000 0 fold 
4444 2000 2000 0 fold 
6666 1960 2000 40 fold 
8888 1320 2000 240 raise 
total pot: 580 
/inquire 
recv from player 8888: call 
send notify msg to player 1111 
notify/ 
4444 2000 2000 0 fold 
6666 1960 2000 40 fold 
8888 1320 2000 240 check 
7777 1940 2000 20 fold 
3333 1940 2000 40 fold 
2222 1560 2000 0 fold 
5555 2700 2000 240 call 
1111 2000 2000 0 fold 
total pot: 580 
/notify 
send inquire msg to player 5555 
inquire/ 
1111 2000 2000 0 fold 
4444 2000 2000 0 fold 
6666 1960 2000 40 fold 
8888 1320 2000 240 check 
7777 1940 2000 20 fold 
3333 1940 2000 40 fold 
2222 1560 2000 0 fold 
5555 2700 2000 240 call 
total pot: 580 
/inquire 
recv from player 5555: fold 

---river round bet---
valid player: 8, all in player: 0, fold player: 7

----- notify msg last round -----
send notify msg to player 7777 
notify/ 
3333 1940 2000 40 fold 
2222 1560 2000 0 fold 
5555 2700 2000 240 fold 
1111 2000 2000 0 fold 
4444 2000 2000 0 fold 
6666 1960 2000 40 fold 
8888 1320 2000 240 check 
7777 1940 2000 20 fold 
total pot: 580 
/notify 
send notify msg to player 1111 
notify/ 
4444 2000 2000 0 fold 
6666 1960 2000 40 fold 
8888 1320 2000 240 check 
7777 1940 2000 20 fold 
3333 1940 2000 40 fold 
2222 1560 2000 0 fold 
5555 2700 2000 240 fold 
1111 2000 2000 0 fold 
total pot: 580 
/notify 

--- 1 players not fold, don't need show down---

---Allocate pot---
Only player at seat 1 not fold, win all the pot 580
pot-win/ 
8888: 580 
/pot-win 
it is player 7777's turn to be button

-----3 Hand-----

----- clean player data in socket -----
seat/ 
button: 7777 1940 2000 
small blind: 8888 1900 2000 
big blind: 6666 1960 2000 
4444 2000 2000 
1111 2000 2000 
5555 2700 2000 
2222 1560 2000 
3333 1940 2000 
/seat 
blind/ 
8888: 20 
6666: 40 
/blind 
player 8888:hold/ 
SPADES 6 
CLUBS 6 
/hold 
player 6666:hold/ 
CLUBS A 
SPADES 9 
/hold 
player 4444:hold/ 
SPADES 10 
DIAMONDS 4 
/hold 
player 1111:hold/ 
SPADES A 
CLUBS 8 
/hold 
player 5555:hold/ 
CLUBS 5 
DIAMONDS Q 
/hold 
player 2222:hold/ 
CLUBS J 
HEARTS 7 
/hold 
player 3333:hold/ 
DIAMONDS 2 
SPADES K 
/hold 
player 7777:hold/ 
DIAMONDS 3 
HEARTS 5 
/hold 

---pre flop round bet---
valid player: 8, all in player: 0, fold player: 0
send inquire msg to player 4444 
inquire/ 
6666 1920 2000 40 blind 
8888 1880 2000 20 blind 
total pot: 60 
/inquire 
recv from player 4444: fold 
send inquire msg to player 1111 
inquire/ 
4444 2000 2000 0 fold 
6666 1920 2000 40 blind 
8888 1880 2000 20 blind 
total pot: 60 
/inquire 
recv from player 1111: call 

send inquire msg to player 5555 
inquire/ 
1111 1960 2000 40 call 
4444 2000 2000 0 fold 
6666 1920 2000 40 blind 
8888 1880 2000 20 blind 
total pot: 100 
/inquire 
recv from player 5555: call 
send inquire msg to player 2222 
inquire/ 
5555 2660 2000 40 call 
1111 1960 2000 40 call 
4444 2000 2000 0 fold 
6666 1920 2000 40 blind 
8888 1880 2000 20 blind 
total pot: 140 
/inquire 
recv from player 2222: fold 

send inquire msg to player 3333 
inquire/ 
2222 1560 2000 0 fold 
5555 2660 2000 40 call 
1111 1960 2000 40 call 
4444 2000 2000 0 fold 
6666 1920 2000 40 blind 
8888 1880 2000 20 blind 
total pot: 140 
/inquire 
recv from player 3333: call
send inquire msg to player 7777 
inquire/ 
3333 1900 2000 40 call 
2222 1560 2000 0 fold 
5555 2660 2000 40 call 
1111 1960 2000 40 call 
4444 2000 2000 0 fold 
6666 1920 2000 40 blind 
8888 1880 2000 20 blind 
total pot: 180 
/inquire 
recv from player 7777: fold 

send inquire msg to player 8888 
inquire/ 
7777 1940 2000 0 fold 
3333 1900 2000 40 call 
2222 1560 2000 0 fold 
5555 2660 2000 40 call 
1111 1960 2000 40 call 
4444 2000 2000 0 fold 
6666 1920 2000 40 blind 
8888 1880 2000 20 blind 
total pot: 180 
/inquire 
recv from player 8888: call 
send inquire msg to player 6666 
inquire/ 
8888 1860 2000 40 call 
7777 1940 2000 0 fold 
3333 1900 2000 40 call 
2222 1560 2000 0 fold 
5555 2660 2000 40 call 
1111 1960 2000 40 call 
4444 2000 2000 0 fold 
6666 1920 2000 40 blind 
total pot: 200 
/inquire 
recv from player 6666: call 
flop/ 
HEARTS 8 
CLUBS 2 
CLUBS 4 
/flop 

---flop round bet---
valid player: 8, all in player: 0, fold player: 3
send inquire msg to player 8888 
inquire/ 
7777 1940 2000 0 fold 
3333 1900 2000 40 call 
2222 1560 2000 0 fold 
5555 2660 2000 40 call 
1111 1960 2000 40 call 
4444 2000 2000 0 fold 
6666 1920 2000 40 check 
8888 1860 2000 40 call 
total pot: 200 
/inquire 
recv from player 8888: call 
send inquire msg to player 6666 
inquire/ 
8888 1860 2000 40 check 
7777 1940 2000 0 fold 
3333 1900 2000 40 call 
2222 1560 2000 0 fold 
5555 2660 2000 40 call 
1111 1960 2000 40 call 
4444 2000 2000 0 fold 
6666 1920 2000 40 check 
total pot: 200 
/inquire 
recv from player 6666: raise 200 
send inquire msg to player 1111 
inquire/ 
4444 2000 2000 0 fold 
6666 1720 2000 240 raise 
8888 1860 2000 40 check 
7777 1940 2000 0 fold 
3333 1900 2000 40 call 
2222 1560 2000 0 fold 
5555 2660 2000 40 call 
1111 1960 2000 40 call 
total pot: 400 
/inquire 
recv from player 1111: fold 

send inquire msg to player 5555 
inquire/ 
1111 1960 2000 40 fold 
4444 2000 2000 0 fold 
6666 1720 2000 240 raise 
8888 1860 2000 40 check 
7777 1940 2000 0 fold 
3333 1900 2000 40 call 
2222 1560 2000 0 fold 
5555 2660 2000 40 call 
total pot: 400 
/inquire 
recv from player 5555: fold 
send inquire msg to player 3333 
inquire/ 
2222 1560 2000 0 fold 
5555 2660 2000 40 fold 
1111 1960 2000 40 fold 
4444 2000 2000 0 fold 
6666 1720 2000 240 raise 
8888 1860 2000 40 check 
7777 1940 2000 0 fold 
3333 1900 2000 40 call 
total pot: 400 
/inquire 
recv from player 3333: fold
send notify msg to player 7777 
notify/ 
3333 1900 2000 40 fold 
2222 1560 2000 0 fold 
5555 2660 2000 40 fold 
1111 1960 2000 40 fold 
4444 2000 2000 0 fold 
6666 1720 2000 240 raise 
8888 1860 2000 40 check 
7777 1940 2000 0 fold 
total pot: 400 
/notify 
send inquire msg to player 8888 
inquire/ 
7777 1940 2000 0 fold 
3333 1900 2000 40 fold 
2222 1560 2000 0 fold 
5555 2660 2000 40 fold 
1111 1960 2000 40 fold 
4444 2000 2000 0 fold 
6666 1720 2000 240 raise 
8888 1860 2000 40 check 
total pot: 400 
/inquire 
recv from player 8888: call 
turn/ 
DIAMONDS K 
/turn 

---turn round bet---
valid player: 8, all in player: 0, fold player: 6
send inquire msg to player 8888 
inquire/ 
7777 1940 2000 0 fold 
3333 1900 2000 40 fold 
2222 1560 2000 0 fold 
5555 2660 2000 40 fold 
1111 1960 2000 40 fold 
4444 2000 2000 0 fold 
6666 1720 2000 240 raise 
8888 1660 2000 240 call 
total pot: 600 
/inquire 
recv from player 8888: call 
send inquire msg to player 6666 
inquire/ 
8888 1660 2000 240 check 
7777 1940 2000 0 fold 
3333 1900 2000 40 fold 
2222 1560 2000 0 fold 
5555 2660 2000 40 fold 
1111 1960 2000 40 fold 
4444 2000 2000 0 fold 
6666 1720 2000 240 raise 
total pot: 600 
/inquire 
recv from player 6666: fold 

---river round bet---
valid player: 8, all in player: 0, fold player: 7

----- notify msg last round -----
send notify msg to player 1111 
notify/ 
4444 2000 2000 0 fold 
6666 1720 2000 240 fold 
8888 1660 2000 240 check 
7777 1940 2000 0 fold 
3333 1900 2000 40 fold 
2222 1560 2000 0 fold 
5555 2660 2000 40 fold 
1111 1960 2000 40 fold 
total pot: 600 
/notify 
send notify msg to player 7777 
notify/ 
3333 1900 2000 40 fold 
2222 1560 2000 0 fold 
5555 2660 2000 40 fold 
1111 1960 2000 40 fold 
4444 2000 2000 0 fold 
6666 1720 2000 240 fold 
8888 1660 2000 240 check 
7777 1940 2000 0 fold 
total pot: 600 
/notify 

--- 1 players not fold, don't need show down---

---Allocate pot---
Only player at seat 0 not fold, win all the pot 600
pot-win/ 
8888: 600 
/pot-win 
it is player 8888's turn to be button

-----4 Hand-----

----- clean player data in socket -----
seat/ 
button: 8888 2260 2000 
small blind: 6666 1720 2000 
big blind: 4444 2000 2000 
1111 1960 2000 
5555 2660 2000 
2222 1560 2000 
3333 1900 2000 
7777 1940 2000 
/seat 
blind/ 
6666: 20 
4444: 40 
/blind 
player 6666:hold/ 
HEARTS 6 
CLUBS J 
/hold 
player 4444:hold/ 
SPADES 4 
SPADES 9 
/hold 
player 1111:hold/ 
HEARTS 8 
SPADES 5 
/hold 
player 5555:hold/ 
DIAMONDS 3 
DIAMONDS K 
/hold 
player 2222:hold/ 
CLUBS 5 
HEARTS 4 
/hold 
player 3333:hold/ 
HEARTS J 
DIAMONDS J 
/hold 
player 7777:hold/ 
SPADES A 
HEARTS Q 
/hold 
player 8888:hold/ 
DIAMONDS 10 
CLUBS 4 
/hold 

---pre flop round bet---
valid player: 8, all in player: 0, fold player: 0
send inquire msg to player 1111 
inquire/ 
4444 1960 2000 40 blind 
6666 1700 2000 20 blind 
total pot: 60 
/inquire 
recv from player 1111: fold 

send inquire msg to player 5555 
inquire/ 
1111 1960 2000 0 fold 
4444 1960 2000 40 blind 
6666 1700 2000 20 blind 
total pot: 60 
/inquire 
recv from player 5555: call 
send inquire msg to player 2222 
inquire/ 
5555 2620 2000 40 call 
1111 1960 2000 0 fold 
4444 1960 2000 40 blind 
6666 1700 2000 20 blind 
total pot: 100 
/inquire 
recv from player 2222: call 

send inquire msg to player 3333 
inquire/ 
2222 1520 2000 40 call 
5555 2620 2000 40 call 
1111 1960 2000 0 fold 
4444 1960 2000 40 blind 
6666 1700 2000 20 blind 
total pot: 140 
/inquire 
recv from player 3333: raise 40
send inquire msg to player 7777 
inquire/ 
3333 1820 2000 80 raise 
2222 1520 2000 40 call 
5555 2620 2000 40 call 
1111 1960 2000 0 fold 
4444 1960 2000 40 blind 
6666 1700 2000 20 blind 
total pot: 220 
/inquire 
recv from player 7777: call 

send inquire msg to player 8888 
inquire/ 
7777 1860 2000 80 call 
3333 1820 2000 80 raise 
2222 1520 2000 40 call 
5555 2620 2000 40 call 
1111 1960 2000 0 fold 
4444 1960 2000 40 blind 
6666 1700 2000 20 blind 
total pot: 300 
/inquire 
recv from player 8888: call 
send inquire msg to player 6666 
inquire/ 
8888 2180 2000 80 call 
7777 1860 2000 80 call 
3333 1820 2000 80 raise 
2222 1520 2000 40 call 
5555 2620 2000 40 call 
1111 1960 2000 0 fold 
4444 1960 2000 40 blind 
6666 1700 2000 20 blind 
total pot: 380 
/inquire 
recv from player 6666: call 
send inquire msg to player 4444 
inquire/ 
6666 1640 2000 80 call 
8888 2180 2000 80 call 
7777 1860 2000 80 call 
3333 1820 2000 80 raise 
2222 1520 2000 40 call 
5555 2620 2000 40 call 
1111 1960 2000 0 fold 
4444 1960 2000 40 blind 
total pot: 440 
/inquire 
recv from player 4444: fold 
send notify msg to player 1111 
notify/ 
4444 1960 2000 40 fold 
6666 1640 2000 80 call 
8888 2180 2000 80 call 
7777 1860 2000 80 call 
3333 1820 2000 80 raise 
2222 1520 2000 40 call 
5555 2620 2000 40 call 
1111 1960 2000 0 fold 
total pot: 440 
/notify 
send inquire msg to player 5555 
inquire/ 
1111 1960 2000 0 fold 
4444 1960 2000 40 fold 
6666 1640 2000 80 call 
8888 2180 2000 80 call 
7777 1860 2000 80 call 
3333 1820 2000 80 raise 
2222 1520 2000 40 call 
5555 2620 2000 40 call 
total pot: 440 
/inquire 
recv from player 5555: call 
send inquire msg to player 2222 
inquire/ 
5555 2580 2000 80 call 
1111 1960 2000 0 fold 
4444 1960 2000 40 fold 
6666 1640 2000 80 call 
8888 2180 2000 80 call 
7777 1860 2000 80 call 
3333 1820 2000 80 raise 
2222 1520 2000 40 call 
total pot: 480 
/inquire 
recv from player 2222: call 

flop/ 
SPADES K 
CLUBS Q 
CLUBS 10 
/flop 

---flop round bet---
valid player: 8, all in player: 0, fold player: 2
send inquire msg to player 6666 
inquire/ 
8888 2180 2000 80 call 
7777 1860 2000 80 call 
3333 1820 2000 80 raise 
2222 1480 2000 80 call 
5555 2580 2000 80 call 
1111 1960 2000 0 fold 
4444 1960 2000 40 fold 
6666 1640 2000 80 call 
total pot: 520 
/inquire 
recv from player 6666: fold 
send notify msg to player 1111 
notify/ 
4444 1960 2000 40 fold 
6666 1640 2000 80 fold 
8888 2180 2000 80 call 
7777 1860 2000 80 call 
3333 1820 2000 80 raise 
2222 1480 2000 80 call 
5555 2580 2000 80 call 
1111 1960 2000 0 fold 
total pot: 520 
/notify 
send inquire msg to player 5555 
inquire/ 
1111 1960 2000 0 fold 
4444 1960 2000 40 fold 
6666 1640 2000 80 fold 
8888 2180 2000 80 call 
7777 1860 2000 80 call 
3333 1820 2000 80 raise 
2222 1480 2000 80 call 
5555 2580 2000 80 call 
total pot: 520 
/inquire 
recv from player 5555: call 
send inquire msg to player 2222 
inquire/ 
5555 2580 2000 80 check 
1111 1960 2000 0 fold 
4444 1960 2000 40 fold 
6666 1640 2000 80 fold 
8888 2180 2000 80 call 
7777 1860 2000 80 call 
3333 1820 2000 80 raise 
2222 1480 2000 80 call 
total pot: 520 
/inquire 
recv from player 2222: call 

send inquire msg to player 3333 
inquire/ 
2222 1480 2000 80 check 
5555 2580 2000 80 check 
1111 1960 2000 0 fold 
4444 1960 2000 40 fold 
6666 1640 2000 80 fold 
8888 2180 2000 80 call 
7777 1860 2000 80 call 
3333 1820 2000 80 raise 
total pot: 520 
/inquire 
recv from player 3333: raise 40
send inquire msg to player 7777 
inquire/ 
3333 1780 2000 120 raise 
2222 1480 2000 80 check 
5555 2580 2000 80 check 
1111 1960 2000 0 fold 
4444 1960 2000 40 fold 
6666 1640 2000 80 fold 
8888 2180 2000 80 call 
7777 1860 2000 80 call 
total pot: 560 
/inquire 
recv from player 7777: raise 40 

send inquire msg to player 8888 
inquire/ 
7777 1780 2000 160 raise 
3333 1780 2000 120 raise 
2222 1480 2000 80 check 
5555 2580 2000 80 check 
1111 1960 2000 0 fold 
4444 1960 2000 40 fold 
6666 1640 2000 80 fold 
8888 2180 2000 80 call 
total pot: 640 
/inquire 
recv from player 8888: call 
send notify msg to player 1111 
notify/ 
4444 1960 2000 40 fold 
6666 1640 2000 80 fold 
8888 2100 2000 160 call 
7777 1780 2000 160 raise 
3333 1780 2000 120 raise 
2222 1480 2000 80 check 
5555 2580 2000 80 check 
1111 1960 2000 0 fold 
total pot: 720 
/notify 
send inquire msg to player 5555 
inquire/ 
1111 1960 2000 0 fold 
4444 1960 2000 40 fold 
6666 1640 2000 80 fold 
8888 2100 2000 160 call 
7777 1780 2000 160 raise 
3333 1780 2000 120 raise 
2222 1480 2000 80 check 
5555 2580 2000 80 check 
total pot: 720 
/inquire 
recv from player 5555: call 
send inquire msg to player 2222 
inquire/ 
5555 2500 2000 160 call 
1111 1960 2000 0 fold 
4444 1960 2000 40 fold 
6666 1640 2000 80 fold 
8888 2100 2000 160 call 
7777 1780 2000 160 raise 
3333 1780 2000 120 raise 
2222 1480 2000 80 check 
total pot: 800 
/inquire 
recv from player 2222: fold 

send inquire msg to player 3333 
inquire/ 
2222 1480 2000 80 fold 
5555 2500 2000 160 call 
1111 1960 2000 0 fold 
4444 1960 2000 40 fold 
6666 1640 2000 80 fold 
8888 2100 2000 160 call 
7777 1780 2000 160 raise 
3333 1780 2000 120 raise 
total pot: 800 
/inquire 
recv from player 3333: raise 40
send inquire msg to player 7777 
inquire/ 
3333 1700 2000 200 raise 
2222 1480 2000 80 fold 
5555 2500 2000 160 call 
1111 1960 2000 0 fold 
4444 1960 2000 40 fold 
6666 1640 2000 80 fold 
8888 2100 2000 160 call 
7777 1780 2000 160 raise 
total pot: 880 
/inquire 
recv from player 7777: call 

send inquire msg to player 8888 
inquire/ 
7777 1740 2000 200 call 
3333 1700 2000 200 raise 
2222 1480 2000 80 fold 
5555 2500 2000 160 call 
1111 1960 2000 0 fold 
4444 1960 2000 40 fold 
6666 1640 2000 80 fold 
8888 2100 2000 160 call 
total pot: 920 
/inquire 
recv from player 8888: call 
send notify msg to player 1111 
notify/ 
4444 1960 2000 40 fold 
6666 1640 2000 80 fold 
8888 2060 2000 200 call 
7777 1740 2000 200 call 
3333 1700 2000 200 raise 
2222 1480 2000 80 fold 
5555 2500 2000 160 call 
1111 1960 2000 0 fold 
total pot: 960 
/notify 
send inquire msg to player 5555 
inquire/ 
1111 1960 2000 0 fold 
4444 1960 2000 40 fold 
6666 1640 2000 80 fold 
8888 2060 2000 200 call 
7777 1740 2000 200 call 
3333 1700 2000 200 raise 
2222 1480 2000 80 fold 
5555 2500 2000 160 call 
total pot: 960 
/inquire 
recv from player 5555: call 
turn/ 
CLUBS 6 
/turn 

---turn round bet---
valid player: 8, all in player: 0, fold player: 4
send notify msg to player 1111 
notify/ 
4444 1960 2000 40 fold 
6666 1640 2000 80 fold 
8888 2060 2000 200 call 
7777 1740 2000 200 call 
3333 1700 2000 200 raise 
2222 1480 2000 80 fold 
5555 2460 2000 200 call 
1111 1960 2000 0 fold 
total pot: 1000 
/notify 
send inquire msg to player 5555 
inquire/ 
1111 1960 2000 0 fold 
4444 1960 2000 40 fold 
6666 1640 2000 80 fold 
8888 2060 2000 200 call 
7777 1740 2000 200 call 
3333 1700 2000 200 raise 
2222 1480 2000 80 fold 
5555 2460 2000 200 call 
total pot: 1000 
/inquire 
recv from player 5555: call 
send inquire msg to player 3333 
inquire/ 
2222 1480 2000 80 fold 
5555 2460 2000 200 check 
1111 1960 2000 0 fold 
4444 1960 2000 40 fold 
6666 1640 2000 80 fold 
8888 2060 2000 200 call 
7777 1740 2000 200 call 
3333 1700 2000 200 raise 
total pot: 1000 
/inquire 
recv from player 3333: raise 40
send inquire msg to player 7777 
inquire/ 
3333 1660 2000 240 raise 
2222 1480 2000 80 fold 
5555 2460 2000 200 check 
1111 1960 2000 0 fold 
4444 1960 2000 40 fold 
6666 1640 2000 80 fold 
8888 2060 2000 200 call 
7777 1740 2000 200 call 
total pot: 1040 
/inquire 
recv from player 7777: call 

send inquire msg to player 8888 
inquire/ 
7777 1700 2000 240 call 
3333 1660 2000 240 raise 
2222 1480 2000 80 fold 
5555 2460 2000 200 check 
1111 1960 2000 0 fold 
4444 1960 2000 40 fold 
6666 1640 2000 80 fold 
8888 2060 2000 200 call 
total pot: 1080 
/inquire 
recv from player 8888: call 
send notify msg to player 1111 
notify/ 
4444 1960 2000 40 fold 
6666 1640 2000 80 fold 
8888 2020 2000 240 call 
7777 1700 2000 240 call 
3333 1660 2000 240 raise 
2222 1480 2000 80 fold 
5555 2460 2000 200 check 
1111 1960 2000 0 fold 
total pot: 1120 
/notify 
send inquire msg to player 5555 
inquire/ 
1111 1960 2000 0 fold 
4444 1960 2000 40 fold 
6666 1640 2000 80 fold 
8888 2020 2000 240 call 
7777 1700 2000 240 call 
3333 1660 2000 240 raise 
2222 1480 2000 80 fold 
5555 2460 2000 200 check 
total pot: 1120 
/inquire 
recv from player 5555: call 
river/ 
SPADES 2 
/river 

---river round bet---
valid player: 8, all in player: 0, fold player: 4
send notify msg to player 1111 
notify/ 
4444 1960 2000 40 fold 
6666 1640 2000 80 fold 
8888 2020 2000 240 call 
7777 1700 2000 240 call 
3333 1660 2000 240 raise 
2222 1480 2000 80 fold 
5555 2420 2000 240 call 
1111 1960 2000 0 fold 
total pot: 1160 
/notify 
send inquire msg to player 5555 
inquire/ 
1111 1960 2000 0 fold 
4444 1960 2000 40 fold 
6666 1640 2000 80 fold 
8888 2020 2000 240 call 
7777 1700 2000 240 call 
3333 1660 2000 240 raise 
2222 1480 2000 80 fold 
5555 2420 2000 240 call 
total pot: 1160 
/inquire 
recv from player 5555: call 
send inquire msg to player 3333 
inquire/ 
2222 1480 2000 80 fold 
5555 2420 2000 240 check 
1111 1960 2000 0 fold 
4444 1960 2000 40 fold 
6666 1640 2000 80 fold 
8888 2020 2000 240 call 
7777 1700 2000 240 call 
3333 1660 2000 240 raise 
total pot: 1160 
/inquire 
recv from player 3333: raise 80
send inquire msg to player 7777 
inquire/ 
3333 1580 2000 320 raise 
2222 1480 2000 80 fold 
5555 2420 2000 240 check 
1111 1960 2000 0 fold 
4444 1960 2000 40 fold 
6666 1640 2000 80 fold 
8888 2020 2000 240 call 
7777 1700 2000 240 call 
total pot: 1240 
/inquire 
recv from player 7777: call 

send inquire msg to player 8888 
inquire/ 
7777 1620 2000 320 call 
3333 1580 2000 320 raise 
2222 1480 2000 80 fold 
5555 2420 2000 240 check 
1111 1960 2000 0 fold 
4444 1960 2000 40 fold 
6666 1640 2000 80 fold 
8888 2020 2000 240 call 
total pot: 1320 
/inquire 
recv from player 8888: fold 
send notify msg to player 1111 
notify/ 
4444 1960 2000 40 fold 
6666 1640 2000 80 fold 
8888 2020 2000 240 fold 
7777 1620 2000 320 call 
3333 1580 2000 320 raise 
2222 1480 2000 80 fold 
5555 2420 2000 240 check 
1111 1960 2000 0 fold 
total pot: 1320 
/notify 
send inquire msg to player 5555 
inquire/ 
1111 1960 2000 0 fold 
4444 1960 2000 40 fold 
6666 1640 2000 80 fold 
8888 2020 2000 240 fold 
7777 1620 2000 320 call 
3333 1580 2000 320 raise 
2222 1480 2000 80 fold 
5555 2420 2000 240 check 
total pot: 1320 
/inquire 
recv from player 5555: call 

----- notify msg last round -----
send notify msg to player 7777 
notify/ 
3333 1580 2000 320 raise 
2222 1480 2000 80 fold 
5555 2340 2000 320 call 
1111 1960 2000 0 fold 
4444 1960 2000 40 fold 
6666 1640 2000 80 fold 
8888 2020 2000 240 fold 
7777 1620 2000 320 call 
total pot: 1400 
/notify 
send notify msg to player 1111 
notify/ 
4444 1960 2000 40 fold 
6666 1640 2000 80 fold 
8888 2020 2000 240 fold 
7777 1620 2000 320 call 
3333 1580 2000 320 raise 
2222 1480 2000 80 fold 
5555 2340 2000 320 call 
1111 1960 2000 0 fold 
total pot: 1400 
/notify 

---show down---
showdown/ 
common/ 
SPADES K 
CLUBS Q 
CLUBS 10 
CLUBS 6 
SPADES 2 
/common 
1: 5555 DIAMONDS 3 DIAMONDS K ONE_PAIR 
3: 3333 HEARTS J DIAMONDS J ONE_PAIR 
2: 7777 SPADES A HEARTS Q ONE_PAIR 
/showdown 

---Allocate pot---
pot-win/ 
5555: 1400 
/pot-win 
it is player 6666's turn to be button

-----5 Hand-----

----- clean player data in socket -----
seat/ 
button: 6666 1640 2000 
small blind: 4444 1960 2000 
big blind: 1111 1960 2000 
5555 3740 2000 
2222 1480 2000 
3333 1580 2000 
7777 1620 2000 
8888 2020 2000 
/seat 
blind/ 
4444: 20 
1111: 40 
/blind 
player 4444:hold/ 
HEARTS 8 
SPADES 10 
/hold 
player 1111:hold/ 
DIAMONDS A 
DIAMONDS 5 
/hold 
player 5555:hold/ 
CLUBS 5 
HEARTS 5 
/hold 
player 2222:hold/ 
HEARTS J 
HEARTS 6 
/hold 
player 3333:hold/ 
HEARTS 9 
HEARTS 3 
/hold 
player 7777:hold/ 
CLUBS 3 
CLUBS K 
/hold 
player 8888:hold/ 
HEARTS A 
DIAMONDS 9 
/hold 
player 6666:hold/ 
DIAMONDS 3 
DIAMONDS K 
/hold 

---pre flop round bet---
valid player: 8, all in player: 0, fold player: 0
send inquire msg to player 5555 
inquire/ 
1111 1920 2000 40 blind 
4444 1940 2000 20 blind 
total pot: 60 
/inquire 
recv from player 5555: call 
send inquire msg to player 2222 
inquire/ 
5555 3700 2000 40 call 
1111 1920 2000 40 blind 
4444 1940 2000 20 blind 
total pot: 100 
/inquire 
recv from player 2222: fold 

send inquire msg to player 3333 
inquire/ 
2222 1480 2000 0 fold 
5555 3700 2000 40 call 
1111 1920 2000 40 blind 
4444 1940 2000 20 blind 
total pot: 100 
/inquire 
recv from player 3333: fold
send inquire msg to player 7777 
inquire/ 
3333 1580 2000 0 fold 
2222 1480 2000 0 fold 
5555 3700 2000 40 call 
1111 1920 2000 40 blind 
4444 1940 2000 20 blind 
total pot: 100 
/inquire 
recv from player 7777: fold 

send inquire msg to player 8888 
inquire/ 
7777 1620 2000 0 fold 
3333 1580 2000 0 fold 
2222 1480 2000 0 fold 
5555 3700 2000 40 call 
1111 1920 2000 40 blind 
4444 1940 2000 20 blind 
total pot: 100 
/inquire 
recv from player 8888: call 
send inquire msg to player 6666 
inquire/ 
8888 1980 2000 40 call 
7777 1620 2000 0 fold 
3333 1580 2000 0 fold 
2222 1480 2000 0 fold 
5555 3700 2000 40 call 
1111 1920 2000 40 blind 
4444 1940 2000 20 blind 
total pot: 140 
/inquire 
recv from player 6666: call 
send inquire msg to player 4444 
inquire/ 
6666 1600 2000 40 call 
8888 1980 2000 40 call 
7777 1620 2000 0 fold 
3333 1580 2000 0 fold 
2222 1480 2000 0 fold 
5555 3700 2000 40 call 
1111 1920 2000 40 blind 
4444 1940 2000 20 blind 
total pot: 180 
/inquire 
recv from player 4444: call 
send inquire msg to player 1111 
inquire/ 
4444 1920 2000 40 call 
6666 1600 2000 40 call 
8888 1980 2000 40 call 
7777 1620 2000 0 fold 
3333 1580 2000 0 fold 
2222 1480 2000 0 fold 
5555 3700 2000 40 call 
1111 1920 2000 40 blind 
total pot: 200 
/inquire 
recv from player 1111: check 

flop/ 
CLUBS J 
CLUBS 6 
SPADES 5 
/flop 

---flop round bet---
valid player: 8, all in player: 0, fold player: 3
send inquire msg to player 4444 
inquire/ 
6666 1600 2000 40 call 
8888 1980 2000 40 call 
7777 1620 2000 0 fold 
3333 1580 2000 0 fold 
2222 1480 2000 0 fold 
5555 3700 2000 40 call 
1111 1920 2000 40 check 
4444 1920 2000 40 call 
total pot: 200 
/inquire 
recv from player 4444: fold 
send inquire msg to player 1111 
inquire/ 
4444 1920 2000 40 fold 
6666 1600 2000 40 call 
8888 1980 2000 40 call 
7777 1620 2000 0 fold 
3333 1580 2000 0 fold 
2222 1480 2000 0 fold 
5555 3700 2000 40 call 
1111 1920 2000 40 check 
total pot: 200 
/inquire 
recv from player 1111: check 

send inquire msg to player 5555 
inquire/ 
1111 1920 2000 40 check 
4444 1920 2000 40 fold 
6666 1600 2000 40 call 
8888 1980 2000 40 call 
7777 1620 2000 0 fold 
3333 1580 2000 0 fold 
2222 1480 2000 0 fold 
5555 3700 2000 40 call 
total pot: 200 
/inquire 
recv from player 5555: call 
send notify msg to player 7777 
notify/ 
3333 1580 2000 0 fold 
2222 1480 2000 0 fold 
5555 3700 2000 40 check 
1111 1920 2000 40 check 
4444 1920 2000 40 fold 
6666 1600 2000 40 call 
8888 1980 2000 40 call 
7777 1620 2000 0 fold 
total pot: 200 
/notify 
send inquire msg to player 8888 
inquire/ 
7777 1620 2000 0 fold 
3333 1580 2000 0 fold 
2222 1480 2000 0 fold 
5555 3700 2000 40 check 
1111 1920 2000 40 check 
4444 1920 2000 40 fold 
6666 1600 2000 40 call 
8888 1980 2000 40 call 
total pot: 200 
/inquire 
recv from player 8888: call 
send inquire msg to player 6666 
inquire/ 
8888 1980 2000 40 check 
7777 1620 2000 0 fold 
3333 1580 2000 0 fold 
2222 1480 2000 0 fold 
5555 3700 2000 40 check 
1111 1920 2000 40 check 
4444 1920 2000 40 fold 
