

===VERSION 1.24===
---GAME START @ 2015-5-24-19-22-58---

wait registration for 30 seconds
reg: 2222 new 
reg: 3333 DSB  reg: 5555 DSB  reg: 6666 Ty_lxx 
reg: 1111 _tomjerrydavi need_notify 
reg: 4444 _tomjerrydavi need_notify 
reg: 8888 Ty_lxx 
reg: 7777 cleverbot need_notify 
close registration

-----1 Hand-----

----- clean player data in socket -----
seat/ 
button: 7777 2000 2000 
small blind: 2222 2000 2000 
big blind: 3333 2000 2000 
8888 2000 2000 
4444 2000 2000 
1111 2000 2000 
6666 2000 2000 
5555 2000 2000 
/seat 
blind/ 
2222: 20 
3333: 40 
/blind 
player 2222:hold/ 
DIAMONDS Q 
SPADES 8 
/hold 
player 3333:hold/ 
SPADES 6 
DIAMONDS 5 
/hold 
player 8888:hold/ 
DIAMONDS 3 
DIAMONDS 9 
/hold 
player 4444:hold/ 
SPADES 10 
DIAMONDS A 
/hold 
player 1111:hold/ 
CLUBS 4 
DIAMONDS J 
/hold 
player 6666:hold/ 
SPADES 7 
DIAMONDS 8 
/hold 
player 5555:hold/ 
CLUBS 3 
HEARTS 6 
/hold 
player 7777:hold/ 
DIAMONDS 7 
HEARTS 7 
/hold 

---pre flop round bet---
valid player: 8, all in player: 0, fold player: 0
send inquire msg to player 8888 
inquire/ 
3333 1960 2000 40 blind 
2222 1980 2000 20 blind 
total pot: 60 
/inquire 
recv from player 8888: fold 

send inquire msg to player 4444 
inquire/ 
8888 2000 2000 0 fold 
3333 1960 2000 40 blind 
2222 1980 2000 20 blind 
total pot: 60 
/inquire 
recv from player 4444: raise 40 

send inquire msg to player 1111 
inquire/ 
4444 1920 2000 80 raise 
8888 2000 2000 0 fold 
3333 1960 2000 40 blind 
2222 1980 2000 20 blind 
total pot: 140 
/inquire 
recv from player 1111: fold 

send inquire msg to player 6666 
inquire/ 
1111 2000 2000 0 fold 
4444 1920 2000 80 raise 
8888 2000 2000 0 fold 
3333 1960 2000 40 blind 
2222 1980 2000 20 blind 
total pot: 140 
/inquire 
recv from player 6666: fold 

send inquire msg to player 5555 
inquire/ 
6666 2000 2000 0 fold 
1111 2000 2000 0 fold 
4444 1920 2000 80 raise 
8888 2000 2000 0 fold 
3333 1960 2000 40 blind 
2222 1980 2000 20 blind 
total pot: 140 
/inquire 
recv from player 5555: call 
send inquire msg to player 7777 
inquire/ 
5555 1920 2000 80 call 
6666 2000 2000 0 fold 
1111 2000 2000 0 fold 
4444 1920 2000 80 raise 
8888 2000 2000 0 fold 
3333 1960 2000 40 blind 
2222 1980 2000 20 blind 
total pot: 220 
/inquire 
recv from player 7777: call 

send inquire msg to player 2222 
inquire/ 
7777 1920 2000 80 call 
5555 1920 2000 80 call 
6666 2000 2000 0 fold 
1111 2000 2000 0 fold 
4444 1920 2000 80 raise 
8888 2000 2000 0 fold 
3333 1960 2000 40 blind 
2222 1980 2000 20 blind 
total pot: 300 
/inquire 
recv from player 2222: fold 

send inquire msg to player 3333 
inquire/ 
2222 1980 2000 20 fold 
7777 1920 2000 80 call 
5555 1920 2000 80 call 
6666 2000 2000 0 fold 
1111 2000 2000 0 fold 
4444 1920 2000 80 raise 
8888 2000 2000 0 fold 
3333 1960 2000 40 blind 
total pot: 300 
/inquire 
recv from player 3333: call 
flop/ 
CLUBS Q 
CLUBS J 
DIAMONDS K 
/flop 

---flop round bet---
valid player: 8, all in player: 0, fold player: 4
send inquire msg to player 3333 
inquire/ 
2222 1980 2000 20 fold 
7777 1920 2000 80 call 
5555 1920 2000 80 call 
6666 2000 2000 0 fold 
1111 2000 2000 0 fold 
4444 1920 2000 80 raise 
8888 2000 2000 0 fold 
3333 1920 2000 80 call 
total pot: 340 
/inquire 
recv from player 3333: fold 
send inquire msg to player 4444 
inquire/ 
8888 2000 2000 0 fold 
3333 1920 2000 80 fold 
2222 1980 2000 20 fold 
7777 1920 2000 80 call 
5555 1920 2000 80 call 
6666 2000 2000 0 fold 
1111 2000 2000 0 fold 
4444 1920 2000 80 raise 
total pot: 340 
/inquire 
recv from player 4444: raise 600 

send notify msg to player 1111 
notify/ 
4444 1320 2000 680 raise 
8888 2000 2000 0 fold 
3333 1920 2000 80 fold 
2222 1980 2000 20 fold 
7777 1920 2000 80 call 
5555 1920 2000 80 call 
6666 2000 2000 0 fold 
1111 2000 2000 0 fold 
total pot: 940 
/notify 
send inquire msg to player 5555 
inquire/ 
6666 2000 2000 0 fold 
1111 2000 2000 0 fold 
4444 1320 2000 680 raise 
8888 2000 2000 0 fold 
3333 1920 2000 80 fold 
2222 1980 2000 20 fold 
7777 1920 2000 80 call 
5555 1920 2000 80 call 
total pot: 940 
/inquire 
recv from player 5555: fold 
send inquire msg to player 7777 
inquire/ 
5555 1920 2000 80 fold 
6666 2000 2000 0 fold 
1111 2000 2000 0 fold 
4444 1320 2000 680 raise 
8888 2000 2000 0 fold 
3333 1920 2000 80 fold 
2222 1980 2000 20 fold 
7777 1920 2000 80 call 
total pot: 940 
/inquire 
recv from player 7777: fold 


---turn round bet---
valid player: 8, all in player: 0, fold player: 7

---river round bet---
valid player: 8, all in player: 0, fold player: 7

----- notify msg last round -----
send notify msg to player 4444 
notify/ 
8888 2000 2000 0 fold 
3333 1920 2000 80 fold 
2222 1980 2000 20 fold 
7777 1920 2000 80 fold 
5555 1920 2000 80 fold 
6666 2000 2000 0 fold 
1111 2000 2000 0 fold 
4444 1320 2000 680 raise 
total pot: 940 
/notify 
send notify msg to player 1111 
notify/ 
4444 1320 2000 680 raise 
8888 2000 2000 0 fold 
3333 1920 2000 80 fold 
2222 1980 2000 20 fold 
7777 1920 2000 80 fold 
5555 1920 2000 80 fold 
6666 2000 2000 0 fold 
1111 2000 2000 0 fold 
total pot: 940 
/notify 
send notify msg to player 7777 
notify/ 
5555 1920 2000 80 fold 
6666 2000 2000 0 fold 
1111 2000 2000 0 fold 
4444 1320 2000 680 raise 
8888 2000 2000 0 fold 
3333 1920 2000 80 fold 
2222 1980 2000 20 fold 
7777 1920 2000 80 fold 
total pot: 940 
/notify 

--- 1 players not fold, don't need show down---

---Allocate pot---
Only player at seat 3 not fold, win all the pot 940
pot-win/ 
4444: 940 
/pot-win 
it is player 2222's turn to be button

-----2 Hand-----

----- clean player data in socket -----
seat/ 
button: 2222 1980 2000 
small blind: 3333 1920 2000 
big blind: 8888 2000 2000 
4444 2260 2000 
1111 2000 2000 
6666 2000 2000 
5555 1920 2000 
7777 1920 2000 
/seat 
blind/ 
3333: 20 
8888: 40 
/blind 
player 3333:hold/ 
SPADES 6 
SPADES 7 
/hold 
player 8888:hold/ 
DIAMONDS 3 
DIAMONDS 5 
/hold 
player 4444:hold/ 
SPADES 9 
HEARTS 2 
/hold 
player 1111:hold/ 
HEARTS A 
HEARTS J 
/hold 
player 6666:hold/ 
CLUBS 2 
DIAMONDS 9 
/hold 
player 5555:hold/ 
HEARTS K 
DIAMONDS 8 
/hold 
player 7777:hold/ 
HEARTS 9 
CLUBS 9 
/hold 
player 2222:hold/ 
DIAMONDS 10 
CLUBS J 
/hold 

---pre flop round bet---
valid player: 8, all in player: 0, fold player: 0
send inquire msg to player 4444 
inquire/ 
8888 1960 2000 40 blind 
3333 1900 2000 20 blind 
total pot: 60 
/inquire 
recv from player 4444: fold 

send inquire msg to player 1111 
inquire/ 
4444 2260 2000 0 fold 
8888 1960 2000 40 blind 
3333 1900 2000 20 blind 
total pot: 60 
/inquire 
recv from player 1111: raise 40 

send inquire msg to player 6666 
inquire/ 
1111 1920 2000 80 raise 
4444 2260 2000 0 fold 
8888 1960 2000 40 blind 
3333 1900 2000 20 blind 
total pot: 140 
/inquire 
recv from player 6666: fold 

send inquire msg to player 5555 
inquire/ 
6666 2000 2000 0 fold 
1111 1920 2000 80 raise 
4444 2260 2000 0 fold 
8888 1960 2000 40 blind 
3333 1900 2000 20 blind 
total pot: 140 
/inquire 
recv from player 5555: call 
send inquire msg to player 7777 
inquire/ 
5555 1840 2000 80 call 
6666 2000 2000 0 fold 
1111 1920 2000 80 raise 
4444 2260 2000 0 fold 
8888 1960 2000 40 blind 
3333 1900 2000 20 blind 
total pot: 220 
/inquire 
recv from player 7777: call 

send inquire msg to player 2222 
inquire/ 
7777 1840 2000 80 call 
5555 1840 2000 80 call 
6666 2000 2000 0 fold 
1111 1920 2000 80 raise 
4444 2260 2000 0 fold 
8888 1960 2000 40 blind 
3333 1900 2000 20 blind 
total pot: 300 
/inquire 
recv from player 2222: fold 

send inquire msg to player 3333 
inquire/ 
2222 1980 2000 0 fold 
7777 1840 2000 80 call 
5555 1840 2000 80 call 
6666 2000 2000 0 fold 
1111 1920 2000 80 raise 
4444 2260 2000 0 fold 
8888 1960 2000 40 blind 
3333 1900 2000 20 blind 
total pot: 300 
/inquire 
recv from player 3333: call 
send inquire msg to player 8888 
inquire/ 
3333 1840 2000 80 call 
2222 1980 2000 0 fold 
7777 1840 2000 80 call 
5555 1840 2000 80 call 
6666 2000 2000 0 fold 
1111 1920 2000 80 raise 
4444 2260 2000 0 fold 
8888 1960 2000 40 blind 
total pot: 360 
/inquire 
recv from player 8888: raise 240 

send notify msg to player 4444 
notify/ 
8888 1680 2000 320 raise 
3333 1840 2000 80 call 
2222 1980 2000 0 fold 
7777 1840 2000 80 call 
5555 1840 2000 80 call 
6666 2000 2000 0 fold 
1111 1920 2000 80 raise 
4444 2260 2000 0 fold 
total pot: 640 
/notify 
send inquire msg to player 1111 
inquire/ 
4444 2260 2000 0 fold 
8888 1680 2000 320 raise 
3333 1840 2000 80 call 
2222 1980 2000 0 fold 
7777 1840 2000 80 call 
5555 1840 2000 80 call 
6666 2000 2000 0 fold 
1111 1920 2000 80 raise 
total pot: 640 
/inquire 
recv from player 1111: fold 

send inquire msg to player 5555 
inquire/ 
6666 2000 2000 0 fold 
1111 1920 2000 80 fold 
4444 2260 2000 0 fold 
8888 1680 2000 320 raise 
3333 1840 2000 80 call 
2222 1980 2000 0 fold 
7777 1840 2000 80 call 
5555 1840 2000 80 call 
total pot: 640 
/inquire 
recv from player 5555: fold 
send inquire msg to player 7777 
inquire/ 
5555 1840 2000 80 fold 
6666 2000 2000 0 fold 
1111 1920 2000 80 fold 
4444 2260 2000 0 fold 
8888 1680 2000 320 raise 
3333 1840 2000 80 call 
2222 1980 2000 0 fold 
7777 1840 2000 80 call 
total pot: 640 
/inquire 
recv from player 7777: call 

send inquire msg to player 3333 
inquire/ 
2222 1980 2000 0 fold 
7777 1600 2000 320 call 
5555 1840 2000 80 fold 
6666 2000 2000 0 fold 
1111 1920 2000 80 fold 
4444 2260 2000 0 fold 
8888 1680 2000 320 raise 
3333 1840 2000 80 call 
total pot: 880 
/inquire 
recv from player 3333: fold 
flop/ 
SPADES 10 
DIAMONDS A 
HEARTS 4 
/flop 

---flop round bet---
valid player: 8, all in player: 0, fold player: 6
send inquire msg to player 8888 
inquire/ 
3333 1840 2000 80 fold 
2222 1980 2000 0 fold 
7777 1600 2000 320 call 
5555 1840 2000 80 fold 
6666 2000 2000 0 fold 
1111 1920 2000 80 fold 
4444 2260 2000 0 fold 
8888 1680 2000 320 raise 
total pot: 880 
/inquire 
recv from player 8888: call 

send notify msg to player 4444 
notify/ 
8888 1680 2000 320 check 
3333 1840 2000 80 fold 
2222 1980 2000 0 fold 
7777 1600 2000 320 call 
5555 1840 2000 80 fold 
6666 2000 2000 0 fold 
1111 1920 2000 80 fold 
4444 2260 2000 0 fold 
total pot: 880 
/notify 
send notify msg to player 1111 
notify/ 
4444 2260 2000 0 fold 
8888 1680 2000 320 check 
3333 1840 2000 80 fold 
2222 1980 2000 0 fold 
7777 1600 2000 320 call 
5555 1840 2000 80 fold 
6666 2000 2000 0 fold 
1111 1920 2000 80 fold 
total pot: 880 
/notify 
send inquire msg to player 7777 
inquire/ 
5555 1840 2000 80 fold 
6666 2000 2000 0 fold 
1111 1920 2000 80 fold 
4444 2260 2000 0 fold 
8888 1680 2000 320 check 
3333 1840 2000 80 fold 
2222 1980 2000 0 fold 
7777 1600 2000 320 call 
total pot: 880 
/inquire 
recv from player 7777: call 

turn/ 
DIAMONDS 2 
/turn 

---turn round bet---
valid player: 8, all in player: 0, fold player: 6
send inquire msg to player 8888 
inquire/ 
3333 1840 2000 80 fold 
2222 1980 2000 0 fold 
7777 1600 2000 320 check 
5555 1840 2000 80 fold 
6666 2000 2000 0 fold 
1111 1920 2000 80 fold 
4444 2260 2000 0 fold 
8888 1680 2000 320 check 
total pot: 880 
/inquire 
recv from player 8888: raise 240 

send notify msg to player 4444 
notify/ 
8888 1440 2000 560 raise 
3333 1840 2000 80 fold 
2222 1980 2000 0 fold 
7777 1600 2000 320 check 
5555 1840 2000 80 fold 
6666 2000 2000 0 fold 
1111 1920 2000 80 fold 
4444 2260 2000 0 fold 
total pot: 1120 
/notify 
send notify msg to player 1111 
notify/ 
4444 2260 2000 0 fold 
8888 1440 2000 560 raise 
3333 1840 2000 80 fold 
2222 1980 2000 0 fold 
7777 1600 2000 320 check 
5555 1840 2000 80 fold 
6666 2000 2000 0 fold 
1111 1920 2000 80 fold 
total pot: 1120 
/notify 
send inquire msg to player 7777 
inquire/ 
5555 1840 2000 80 fold 
6666 2000 2000 0 fold 
1111 1920 2000 80 fold 
4444 2260 2000 0 fold 
8888 1440 2000 560 raise 
3333 1840 2000 80 fold 
2222 1980 2000 0 fold 
7777 1600 2000 320 check 
total pot: 1120 
/inquire 
recv from player 7777: call 

river/ 
HEARTS 6 
/river 

---river round bet---
valid player: 8, all in player: 0, fold player: 6
send inquire msg to player 8888 
inquire/ 
3333 1840 2000 80 fold 
2222 1980 2000 0 fold 
7777 1360 2000 560 call 
5555 1840 2000 80 fold 
6666 2000 2000 0 fold 
1111 1920 2000 80 fold 
4444 2260 2000 0 fold 
8888 1440 2000 560 raise 
total pot: 1360 
/inquire 
recv from player 8888: call 

send notify msg to player 4444 
notify/ 
8888 1440 2000 560 check 
3333 1840 2000 80 fold 
2222 1980 2000 0 fold 
7777 1360 2000 560 call 
5555 1840 2000 80 fold 
6666 2000 2000 0 fold 
1111 1920 2000 80 fold 
4444 2260 2000 0 fold 
total pot: 1360 
/notify 
send notify msg to player 1111 
notify/ 
4444 2260 2000 0 fold 
8888 1440 2000 560 check 
3333 1840 2000 80 fold 
2222 1980 2000 0 fold 
7777 1360 2000 560 call 
5555 1840 2000 80 fold 
6666 2000 2000 0 fold 
1111 1920 2000 80 fold 
total pot: 1360 
/notify 
send inquire msg to player 7777 
inquire/ 
5555 1840 2000 80 fold 
6666 2000 2000 0 fold 
1111 1920 2000 80 fold 
4444 2260 2000 0 fold 
8888 1440 2000 560 check 
3333 1840 2000 80 fold 
2222 1980 2000 0 fold 
7777 1360 2000 560 call 
total pot: 1360 
/inquire 
recv from player 7777: call 


----- notify msg last round -----
send notify msg to player 4444 
notify/ 
8888 1440 2000 560 check 
3333 1840 2000 80 fold 
2222 1980 2000 0 fold 
7777 1360 2000 560 check 
5555 1840 2000 80 fold 
6666 2000 2000 0 fold 
1111 1920 2000 80 fold 
4444 2260 2000 0 fold 
total pot: 1360 
/notify 
send notify msg to player 1111 
notify/ 
4444 2260 2000 0 fold 
8888 1440 2000 560 check 
3333 1840 2000 80 fold 
2222 1980 2000 0 fold 
7777 1360 2000 560 check 
5555 1840 2000 80 fold 
6666 2000 2000 0 fold 
1111 1920 2000 80 fold 
total pot: 1360 
/notify 
send notify msg to player 7777 
notify/ 
5555 1840 2000 80 fold 
6666 2000 2000 0 fold 
1111 1920 2000 80 fold 
4444 2260 2000 0 fold 
8888 1440 2000 560 check 
3333 1840 2000 80 fold 
2222 1980 2000 0 fold 
7777 1360 2000 560 check 
total pot: 1360 
/notify 

---show down---
showdown/ 
common/ 
SPADES 10 
DIAMONDS A 
HEARTS 4 
DIAMONDS 2 
HEARTS 6 
/common 
1: 8888 DIAMONDS 3 DIAMONDS 5 STRAIGHT 
2: 7777 HEARTS 9 CLUBS 9 ONE_PAIR 
/showdown 

---Allocate pot---
pot-win/ 
8888: 1360 
/pot-win 
it is player 3333's turn to be button

-----3 Hand-----

----- clean player data in socket -----
seat/ 
button: 3333 1840 2000 
small blind: 8888 2800 2000 
big blind: 4444 2260 2000 
1111 1920 2000 
6666 2000 2000 
5555 1840 2000 
7777 1360 2000 
2222 1980 2000 
/seat 
blind/ 
8888: 20 
4444: 40 
/blind 
player 8888:hold/ 
CLUBS 2 
DIAMONDS 6 
/hold 
player 4444:hold/ 
DIAMONDS J 
HEARTS 5 
/hold 
player 1111:hold/ 
CLUBS 3 
DIAMONDS K 
/hold 
player 6666:hold/ 
SPADES 5 
HEARTS K 
/hold 
player 5555:hold/ 
CLUBS 6 
HEARTS 4 
/hold 
player 7777:hold/ 
HEARTS J 
SPADES 2 
/hold 
player 2222:hold/ 
DIAMONDS 4 
SPADES J 
/hold 
player 3333:hold/ 
HEARTS 7 
HEARTS 2 
/hold 

---pre flop round bet---
valid player: 8, all in player: 0, fold player: 0
send inquire msg to player 1111 
inquire/ 
4444 2220 2000 40 blind 
8888 2780 2000 20 blind 
total pot: 60 
/inquire 
recv from player 1111: call 

send inquire msg to player 6666 
inquire/ 
1111 1880 2000 40 call 
4444 2220 2000 40 blind 
8888 2780 2000 20 blind 
total pot: 100 
/inquire 
recv from player 6666: fold 

send inquire msg to player 5555 
inquire/ 
6666 2000 2000 0 fold 
1111 1880 2000 40 call 
4444 2220 2000 40 blind 
8888 2780 2000 20 blind 
total pot: 100 
/inquire 
recv from player 5555: call 
send inquire msg to player 7777 
inquire/ 
5555 1800 2000 40 call 
6666 2000 2000 0 fold 
1111 1880 2000 40 call 
4444 2220 2000 40 blind 
8888 2780 2000 20 blind 
total pot: 140 
/inquire 
recv from player 7777: fold 

send inquire msg to player 2222 
inquire/ 
7777 1360 2000 0 fold 
5555 1800 2000 40 call 
6666 2000 2000 0 fold 
1111 1880 2000 40 call 
4444 2220 2000 40 blind 
8888 2780 2000 20 blind 
total pot: 140 
/inquire 
recv from player 2222: fold 

send inquire msg to player 3333 
inquire/ 
2222 1980 2000 0 fold 
7777 1360 2000 0 fold 
5555 1800 2000 40 call 
6666 2000 2000 0 fold 
1111 1880 2000 40 call 
4444 2220 2000 40 blind 
8888 2780 2000 20 blind 
total pot: 140 
/inquire 
recv from player 3333: call 
send inquire msg to player 8888 
inquire/ 
3333 1800 2000 40 call 
2222 1980 2000 0 fold 
7777 1360 2000 0 fold 
5555 1800 2000 40 call 
6666 2000 2000 0 fold 
1111 1880 2000 40 call 
4444 2220 2000 40 blind 
8888 2780 2000 20 blind 
total pot: 180 
/inquire 
recv from player 8888: raise 120 

send inquire msg to player 4444 
inquire/ 
8888 2640 2000 160 raise 
3333 1800 2000 40 call 
2222 1980 2000 0 fold 
7777 1360 2000 0 fold 
5555 1800 2000 40 call 
6666 2000 2000 0 fold 
1111 1880 2000 40 call 
4444 2220 2000 40 blind 
total pot: 320 
/inquire 
recv from player 4444: fold 

send inquire msg to player 1111 
inquire/ 
4444 2220 2000 40 fold 
8888 2640 2000 160 raise 
3333 1800 2000 40 call 
2222 1980 2000 0 fold 
7777 1360 2000 0 fold 
5555 1800 2000 40 call 
6666 2000 2000 0 fold 
1111 1880 2000 40 call 
total pot: 320 
/inquire 
recv from player 1111: call 

send inquire msg to player 5555 
inquire/ 
6666 2000 2000 0 fold 
1111 1760 2000 160 call 
4444 2220 2000 40 fold 
8888 2640 2000 160 raise 
3333 1800 2000 40 call 
2222 1980 2000 0 fold 
7777 1360 2000 0 fold 
5555 1800 2000 40 call 
total pot: 440 
/inquire 
recv from player 5555: fold 
send notify msg to player 7777 
notify/ 
5555 1800 2000 40 fold 
6666 2000 2000 0 fold 
1111 1760 2000 160 call 
4444 2220 2000 40 fold 
8888 2640 2000 160 raise 
3333 1800 2000 40 call 
2222 1980 2000 0 fold 
7777 1360 2000 0 fold 
total pot: 440 
/notify 
send inquire msg to player 3333 
inquire/ 
2222 1980 2000 0 fold 
7777 1360 2000 0 fold 
5555 1800 2000 40 fold 
6666 2000 2000 0 fold 
1111 1760 2000 160 call 
4444 2220 2000 40 fold 
8888 2640 2000 160 raise 
3333 1800 2000 40 call 
total pot: 440 
/inquire 
recv from player 3333: fold 
flop/ 
DIAMONDS 9 
DIAMONDS 7 
HEARTS 9 
/flop 

---flop round bet---
valid player: 8, all in player: 0, fold player: 6
send inquire msg to player 8888 
inquire/ 
3333 1800 2000 40 fold 
2222 1980 2000 0 fold 
7777 1360 2000 0 fold 
5555 1800 2000 40 fold 
6666 2000 2000 0 fold 
1111 1760 2000 160 call 
4444 2220 2000 40 fold 
8888 2640 2000 160 raise 
total pot: 440 
/inquire 
recv from player 8888: check 

send notify msg to player 4444 
notify/ 
8888 2640 2000 160 check 
3333 1800 2000 40 fold 
2222 1980 2000 0 fold 
7777 1360 2000 0 fold 
5555 1800 2000 40 fold 
6666 2000 2000 0 fold 
1111 1760 2000 160 call 
4444 2220 2000 40 fold 
total pot: 440 
/notify 
send inquire msg to player 1111 
inquire/ 
4444 2220 2000 40 fold 
8888 2640 2000 160 check 
3333 1800 2000 40 fold 
2222 1980 2000 0 fold 
7777 1360 2000 0 fold 
5555 1800 2000 40 fold 
6666 2000 2000 0 fold 
1111 1760 2000 160 call 
total pot: 440 
/inquire 
recv from player 1111: check 

turn/ 
DIAMONDS Q 
/turn 

---turn round bet---
valid player: 8, all in player: 0, fold player: 6
send inquire msg to player 8888 
inquire/ 
3333 1800 2000 40 fold 
2222 1980 2000 0 fold 
7777 1360 2000 0 fold 
5555 1800 2000 40 fold 
6666 2000 2000 0 fold 
1111 1760 2000 160 check 
4444 2220 2000 40 fold 
8888 2640 2000 160 check 
total pot: 440 
/inquire 
recv from player 8888: check 

send notify msg to player 4444 
notify/ 
8888 2640 2000 160 check 
3333 1800 2000 40 fold 
2222 1980 2000 0 fold 
7777 1360 2000 0 fold 
5555 1800 2000 40 fold 
6666 2000 2000 0 fold 
1111 1760 2000 160 check 
4444 2220 2000 40 fold 
total pot: 440 
/notify 
send inquire msg to player 1111 
inquire/ 
4444 2220 2000 40 fold 
8888 2640 2000 160 check 
3333 1800 2000 40 fold 
2222 1980 2000 0 fold 
7777 1360 2000 0 fold 
5555 1800 2000 40 fold 
6666 2000 2000 0 fold 
1111 1760 2000 160 check 
total pot: 440 
/inquire 
recv from player 1111: check 

river/ 
HEARTS A 
/river 

---river round bet---
valid player: 8, all in player: 0, fold player: 6
send inquire msg to player 8888 
inquire/ 
3333 1800 2000 40 fold 
2222 1980 2000 0 fold 
7777 1360 2000 0 fold 
5555 1800 2000 40 fold 
6666 2000 2000 0 fold 
1111 1760 2000 160 check 
4444 2220 2000 40 fold 
8888 2640 2000 160 check 
total pot: 440 
/inquire 
recv from player 8888: check 

send notify msg to player 4444 
notify/ 
8888 2640 2000 160 check 
3333 1800 2000 40 fold 
2222 1980 2000 0 fold 
7777 1360 2000 0 fold 
5555 1800 2000 40 fold 
6666 2000 2000 0 fold 
1111 1760 2000 160 check 
4444 2220 2000 40 fold 
total pot: 440 
/notify 
send inquire msg to player 1111 
inquire/ 
4444 2220 2000 40 fold 
8888 2640 2000 160 check 
3333 1800 2000 40 fold 
2222 1980 2000 0 fold 
7777 1360 2000 0 fold 
5555 1800 2000 40 fold 
6666 2000 2000 0 fold 
1111 1760 2000 160 check 
total pot: 440 
/inquire 
recv from player 1111: check 


----- notify msg last round -----
send notify msg to player 7777 
notify/ 
5555 1800 2000 40 fold 
6666 2000 2000 0 fold 
1111 1760 2000 160 check 
4444 2220 2000 40 fold 
8888 2640 2000 160 check 
3333 1800 2000 40 fold 
2222 1980 2000 0 fold 
7777 1360 2000 0 fold 
total pot: 440 
/notify 
send notify msg to player 4444 
notify/ 
8888 2640 2000 160 check 
3333 1800 2000 40 fold 
2222 1980 2000 0 fold 
7777 1360 2000 0 fold 
5555 1800 2000 40 fold 
6666 2000 2000 0 fold 
1111 1760 2000 160 check 
4444 2220 2000 40 fold 
total pot: 440 
/notify 
send notify msg to player 1111 
notify/ 
4444 2220 2000 40 fold 
8888 2640 2000 160 check 
3333 1800 2000 40 fold 
2222 1980 2000 0 fold 
7777 1360 2000 0 fold 
5555 1800 2000 40 fold 
6666 2000 2000 0 fold 
1111 1760 2000 160 check 
total pot: 440 
/notify 

---show down---
showdown/ 
common/ 
DIAMONDS 9 
DIAMONDS 7 
HEARTS 9 
DIAMONDS Q 
HEARTS A 
/common 
2: 8888 CLUBS 2 DIAMONDS 6 ONE_PAIR 
1: 1111 CLUBS 3 DIAMONDS K ONE_PAIR 
/showdown 

---Allocate pot---
pot-win/ 
1111: 440 
/pot-win 
it is player 8888's turn to be button

-----4 Hand-----

----- clean player data in socket -----
seat/ 
button: 8888 2640 2000 
small blind: 4444 2220 2000 
big blind: 1111 2200 2000 
6666 2000 2000 
5555 1800 2000 
7777 1360 2000 
2222 1980 2000 
3333 1800 2000 
/seat 
blind/ 
4444: 20 
1111: 40 
/blind 
player 4444:hold/ 
SPADES A 
DIAMONDS 3 
/hold 
player 1111:hold/ 
SPADES 8 
DIAMONDS 2 
/hold 
player 6666:hold/ 
HEARTS 3 
DIAMONDS J 
/hold 
player 5555:hold/ 
SPADES 10 
HEARTS 4 
/hold 
player 7777:hold/ 
SPADES 9 
CLUBS Q 
/hold 
player 2222:hold/ 
DIAMONDS Q 
DIAMONDS 4 
/hold 
player 3333:hold/ 
SPADES J 
HEARTS 5 
/hold 
player 8888:hold/ 
DIAMONDS 8 
HEARTS 6 
/hold 

---pre flop round bet---
valid player: 8, all in player: 0, fold player: 0
send inquire msg to player 6666 
inquire/ 
1111 2160 2000 40 blind 
4444 2200 2000 20 blind 
total pot: 60 
/inquire 
recv from player 6666: fold 

send inquire msg to player 5555 
inquire/ 
6666 2000 2000 0 fold 
1111 2160 2000 40 blind 
4444 2200 2000 20 blind 
total pot: 60 
/inquire 
recv from player 5555: call 
send inquire msg to player 7777 
inquire/ 
5555 1760 2000 40 call 
6666 2000 2000 0 fold 
1111 2160 2000 40 blind 
4444 2200 2000 20 blind 
total pot: 100 
/inquire 
recv from player 7777: fold 

send inquire msg to player 2222 
inquire/ 
7777 1360 2000 0 fold 
5555 1760 2000 40 call 
6666 2000 2000 0 fold 
1111 2160 2000 40 blind 
4444 2200 2000 20 blind 
total pot: 100 
/inquire 
recv from player 2222: fold 

send inquire msg to player 3333 
inquire/ 
2222 1980 2000 0 fold 
7777 1360 2000 0 fold 
5555 1760 2000 40 call 
6666 2000 2000 0 fold 
1111 2160 2000 40 blind 
4444 2200 2000 20 blind 
total pot: 100 
/inquire 
recv from player 3333: call 
send inquire msg to player 8888 
inquire/ 
3333 1760 2000 40 call 
2222 1980 2000 0 fold 
7777 1360 2000 0 fold 
5555 1760 2000 40 call 
6666 2000 2000 0 fold 
1111 2160 2000 40 blind 
4444 2200 2000 20 blind 
total pot: 140 
/inquire 
recv from player 8888: fold 

send inquire msg to player 4444 
inquire/ 
8888 2640 2000 0 fold 
3333 1760 2000 40 call 
2222 1980 2000 0 fold 
7777 1360 2000 0 fold 
5555 1760 2000 40 call 
6666 2000 2000 0 fold 
1111 2160 2000 40 blind 
4444 2200 2000 20 blind 
total pot: 140 
/inquire 
recv from player 4444: call 

send inquire msg to player 1111 
inquire/ 
4444 2180 2000 40 call 
8888 2640 2000 0 fold 
3333 1760 2000 40 call 
2222 1980 2000 0 fold 
7777 1360 2000 0 fold 
5555 1760 2000 40 call 
6666 2000 2000 0 fold 
1111 2160 2000 40 blind 
total pot: 160 
/inquire 
recv from player 1111: check 

flop/ 
SPADES 7 
CLUBS 5 
DIAMONDS K 
/flop 

---flop round bet---
valid player: 8, all in player: 0, fold player: 4
send inquire msg to player 4444 
inquire/ 
8888 2640 2000 0 fold 
3333 1760 2000 40 call 
2222 1980 2000 0 fold 
7777 1360 2000 0 fold 
5555 1760 2000 40 call 
6666 2000 2000 0 fold 
1111 2160 2000 40 check 
4444 2180 2000 40 call 
total pot: 160 
/inquire 
recv from player 4444: check 

send inquire msg to player 1111 
inquire/ 
4444 2180 2000 40 check 
8888 2640 2000 0 fold 
3333 1760 2000 40 call 
2222 1980 2000 0 fold 
7777 1360 2000 0 fold 
5555 1760 2000 40 call 
6666 2000 2000 0 fold 
1111 2160 2000 40 check 
total pot: 160 
/inquire 
recv from player 1111: check 

send inquire msg to player 5555 
inquire/ 
6666 2000 2000 0 fold 
1111 2160 2000 40 check 
4444 2180 2000 40 check 
8888 2640 2000 0 fold 
3333 1760 2000 40 call 
2222 1980 2000 0 fold 
7777 1360 2000 0 fold 
5555 1760 2000 40 call 
total pot: 160 
/inquire 
recv from player 5555: fold 
send notify msg to player 7777 
notify/ 
5555 1760 2000 40 fold 
6666 2000 2000 0 fold 
1111 2160 2000 40 check 
4444 2180 2000 40 check 
8888 2640 2000 0 fold 
3333 1760 2000 40 call 
2222 1980 2000 0 fold 
7777 1360 2000 0 fold 
total pot: 160 
/notify 
send inquire msg to player 3333 
inquire/ 
2222 1980 2000 0 fold 
7777 1360 2000 0 fold 
5555 1760 2000 40 fold 
6666 2000 2000 0 fold 
1111 2160 2000 40 check 
4444 2180 2000 40 check 
8888 2640 2000 0 fold 
3333 1760 2000 40 call 
total pot: 160 
/inquire 
recv from player 3333: call 
turn/ 
SPADES 4 
/turn 

---turn round bet---
valid player: 8, all in player: 0, fold player: 5
send inquire msg to player 4444 
inquire/ 
8888 2640 2000 0 fold 
3333 1760 2000 40 check 
2222 1980 2000 0 fold 
7777 1360 2000 0 fold 
5555 1760 2000 40 fold 
6666 2000 2000 0 fold 
1111 2160 2000 40 check 
4444 2180 2000 40 check 
total pot: 160 
/inquire 
recv from player 4444: check 

send inquire msg to player 1111 
inquire/ 
4444 2180 2000 40 check 
8888 2640 2000 0 fold 
3333 1760 2000 40 check 
2222 1980 2000 0 fold 
7777 1360 2000 0 fold 
5555 1760 2000 40 fold 
6666 2000 2000 0 fold 
1111 2160 2000 40 check 
total pot: 160 
/inquire 
recv from player 1111: check 

send notify msg to player 7777 
notify/ 
5555 1760 2000 40 fold 
6666 2000 2000 0 fold 
1111 2160 2000 40 check 
4444 2180 2000 40 check 
8888 2640 2000 0 fold 
3333 1760 2000 40 check 
2222 1980 2000 0 fold 
7777 1360 2000 0 fold 
total pot: 160 
/notify 
send inquire msg to player 3333 
inquire/ 
2222 1980 2000 0 fold 
7777 1360 2000 0 fold 
5555 1760 2000 40 fold 
6666 2000 2000 0 fold 
1111 2160 2000 40 check 
4444 2180 2000 40 check 
8888 2640 2000 0 fold 
3333 1760 2000 40 check 
total pot: 160 
/inquire 
recv from player 3333: check 
river/ 
HEARTS 10 
/river 

---river round bet---
valid player: 8, all in player: 0, fold player: 5
send inquire msg to player 4444 
inquire/ 
8888 2640 2000 0 fold 
3333 1760 2000 40 check 
2222 1980 2000 0 fold 
7777 1360 2000 0 fold 
5555 1760 2000 40 fold 
6666 2000 2000 0 fold 
1111 2160 2000 40 check 
4444 2180 2000 40 check 
total pot: 160 
/inquire 
recv from player 4444: check 

send inquire msg to player 1111 
inquire/ 
4444 2180 2000 40 check 
8888 2640 2000 0 fold 
3333 1760 2000 40 check 
2222 1980 2000 0 fold 
7777 1360 2000 0 fold 
5555 1760 2000 40 fold 
6666 2000 2000 0 fold 
1111 2160 2000 40 check 
total pot: 160 
/inquire 
recv from player 1111: check 

send notify msg to player 7777 
notify/ 
5555 1760 2000 40 fold 
6666 2000 2000 0 fold 
1111 2160 2000 40 check 
4444 2180 2000 40 check 
8888 2640 2000 0 fold 
3333 1760 2000 40 check 
2222 1980 2000 0 fold 
7777 1360 2000 0 fold 
total pot: 160 
/notify 
send inquire msg to player 3333 
inquire/ 
2222 1980 2000 0 fold 
7777 1360 2000 0 fold 
5555 1760 2000 40 fold 
6666 2000 2000 0 fold 
1111 2160 2000 40 check 
4444 2180 2000 40 check 
8888 2640 2000 0 fold 
3333 1760 2000 40 check 
total pot: 160 
/inquire 
recv from player 3333: check 

----- notify msg last round -----
send notify msg to player 4444 
notify/ 
8888 2640 2000 0 fold 
3333 1760 2000 40 check 
2222 1980 2000 0 fold 
7777 1360 2000 0 fold 
5555 1760 2000 40 fold 
6666 2000 2000 0 fold 
1111 2160 2000 40 check 
4444 2180 2000 40 check 
total pot: 160 
/notify 
send notify msg to player 1111 
notify/ 
4444 2180 2000 40 check 
8888 2640 2000 0 fold 
3333 1760 2000 40 check 
2222 1980 2000 0 fold 
7777 1360 2000 0 fold 
5555 1760 2000 40 fold 
6666 2000 2000 0 fold 
1111 2160 2000 40 check 
total pot: 160 
/notify 
send notify msg to player 7777 
notify/ 
5555 1760 2000 40 fold 
6666 2000 2000 0 fold 
1111 2160 2000 40 check 
4444 2180 2000 40 check 
8888 2640 2000 0 fold 
3333 1760 2000 40 check 
2222 1980 2000 0 fold 
7777 1360 2000 0 fold 
total pot: 160 
/notify 

---show down---
showdown/ 
common/ 
SPADES 7 
CLUBS 5 
DIAMONDS K 
SPADES 4 
HEARTS 10 
/common 
2: 4444 SPADES A DIAMONDS 3 HIGH_CARD 
3: 1111 SPADES 8 DIAMONDS 2 HIGH_CARD 
1: 3333 SPADES J HEARTS 5 ONE_PAIR 
/showdown 

---Allocate pot---
pot-win/ 
3333: 160 
/pot-win 
it is player 4444's turn to be button

-----5 Hand-----

----- clean player data in socket -----
seat/ 
button: 4444 2180 2000 
small blind: 1111 2160 2000 
big blind: 6666 2000 2000 
5555 1760 2000 
7777 1360 2000 
2222 1980 2000 
3333 1920 2000 
8888 2640 2000 
/seat 
blind/ 
1111: 20 
6666: 40 
/blind 
player 1111:hold/ 
CLUBS 4 
HEARTS 7 
/hold 
player 6666:hold/ 
SPADES Q 
DIAMONDS 3 
/hold 
player 5555:hold/ 
DIAMONDS 2 
CLUBS 7 
/hold 
player 7777:hold/ 
CLUBS 6 
CLUBS J 
/hold 
player 2222:hold/ 
HEARTS J 
DIAMONDS 10 
/hold 
player 3333:hold/ 
DIAMONDS 6 
DIAMONDS 8 
/hold 
player 8888:hold/ 
CLUBS K 
SPADES 2 
/hold 
player 4444:hold/ 
HEARTS 5 
DIAMONDS 4 
/hold 

---pre flop round bet---
valid player: 8, all in player: 0, fold player: 0
send inquire msg to player 5555 
inquire/ 
6666 1960 2000 40 blind 
1111 2140 2000 20 blind 
total pot: 60 
/inquire 
recv from player 5555: call 
send inquire msg to player 7777 
inquire/ 
5555 1720 2000 40 call 
6666 1960 2000 40 blind 
1111 2140 2000 20 blind 
total pot: 100 
/inquire 
recv from player 7777: fold 

send inquire msg to player 2222 
inquire/ 
7777 1360 2000 0 fold 
5555 1720 2000 40 call 
6666 1960 2000 40 blind 
1111 2140 2000 20 blind 
total pot: 100 
/inquire 
recv from player 2222: call 

send inquire msg to player 3333 
inquire/ 
2222 1940 2000 40 call 
7777 1360 2000 0 fold 
5555 1720 2000 40 call 
6666 1960 2000 40 blind 
1111 2140 2000 20 blind 
total pot: 140 
/inquire 
recv from player 3333: call 
send inquire msg to player 8888 
inquire/ 
3333 1880 2000 40 call 
2222 1940 2000 40 call 
7777 1360 2000 0 fold 
5555 1720 2000 40 call 
6666 1960 2000 40 blind 
1111 2140 2000 20 blind 
total pot: 180 
/inquire 
recv from player 8888: fold 

send inquire msg to player 4444 
inquire/ 
8888 2640 2000 0 fold 
3333 1880 2000 40 call 
2222 1940 2000 40 call 
7777 1360 2000 0 fold 
5555 1720 2000 40 call 
6666 1960 2000 40 blind 
1111 2140 2000 20 blind 
total pot: 180 
/inquire 
recv from player 4444: fold 

send inquire msg to player 1111 
inquire/ 
4444 2180 2000 0 fold 
8888 2640 2000 0 fold 
3333 1880 2000 40 call 
2222 1940 2000 40 call 
7777 1360 2000 0 fold 
5555 1720 2000 40 call 
6666 1960 2000 40 blind 
1111 2140 2000 20 blind 
total pot: 180 
/inquire 
recv from player 1111: fold 

send inquire msg to player 6666 
inquire/ 
1111 2140 2000 20 fold 
4444 2180 2000 0 fold 
8888 2640 2000 0 fold 
3333 1880 2000 40 call 
2222 1940 2000 40 call 
7777 1360 2000 0 fold 
5555 1720 2000 40 call 
6666 1960 2000 40 blind 
total pot: 180 
/inquire 
recv from player 6666: check 

flop/ 
HEARTS Q 
HEARTS 9 
SPADES J 
/flop 

---flop round bet---
valid player: 8, all in player: 0, fold player: 4
send notify msg to player 1111 
notify/ 
4444 2180 2000 0 fold 
8888 2640 2000 0 fold 
3333 1880 2000 40 call 
2222 1940 2000 40 call 
7777 1360 2000 0 fold 
5555 1720 2000 40 call 
6666 1960 2000 40 check 
1111 2140 2000 20 fold 
total pot: 180 
/notify 
send inquire msg to player 6666 
inquire/ 
1111 2140 2000 20 fold 
4444 2180 2000 0 fold 
8888 2640 2000 0 fold 
3333 1880 2000 40 call 
2222 1940 2000 40 call 
7777 1360 2000 0 fold 
5555 1720 2000 40 call 
6666 1960 2000 40 check 
total pot: 180 
/inquire 
recv from player 6666: call 

send inquire msg to player 5555 
inquire/ 
6666 1960 2000 40 check 
1111 2140 2000 20 fold 
4444 2180 2000 0 fold 
8888 2640 2000 0 fold 
3333 1880 2000 40 call 
2222 1940 2000 40 call 
7777 1360 2000 0 fold 
5555 1720 2000 40 call 
total pot: 180 
/inquire 
recv from player 5555: fold 
send notify msg to player 7777 
notify/ 
5555 1720 2000 40 fold 
6666 1960 2000 40 check 
1111 2140 2000 20 fold 
4444 2180 2000 0 fold 
8888 2640 2000 0 fold 
3333 1880 2000 40 call 
2222 1940 2000 40 call 
7777 1360 2000 0 fold 
total pot: 180 
/notify 
send inquire msg to player 2222 
inquire/ 
7777 1360 2000 0 fold 
5555 1720 2000 40 fold 
6666 1960 2000 40 check 
1111 2140 2000 20 fold 
4444 2180 2000 0 fold 
8888 2640 2000 0 fold 
3333 1880 2000 40 call 
2222 1940 2000 40 call 
total pot: 180 
/inquire 
recv from player 2222: raise 40 

send inquire msg to player 3333 
inquire/ 
2222 1900 2000 80 raise 
7777 1360 2000 0 fold 
5555 1720 2000 40 fold 
6666 1960 2000 40 check 
1111 2140 2000 20 fold 
4444 2180 2000 0 fold 
8888 2640 2000 0 fold 
3333 1880 2000 40 call 
total pot: 220 
/inquire 
recv from player 3333: fold 
send notify msg to player 4444 
notify/ 
8888 2640 2000 0 fold 
3333 1880 2000 40 fold 
2222 1900 2000 80 raise 
7777 1360 2000 0 fold 
5555 1720 2000 40 fold 
6666 1960 2000 40 check 
1111 2140 2000 20 fold 
4444 2180 2000 0 fold 
total pot: 220 
/notify 
send notify msg to player 1111 
notify/ 
4444 2180 2000 0 fold 
8888 2640 2000 0 fold 
3333 1880 2000 40 fold 
2222 1900 2000 80 raise 
7777 1360 2000 0 fold 
5555 1720 2000 40 fold 
6666 1960 2000 40 check 
1111 2140 2000 20 fold 
total pot: 220 
/notify 
send inquire msg to player 6666 
inquire/ 
1111 2140 2000 20 fold 
4444 2180 2000 0 fold 
8888 2640 2000 0 fold 
3333 1880 2000 40 fold 
2222 1900 2000 80 raise 
7777 1360 2000 0 fold 
5555 1720 2000 40 fold 
6666 1960 2000 40 check 
total pot: 220 
/inquire 
recv from player 6666: call 

turn/ 
HEARTS 10 
/turn 

---turn round bet---
valid player: 8, all in player: 0, fold player: 6
send notify msg to player 1111 
notify/ 
4444 2180 2000 0 fold 
8888 2640 2000 0 fold 
3333 1880 2000 40 fold 
2222 1900 2000 80 raise 
7777 1360 2000 0 fold 
5555 1720 2000 40 fold 
6666 1920 2000 80 call 
1111 2140 2000 20 fold 
total pot: 260 
/notify 
send inquire msg to player 6666 
inquire/ 
1111 2140 2000 20 fold 
4444 2180 2000 0 fold 
8888 2640 2000 0 fold 
3333 1880 2000 40 fold 
2222 1900 2000 80 raise 
7777 1360 2000 0 fold 
5555 1720 2000 40 fold 
6666 1920 2000 80 call 
total pot: 260 
/inquire 
recv from player 6666: call 

send notify msg to player 7777 
notify/ 
5555 1720 2000 40 fold 
6666 1920 2000 80 check 
1111 2140 2000 20 fold 
4444 2180 2000 0 fold 
8888 2640 2000 0 fold 
3333 1880 2000 40 fold 
2222 1900 2000 80 raise 
7777 1360 2000 0 fold 
total pot: 260 
/notify 
send inquire msg to player 2222 
inquire/ 
7777 1360 2000 0 fold 
5555 1720 2000 40 fold 
6666 1920 2000 80 check 
1111 2140 2000 20 fold 
4444 2180 2000 0 fold 
8888 2640 2000 0 fold 
3333 1880 2000 40 fold 
2222 1900 2000 80 raise 
total pot: 260 
/inquire 
recv from player 2222: raise 80 

send notify msg to player 4444 
notify/ 
8888 2640 2000 0 fold 
3333 1880 2000 40 fold 
2222 1820 2000 160 raise 
7777 1360 2000 0 fold 
5555 1720 2000 40 fold 
6666 1920 2000 80 check 
1111 2140 2000 20 fold 
4444 2180 2000 0 fold 
total pot: 340 
/notify 
send notify msg to player 1111 
notify/ 
4444 2180 2000 0 fold 
8888 2640 2000 0 fold 
3333 1880 2000 40 fold 
2222 1820 2000 160 raise 
7777 1360 2000 0 fold 
5555 1720 2000 40 fold 
6666 1920 2000 80 check 
1111 2140 2000 20 fold 
total pot: 340 
/notify 
send inquire msg to player 6666 
inquire/ 
1111 2140 2000 20 fold 
4444 2180 2000 0 fold 
8888 2640 2000 0 fold 
3333 1880 2000 40 fold 
2222 1820 2000 160 raise 
7777 1360 2000 0 fold 
5555 1720 2000 40 fold 
6666 1920 2000 80 check 
total pot: 340 
/inquire 
recv from player 6666: call 

river/ 
SPADES 10 
/river 

---river round bet---
valid player: 8, all in player: 0, fold player: 6
send notify msg to player 1111 
notify/ 
4444 2180 2000 0 fold 
8888 2640 2000 0 fold 
3333 1880 2000 40 fold 
2222 1820 2000 160 raise 
7777 1360 2000 0 fold 
5555 1720 2000 40 fold 
6666 1840 2000 160 call 
1111 2140 2000 20 fold 
total pot: 420 
/notify 
send inquire msg to player 6666 
inquire/ 
1111 2140 2000 20 fold 
4444 2180 2000 0 fold 
8888 2640 2000 0 fold 
3333 1880 2000 40 fold 
2222 1820 2000 160 raise 
7777 1360 2000 0 fold 
5555 1720 2000 40 fold 
6666 1840 2000 160 call 
total pot: 420 
/inquire 
recv from player 6666: raise 240 

send notify msg to player 7777 
notify/ 
5555 1720 2000 40 fold 
6666 1600 2000 400 raise 
1111 2140 2000 20 fold 
4444 2180 2000 0 fold 
8888 2640 2000 0 fold 
3333 1880 2000 40 fold 
2222 1820 2000 160 raise 
7777 1360 2000 0 fold 
total pot: 660 
/notify 
send inquire msg to player 2222 
inquire/ 
7777 1360 2000 0 fold 
5555 1720 2000 40 fold 
6666 1600 2000 400 raise 
1111 2140 2000 20 fold 
4444 2180 2000 0 fold 
8888 2640 2000 0 fold 
3333 1880 2000 40 fold 
2222 1820 2000 160 raise 
total pot: 660 
/inquire 
recv from player 2222: raise 80 

send notify msg to player 4444 
notify/ 
8888 2640 2000 0 fold 
3333 1880 2000 40 fold 
2222 1340 2000 640 raise 
7777 1360 2000 0 fold 
5555 1720 2000 40 fold 
6666 1600 2000 400 raise 
1111 2140 2000 20 fold 
4444 2180 2000 0 fold 
total pot: 1140 
/notify 
send notify msg to player 1111 
notify/ 
4444 2180 2000 0 fold 
8888 2640 2000 0 fold 
3333 1880 2000 40 fold 
2222 1340 2000 640 raise 
7777 1360 2000 0 fold 
5555 1720 2000 40 fold 
6666 1600 2000 400 raise 
1111 2140 2000 20 fold 
total pot: 1140 
/notify 
send inquire msg to player 6666 
inquire/ 
1111 2140 2000 20 fold 
4444 2180 2000 0 fold 
8888 2640 2000 0 fold 
3333 1880 2000 40 fold 
2222 1340 2000 640 raise 
7777 1360 2000 0 fold 
5555 1720 2000 40 fold 
6666 1600 2000 400 raise 
total pot: 1140 
/inquire 
recv from player 6666: raise 240 

send notify msg to player 7777 
notify/ 
5555 1720 2000 40 fold 
6666 1120 2000 880 raise 
1111 2140 2000 20 fold 
4444 2180 2000 0 fold 
8888 2640 2000 0 fold 
3333 1880 2000 40 fold 
2222 1340 2000 640 raise 
7777 1360 2000 0 fold 
total pot: 1620 
/notify 
send inquire msg to player 2222 
inquire/ 
7777 1360 2000 0 fold 
5555 1720 2000 40 fold 
6666 1120 2000 880 raise 
1111 2140 2000 20 fold 
4444 2180 2000 0 fold 
8888 2640 2000 0 fold 
3333 1880 2000 40 fold 
2222 1340 2000 640 raise 
total pot: 1620 
/inquire 
recv from player 2222: raise 80 

send notify msg to player 4444 
notify/ 
8888 2640 2000 0 fold 
3333 1880 2000 40 fold 
2222 860 2000 1120 raise 
7777 1360 2000 0 fold 
5555 1720 2000 40 fold 
6666 1120 2000 880 raise 
1111 2140 2000 20 fold 
4444 2180 2000 0 fold 
total pot: 2100 
/notify 
send notify msg to player 1111 
notify/ 
4444 2180 2000 0 fold 
8888 2640 2000 0 fold 
3333 1880 2000 40 fold 
2222 860 2000 1120 raise 
7777 1360 2000 0 fold 
5555 1720 2000 40 fold 
6666 1120 2000 880 raise 
1111 2140 2000 20 fold 
total pot: 2100 
/notify 
send inquire msg to player 6666 
inquire/ 
1111 2140 2000 20 fold 
4444 2180 2000 0 fold 
8888 2640 2000 0 fold 
3333 1880 2000 40 fold 
2222 860 2000 1120 raise 
7777 1360 2000 0 fold 
5555 1720 2000 40 fold 
6666 1120 2000 880 raise 
total pot: 2100 
/inquire 
