

===VERSION 1.24===
---GAME START @ 2015-5-26-0-26-34---

wait registration for 30 seconds
reg: 2222 new 
reg: 8888 DSB  reg: 4444 DSB  reg:3333 tnt
reg: 5555 DSB  reg: 6666 DSB  reg: 1111 Young need_notify  
reg: 7777 cleverbot need_notify 
close registration

-----1 Hand-----

----- clean player data in socket -----
seat/ 
button: 3333 2000 2000 
small blind: 8888 2000 2000 
big blind: 5555 2000 2000 
4444 2000 2000 
6666 2000 2000 
7777 2000 2000 
1111 2000 2000 
2222 2000 2000 
/seat 
blind/ 
8888: 20 
5555: 40 
/blind 
player 8888:hold/ 
HEARTS K 
DIAMONDS 7 
/hold 
player 5555:hold/ 
SPADES 10 
DIAMONDS A 
/hold 
player 4444:hold/ 
DIAMONDS 3 
SPADES 4 
/hold 
player 6666:hold/ 
CLUBS 8 
SPADES 7 
/hold 
player 7777:hold/ 
SPADES 5 
HEARTS 4 
/hold 
player 1111:hold/ 
HEARTS 2 
HEARTS Q 
/hold 
player 2222:hold/ 
CLUBS A 
DIAMONDS 6 
/hold 
player 3333:hold/ 
DIAMONDS 10 
CLUBS 6 
/hold 

---pre flop round bet---
valid player: 8, all in player: 0, fold player: 0
send inquire msg to player 4444 
inquire/ 
5555 1960 2000 40 blind 
8888 1980 2000 20 blind 
total pot: 60 
/inquire 
recv from player 4444: fold 
send inquire msg to player 6666 
inquire/ 
4444 2000 2000 0 fold 
5555 1960 2000 40 blind 
8888 1980 2000 20 blind 
total pot: 60 
/inquire 
recv from player 6666: call 
send inquire msg to player 7777 
inquire/ 
6666 1960 2000 40 call 
4444 2000 2000 0 fold 
5555 1960 2000 40 blind 
8888 1980 2000 20 blind 
total pot: 100 
/inquire 
recv from player 7777: fold 

send inquire msg to player 1111 
inquire/ 
7777 2000 2000 0 fold 
6666 1960 2000 40 call 
4444 2000 2000 0 fold 
5555 1960 2000 40 blind 
8888 1980 2000 20 blind 
total pot: 100 
/inquire 
recv from player 1111: fold 

send inquire msg to player 2222 
inquire/ 
1111 2000 2000 0 fold 
7777 2000 2000 0 fold 
6666 1960 2000 40 call 
4444 2000 2000 0 fold 
5555 1960 2000 40 blind 
8888 1980 2000 20 blind 
total pot: 100 
/inquire 
recv from player 2222: fold 

send inquire msg to player 3333 
inquire/ 
2222 2000 2000 0 fold 
1111 2000 2000 0 fold 
7777 2000 2000 0 fold 
6666 1960 2000 40 call 
4444 2000 2000 0 fold 
5555 1960 2000 40 blind 
8888 1980 2000 20 blind 
total pot: 100 
/inquire 
recv from player 3333: fold
send inquire msg to player 8888 
inquire/ 
3333 2000 2000 0 fold 
2222 2000 2000 0 fold 
1111 2000 2000 0 fold 
7777 2000 2000 0 fold 
6666 1960 2000 40 call 
4444 2000 2000 0 fold 
5555 1960 2000 40 blind 
8888 1980 2000 20 blind 
total pot: 100 
/inquire 
recv from player 8888: call 
send inquire msg to player 5555 
inquire/ 
8888 1960 2000 40 call 
3333 2000 2000 0 fold 
2222 2000 2000 0 fold 
1111 2000 2000 0 fold 
7777 2000 2000 0 fold 
6666 1960 2000 40 call 
4444 2000 2000 0 fold 
5555 1960 2000 40 blind 
total pot: 120 
/inquire 
recv from player 5555: call 
flop/ 
HEARTS 8 
HEARTS 5 
HEARTS A 
/flop 

---flop round bet---
valid player: 8, all in player: 0, fold player: 5
send inquire msg to player 8888 
inquire/ 
3333 2000 2000 0 fold 
2222 2000 2000 0 fold 
1111 2000 2000 0 fold 
7777 2000 2000 0 fold 
6666 1960 2000 40 call 
4444 2000 2000 0 fold 
5555 1960 2000 40 check 
8888 1960 2000 40 call 
total pot: 120 
/inquire 
recv from player 8888: call 
send inquire msg to player 5555 
inquire/ 
8888 1960 2000 40 check 
3333 2000 2000 0 fold 
2222 2000 2000 0 fold 
1111 2000 2000 0 fold 
7777 2000 2000 0 fold 
6666 1960 2000 40 call 
4444 2000 2000 0 fold 
5555 1960 2000 40 check 
total pot: 120 
/inquire 
recv from player 5555: raise 200 
send inquire msg to player 6666 
inquire/ 
4444 2000 2000 0 fold 
5555 1760 2000 240 raise 
8888 1960 2000 40 check 
3333 2000 2000 0 fold 
2222 2000 2000 0 fold 
1111 2000 2000 0 fold 
7777 2000 2000 0 fold 
6666 1960 2000 40 call 
total pot: 320 
/inquire 
recv from player 6666: call 
send notify msg to player 7777 
notify/ 
6666 1760 2000 240 call 
4444 2000 2000 0 fold 
5555 1760 2000 240 raise 
8888 1960 2000 40 check 
3333 2000 2000 0 fold 
2222 2000 2000 0 fold 
1111 2000 2000 0 fold 
7777 2000 2000 0 fold 
total pot: 520 
/notify 
send notify msg to player 1111 
notify/ 
7777 2000 2000 0 fold 
6666 1760 2000 240 call 
4444 2000 2000 0 fold 
5555 1760 2000 240 raise 
8888 1960 2000 40 check 
3333 2000 2000 0 fold 
2222 2000 2000 0 fold 
1111 2000 2000 0 fold 
total pot: 520 
/notify 
send inquire msg to player 8888 
inquire/ 
3333 2000 2000 0 fold 
2222 2000 2000 0 fold 
1111 2000 2000 0 fold 
7777 2000 2000 0 fold 
6666 1760 2000 240 call 
4444 2000 2000 0 fold 
5555 1760 2000 240 raise 
8888 1960 2000 40 check 
total pot: 520 
/inquire 
recv from player 8888: call 
turn/ 
DIAMONDS Q 
/turn 

---turn round bet---
valid player: 8, all in player: 0, fold player: 5
send inquire msg to player 8888 
inquire/ 
3333 2000 2000 0 fold 
2222 2000 2000 0 fold 
1111 2000 2000 0 fold 
7777 2000 2000 0 fold 
6666 1760 2000 240 call 
4444 2000 2000 0 fold 
5555 1760 2000 240 raise 
8888 1760 2000 240 call 
total pot: 720 
/inquire 
recv from player 8888: fold 
send inquire msg to player 5555 
inquire/ 
8888 1760 2000 240 fold 
3333 2000 2000 0 fold 
2222 2000 2000 0 fold 
1111 2000 2000 0 fold 
7777 2000 2000 0 fold 
6666 1760 2000 240 call 
4444 2000 2000 0 fold 
5555 1760 2000 240 raise 
total pot: 720 
/inquire 
recv from player 5555: call 
send inquire msg to player 6666 
inquire/ 
4444 2000 2000 0 fold 
5555 1760 2000 240 check 
8888 1760 2000 240 fold 
3333 2000 2000 0 fold 
2222 2000 2000 0 fold 
1111 2000 2000 0 fold 
7777 2000 2000 0 fold 
6666 1760 2000 240 call 
total pot: 720 
/inquire 
recv from player 6666: call 
river/ 
SPADES A 
/river 

---river round bet---
valid player: 8, all in player: 0, fold player: 6
send inquire msg to player 5555 
inquire/ 
8888 1760 2000 240 fold 
3333 2000 2000 0 fold 
2222 2000 2000 0 fold 
1111 2000 2000 0 fold 
7777 2000 2000 0 fold 
6666 1760 2000 240 check 
4444 2000 2000 0 fold 
5555 1760 2000 240 check 
total pot: 720 
/inquire 
recv from player 5555: raise 1000 
send inquire msg to player 6666 
inquire/ 
4444 2000 2000 0 fold 
5555 760 2000 1240 raise 
8888 1760 2000 240 fold 
3333 2000 2000 0 fold 
2222 2000 2000 0 fold 
1111 2000 2000 0 fold 
7777 2000 2000 0 fold 
6666 1760 2000 240 check 
total pot: 1720 
/inquire 
recv from player 6666: fold 

----- notify msg last round -----
send notify msg to player 7777 
notify/ 
6666 1760 2000 240 fold 
4444 2000 2000 0 fold 
5555 760 2000 1240 raise 
8888 1760 2000 240 fold 
3333 2000 2000 0 fold 
2222 2000 2000 0 fold 
1111 2000 2000 0 fold 
7777 2000 2000 0 fold 
total pot: 1720 
/notify 
send notify msg to player 1111 
notify/ 
7777 2000 2000 0 fold 
6666 1760 2000 240 fold 
4444 2000 2000 0 fold 
5555 760 2000 1240 raise 
8888 1760 2000 240 fold 
3333 2000 2000 0 fold 
2222 2000 2000 0 fold 
1111 2000 2000 0 fold 
total pot: 1720 
/notify 

--- 1 players not fold, don't need show down---

---Allocate pot---
Only player at seat 1 not fold, win all the pot 1720
pot-win/ 
5555: 1720 
/pot-win 
it is player 8888's turn to be button

-----2 Hand-----

----- clean player data in socket -----
seat/ 
button: 8888 1760 2000 
small blind: 5555 2480 2000 
big blind: 4444 2000 2000 
6666 1760 2000 
7777 2000 2000 
1111 2000 2000 
2222 2000 2000 
3333 2000 2000 
/seat 
blind/ 
5555: 20 
4444: 40 
/blind 
player 5555:hold/ 
HEARTS 7 
HEARTS 9 
/hold 
player 4444:hold/ 
SPADES 3 
SPADES K 
/hold 
player 6666:hold/ 
CLUBS 3 
CLUBS 2 
/hold 
player 7777:hold/ 
HEARTS 8 
DIAMONDS 3 
/hold 
player 1111:hold/ 
DIAMONDS 8 
CLUBS J 
/hold 
player 2222:hold/ 
HEARTS J 
SPADES A 
/hold 
player 3333:hold/ 
HEARTS 5 
SPADES 2 
/hold 
player 8888:hold/ 
SPADES 5 
DIAMONDS Q 
/hold 

---pre flop round bet---
valid player: 8, all in player: 0, fold player: 0
send inquire msg to player 6666 
inquire/ 
4444 1960 2000 40 blind 
5555 2460 2000 20 blind 
total pot: 60 
/inquire 
recv from player 6666: call 
send inquire msg to player 7777 
inquire/ 
6666 1720 2000 40 call 
4444 1960 2000 40 blind 
5555 2460 2000 20 blind 
total pot: 100 
/inquire 
recv from player 7777: fold 

send inquire msg to player 1111 
inquire/ 
7777 2000 2000 0 fold 
6666 1720 2000 40 call 
4444 1960 2000 40 blind 
5555 2460 2000 20 blind 
total pot: 100 
/inquire 
recv from player 1111: fold 

send inquire msg to player 2222 
inquire/ 
1111 2000 2000 0 fold 
7777 2000 2000 0 fold 
6666 1720 2000 40 call 
4444 1960 2000 40 blind 
5555 2460 2000 20 blind 
total pot: 100 
/inquire 
recv from player 2222: call 

send inquire msg to player 3333 
inquire/ 
2222 1960 2000 40 call 
1111 2000 2000 0 fold 
7777 2000 2000 0 fold 
6666 1720 2000 40 call 
4444 1960 2000 40 blind 
5555 2460 2000 20 blind 
total pot: 140 
/inquire 
recv from player 3333: fold
send inquire msg to player 8888 
inquire/ 
3333 2000 2000 0 fold 
2222 1960 2000 40 call 
1111 2000 2000 0 fold 
7777 2000 2000 0 fold 
6666 1720 2000 40 call 
4444 1960 2000 40 blind 
5555 2460 2000 20 blind 
total pot: 140 
/inquire 
recv from player 8888: call 
send inquire msg to player 5555 
inquire/ 
8888 1720 2000 40 call 
3333 2000 2000 0 fold 
2222 1960 2000 40 call 
1111 2000 2000 0 fold 
7777 2000 2000 0 fold 
6666 1720 2000 40 call 
4444 1960 2000 40 blind 
5555 2460 2000 20 blind 
total pot: 180 
/inquire 
recv from player 5555: call 
send inquire msg to player 4444 
inquire/ 
5555 2440 2000 40 call 
8888 1720 2000 40 call 
3333 2000 2000 0 fold 
2222 1960 2000 40 call 
1111 2000 2000 0 fold 
7777 2000 2000 0 fold 
6666 1720 2000 40 call 
4444 1960 2000 40 blind 
total pot: 200 
/inquire 
recv from player 4444: call 
flop/ 
SPADES Q 
HEARTS Q 
SPADES 4 
/flop 

---flop round bet---
valid player: 8, all in player: 0, fold player: 3
send inquire msg to player 5555 
inquire/ 
8888 1720 2000 40 call 
3333 2000 2000 0 fold 
2222 1960 2000 40 call 
1111 2000 2000 0 fold 
7777 2000 2000 0 fold 
6666 1720 2000 40 call 
4444 1960 2000 40 check 
5555 2440 2000 40 call 
total pot: 200 
/inquire 
recv from player 5555: call 
send inquire msg to player 4444 
inquire/ 
5555 2440 2000 40 check 
8888 1720 2000 40 call 
3333 2000 2000 0 fold 
2222 1960 2000 40 call 
1111 2000 2000 0 fold 
7777 2000 2000 0 fold 
6666 1720 2000 40 call 
4444 1960 2000 40 check 
total pot: 200 
/inquire 
recv from player 4444: raise 200 
send inquire msg to player 6666 
inquire/ 
4444 1760 2000 240 raise 
5555 2440 2000 40 check 
8888 1720 2000 40 call 
3333 2000 2000 0 fold 
2222 1960 2000 40 call 
1111 2000 2000 0 fold 
7777 2000 2000 0 fold 
6666 1720 2000 40 call 
total pot: 400 
/inquire 
recv from player 6666: fold 
send notify msg to player 7777 
notify/ 
6666 1720 2000 40 fold 
4444 1760 2000 240 raise 
5555 2440 2000 40 check 
8888 1720 2000 40 call 
3333 2000 2000 0 fold 
2222 1960 2000 40 call 
1111 2000 2000 0 fold 
7777 2000 2000 0 fold 
total pot: 400 
/notify 
send notify msg to player 1111 
notify/ 
7777 2000 2000 0 fold 
6666 1720 2000 40 fold 
4444 1760 2000 240 raise 
5555 2440 2000 40 check 
8888 1720 2000 40 call 
3333 2000 2000 0 fold 
2222 1960 2000 40 call 
1111 2000 2000 0 fold 
total pot: 400 
/notify 
send inquire msg to player 2222 
inquire/ 
1111 2000 2000 0 fold 
7777 2000 2000 0 fold 
6666 1720 2000 40 fold 
4444 1760 2000 240 raise 
5555 2440 2000 40 check 
8888 1720 2000 40 call 
3333 2000 2000 0 fold 
2222 1960 2000 40 call 
total pot: 400 
/inquire 
recv from player 2222: fold 

send inquire msg to player 8888 
inquire/ 
3333 2000 2000 0 fold 
2222 1960 2000 40 fold 
1111 2000 2000 0 fold 
7777 2000 2000 0 fold 
6666 1720 2000 40 fold 
4444 1760 2000 240 raise 
5555 2440 2000 40 check 
8888 1720 2000 40 call 
total pot: 400 
/inquire 
recv from player 8888: call 
send inquire msg to player 5555 
inquire/ 
8888 1520 2000 240 call 
3333 2000 2000 0 fold 
2222 1960 2000 40 fold 
1111 2000 2000 0 fold 
7777 2000 2000 0 fold 
6666 1720 2000 40 fold 
4444 1760 2000 240 raise 
5555 2440 2000 40 check 
total pot: 600 
/inquire 
recv from player 5555: call 
turn/ 
HEARTS A 
/turn 

---turn round bet---
valid player: 8, all in player: 0, fold player: 5
send inquire msg to player 5555 
inquire/ 
8888 1520 2000 240 call 
3333 2000 2000 0 fold 
2222 1960 2000 40 fold 
1111 2000 2000 0 fold 
7777 2000 2000 0 fold 
6666 1720 2000 40 fold 
4444 1760 2000 240 raise 
5555 2240 2000 240 call 
total pot: 800 
/inquire 
recv from player 5555: fold 
send inquire msg to player 4444 
inquire/ 
5555 2240 2000 240 fold 
8888 1520 2000 240 call 
3333 2000 2000 0 fold 
2222 1960 2000 40 fold 
1111 2000 2000 0 fold 
7777 2000 2000 0 fold 
6666 1720 2000 40 fold 
4444 1760 2000 240 raise 
total pot: 800 
/inquire 
recv from player 4444: fold 
send notify msg to player 7777 
notify/ 
6666 1720 2000 40 fold 
4444 1760 2000 240 fold 
5555 2240 2000 240 fold 
8888 1520 2000 240 call 
3333 2000 2000 0 fold 
2222 1960 2000 40 fold 
1111 2000 2000 0 fold 
7777 2000 2000 0 fold 
total pot: 800 
/notify 
send notify msg to player 1111 
notify/ 
7777 2000 2000 0 fold 
6666 1720 2000 40 fold 
4444 1760 2000 240 fold 
5555 2240 2000 240 fold 
8888 1520 2000 240 call 
3333 2000 2000 0 fold 
2222 1960 2000 40 fold 
1111 2000 2000 0 fold 
total pot: 800 
/notify 
send inquire msg to player 8888 
inquire/ 
3333 2000 2000 0 fold 
2222 1960 2000 40 fold 
1111 2000 2000 0 fold 
7777 2000 2000 0 fold 
6666 1720 2000 40 fold 
4444 1760 2000 240 fold 
5555 2240 2000 240 fold 
8888 1520 2000 240 call 
total pot: 800 
/inquire 
recv from player 8888: call 

---river round bet---
valid player: 8, all in player: 0, fold player: 7

----- notify msg last round -----
send notify msg to player 7777 
notify/ 
6666 1720 2000 40 fold 
4444 1760 2000 240 fold 
5555 2240 2000 240 fold 
8888 1520 2000 240 check 
3333 2000 2000 0 fold 
2222 1960 2000 40 fold 
1111 2000 2000 0 fold 
7777 2000 2000 0 fold 
total pot: 800 
/notify 
send notify msg to player 1111 
notify/ 
7777 2000 2000 0 fold 
6666 1720 2000 40 fold 
4444 1760 2000 240 fold 
5555 2240 2000 240 fold 
8888 1520 2000 240 check 
3333 2000 2000 0 fold 
2222 1960 2000 40 fold 
1111 2000 2000 0 fold 
total pot: 800 
/notify 

--- 1 players not fold, don't need show down---

---Allocate pot---
Only player at seat 7 not fold, win all the pot 800
pot-win/ 
8888: 800 
/pot-win 
it is player 5555's turn to be button

-----3 Hand-----

----- clean player data in socket -----
seat/ 
button: 5555 2240 2000 
small blind: 4444 1760 2000 
big blind: 6666 1720 2000 
7777 2000 2000 
1111 2000 2000 
2222 1960 2000 
3333 2000 2000 
8888 2320 2000 
/seat 
blind/ 
4444: 20 
6666: 40 
/blind 
player 4444:hold/ 
CLUBS A 
HEARTS 4 
/hold 
player 6666:hold/ 
SPADES A 
DIAMONDS 10 
/hold 
player 7777:hold/ 
DIAMONDS 5 
HEARTS 6 
/hold 
player 1111:hold/ 
SPADES J 
SPADES 9 
/hold 
player 2222:hold/ 
CLUBS J 
HEARTS K 
/hold 
player 3333:hold/ 
DIAMONDS A 
SPADES K 
/hold 
player 8888:hold/ 
HEARTS J 
SPADES 10 
/hold 
player 5555:hold/ 
DIAMONDS 4 
SPADES 5 
/hold 

---pre flop round bet---
valid player: 8, all in player: 0, fold player: 0
send inquire msg to player 7777 
inquire/ 
6666 1680 2000 40 blind 
4444 1740 2000 20 blind 
total pot: 60 
/inquire 
recv from player 7777: fold 

send inquire msg to player 1111 
inquire/ 
7777 2000 2000 0 fold 
6666 1680 2000 40 blind 
4444 1740 2000 20 blind 
total pot: 60 
/inquire 
recv from player 1111: call 

send inquire msg to player 2222 
inquire/ 
1111 1960 2000 40 call 
7777 2000 2000 0 fold 
6666 1680 2000 40 blind 
4444 1740 2000 20 blind 
total pot: 100 
/inquire 
recv from player 2222: fold 

send inquire msg to player 3333 
inquire/ 
2222 1960 2000 0 fold 
1111 1960 2000 40 call 
7777 2000 2000 0 fold 
6666 1680 2000 40 blind 
4444 1740 2000 20 blind 
total pot: 100 
/inquire 
recv from player 3333: raise 120
send inquire msg to player 8888 
inquire/ 
3333 1840 2000 160 raise 
2222 1960 2000 0 fold 
1111 1960 2000 40 call 
7777 2000 2000 0 fold 
6666 1680 2000 40 blind 
4444 1740 2000 20 blind 
total pot: 260 
/inquire 
recv from player 8888: call 
send inquire msg to player 5555 
inquire/ 
8888 2160 2000 160 call 
3333 1840 2000 160 raise 
2222 1960 2000 0 fold 
1111 1960 2000 40 call 
7777 2000 2000 0 fold 
6666 1680 2000 40 blind 
4444 1740 2000 20 blind 
total pot: 420 
/inquire 
recv from player 5555: call 
send inquire msg to player 4444 
inquire/ 
5555 2080 2000 160 call 
8888 2160 2000 160 call 
3333 1840 2000 160 raise 
2222 1960 2000 0 fold 
1111 1960 2000 40 call 
7777 2000 2000 0 fold 
6666 1680 2000 40 blind 
4444 1740 2000 20 blind 
total pot: 580 
/inquire 
recv from player 4444: fold 
send inquire msg to player 6666 
inquire/ 
4444 1740 2000 20 fold 
5555 2080 2000 160 call 
8888 2160 2000 160 call 
3333 1840 2000 160 raise 
2222 1960 2000 0 fold 
1111 1960 2000 40 call 
7777 2000 2000 0 fold 
6666 1680 2000 40 blind 
total pot: 580 
/inquire 
recv from player 6666: call 
send notify msg to player 7777 
notify/ 
6666 1560 2000 160 call 
4444 1740 2000 20 fold 
5555 2080 2000 160 call 
8888 2160 2000 160 call 
3333 1840 2000 160 raise 
2222 1960 2000 0 fold 
1111 1960 2000 40 call 
7777 2000 2000 0 fold 
total pot: 700 
/notify 
send inquire msg to player 1111 
inquire/ 
7777 2000 2000 0 fold 
6666 1560 2000 160 call 
4444 1740 2000 20 fold 
5555 2080 2000 160 call 
8888 2160 2000 160 call 
3333 1840 2000 160 raise 
2222 1960 2000 0 fold 
1111 1960 2000 40 call 
total pot: 700 
/inquire 
recv from player 1111: call 

flop/ 
CLUBS 8 
HEARTS 7 
DIAMONDS 3 
/flop 

---flop round bet---
valid player: 8, all in player: 0, fold player: 3
send inquire msg to player 6666 
inquire/ 
4444 1740 2000 20 fold 
5555 2080 2000 160 call 
8888 2160 2000 160 call 
3333 1840 2000 160 raise 
2222 1960 2000 0 fold 
1111 1840 2000 160 call 
7777 2000 2000 0 fold 
6666 1560 2000 160 call 
total pot: 820 
/inquire 
recv from player 6666: fold 
send notify msg to player 7777 
notify/ 
6666 1560 2000 160 fold 
4444 1740 2000 20 fold 
5555 2080 2000 160 call 
8888 2160 2000 160 call 
3333 1840 2000 160 raise 
2222 1960 2000 0 fold 
1111 1840 2000 160 call 
7777 2000 2000 0 fold 
total pot: 820 
/notify 
send inquire msg to player 1111 
inquire/ 
7777 2000 2000 0 fold 
6666 1560 2000 160 fold 
4444 1740 2000 20 fold 
5555 2080 2000 160 call 
8888 2160 2000 160 call 
3333 1840 2000 160 raise 
2222 1960 2000 0 fold 
1111 1840 2000 160 call 
total pot: 820 
/inquire 
recv from player 1111: check 

send inquire msg to player 3333 
inquire/ 
2222 1960 2000 0 fold 
1111 1840 2000 160 check 
7777 2000 2000 0 fold 
6666 1560 2000 160 fold 
4444 1740 2000 20 fold 
5555 2080 2000 160 call 
8888 2160 2000 160 call 
3333 1840 2000 160 raise 
total pot: 820 
/inquire 
recv from player 3333: fold
send inquire msg to player 8888 
inquire/ 
3333 1840 2000 160 fold 
2222 1960 2000 0 fold 
1111 1840 2000 160 check 
7777 2000 2000 0 fold 
6666 1560 2000 160 fold 
4444 1740 2000 20 fold 
5555 2080 2000 160 call 
8888 2160 2000 160 call 
total pot: 820 
/inquire 
recv from player 8888: fold 
send inquire msg to player 5555 
inquire/ 
8888 2160 2000 160 fold 
3333 1840 2000 160 fold 
2222 1960 2000 0 fold 
1111 1840 2000 160 check 
7777 2000 2000 0 fold 
6666 1560 2000 160 fold 
4444 1740 2000 20 fold 
5555 2080 2000 160 call 
total pot: 820 
/inquire 
recv from player 5555: fold 

---turn round bet---
valid player: 8, all in player: 0, fold player: 7

---river round bet---
valid player: 8, all in player: 0, fold player: 7

----- notify msg last round -----
send notify msg to player 7777 
notify/ 
6666 1560 2000 160 fold 
4444 1740 2000 20 fold 
5555 2080 2000 160 fold 
8888 2160 2000 160 fold 
3333 1840 2000 160 fold 
2222 1960 2000 0 fold 
1111 1840 2000 160 check 
7777 2000 2000 0 fold 
total pot: 820 
/notify 
send notify msg to player 1111 
notify/ 
7777 2000 2000 0 fold 
6666 1560 2000 160 fold 
4444 1740 2000 20 fold 
5555 2080 2000 160 fold 
8888 2160 2000 160 fold 
3333 1840 2000 160 fold 
2222 1960 2000 0 fold 
1111 1840 2000 160 check 
total pot: 820 
/notify 

--- 1 players not fold, don't need show down---

---Allocate pot---
Only player at seat 3 not fold, win all the pot 820
pot-win/ 
1111: 820 
/pot-win 
it is player 4444's turn to be button

-----4 Hand-----

----- clean player data in socket -----
seat/ 
button: 4444 1740 2000 
small blind: 6666 1560 2000 
big blind: 7777 2000 2000 
1111 2660 2000 
2222 1960 2000 
3333 1840 2000 
8888 2160 2000 
5555 2080 2000 
/seat 
blind/ 
6666: 20 
7777: 40 
/blind 
player 6666:hold/ 
SPADES 4 
SPADES J 
/hold 
player 7777:hold/ 
SPADES A 
HEARTS 4 
/hold 
player 1111:hold/ 
DIAMONDS 10 
DIAMONDS 5 
/hold 
player 2222:hold/ 
DIAMONDS 3 
HEARTS K 
/hold 
player 3333:hold/ 
SPADES 9 
CLUBS J 
/hold 
player 8888:hold/ 
SPADES Q 
HEARTS 10 
/hold 
player 5555:hold/ 
HEARTS J 
DIAMONDS 9 
/hold 
player 4444:hold/ 
CLUBS 8 
CLUBS 6 
/hold 

---pre flop round bet---
valid player: 8, all in player: 0, fold player: 0
send inquire msg to player 1111 
inquire/ 
7777 1960 2000 40 blind 
6666 1540 2000 20 blind 
total pot: 60 
/inquire 
recv from player 1111: fold 

send inquire msg to player 2222 
inquire/ 
1111 2660 2000 0 fold 
7777 1960 2000 40 blind 
6666 1540 2000 20 blind 
total pot: 60 
/inquire 
recv from player 2222: fold 

send inquire msg to player 3333 
inquire/ 
2222 1960 2000 0 fold 
1111 2660 2000 0 fold 
7777 1960 2000 40 blind 
6666 1540 2000 20 blind 
total pot: 60 
/inquire 
recv from player 3333: call
send inquire msg to player 8888 
inquire/ 
3333 1800 2000 40 call 
2222 1960 2000 0 fold 
1111 2660 2000 0 fold 
7777 1960 2000 40 blind 
6666 1540 2000 20 blind 
total pot: 100 
/inquire 
recv from player 8888: call 
send inquire msg to player 5555 
inquire/ 
8888 2120 2000 40 call 
3333 1800 2000 40 call 
2222 1960 2000 0 fold 
1111 2660 2000 0 fold 
7777 1960 2000 40 blind 
6666 1540 2000 20 blind 
total pot: 140 
/inquire 
recv from player 5555: call 
send inquire msg to player 4444 
inquire/ 
5555 2040 2000 40 call 
8888 2120 2000 40 call 
3333 1800 2000 40 call 
2222 1960 2000 0 fold 
1111 2660 2000 0 fold 
7777 1960 2000 40 blind 
6666 1540 2000 20 blind 
total pot: 180 
/inquire 
recv from player 4444: call 
send inquire msg to player 6666 
inquire/ 
4444 1700 2000 40 call 
5555 2040 2000 40 call 
8888 2120 2000 40 call 
3333 1800 2000 40 call 
2222 1960 2000 0 fold 
1111 2660 2000 0 fold 
7777 1960 2000 40 blind 
6666 1540 2000 20 blind 
total pot: 220 
/inquire 
recv from player 6666: call 
send inquire msg to player 7777 
inquire/ 
6666 1520 2000 40 call 
4444 1700 2000 40 call 
5555 2040 2000 40 call 
8888 2120 2000 40 call 
3333 1800 2000 40 call 
2222 1960 2000 0 fold 
1111 2660 2000 0 fold 
7777 1960 2000 40 blind 
total pot: 240 
/inquire 
recv from player 7777: check 

flop/ 
HEARTS 8 
DIAMONDS A 
CLUBS 9 
/flop 

---flop round bet---
valid player: 8, all in player: 0, fold player: 2
send inquire msg to player 6666 
inquire/ 
4444 1700 2000 40 call 
5555 2040 2000 40 call 
8888 2120 2000 40 call 
3333 1800 2000 40 call 
2222 1960 2000 0 fold 
1111 2660 2000 0 fold 
7777 1960 2000 40 check 
6666 1520 2000 40 call 
total pot: 240 
/inquire 
recv from player 6666: fold 
send inquire msg to player 7777 
inquire/ 
6666 1520 2000 40 fold 
4444 1700 2000 40 call 
5555 2040 2000 40 call 
8888 2120 2000 40 call 
3333 1800 2000 40 call 
2222 1960 2000 0 fold 
1111 2660 2000 0 fold 
7777 1960 2000 40 check 
total pot: 240 
/inquire 
recv from player 7777: raise 40 

send notify msg to player 1111 
notify/ 
7777 1920 2000 80 raise 
6666 1520 2000 40 fold 
4444 1700 2000 40 call 
5555 2040 2000 40 call 
8888 2120 2000 40 call 
3333 1800 2000 40 call 
2222 1960 2000 0 fold 
1111 2660 2000 0 fold 
total pot: 280 
/notify 
send inquire msg to player 3333 
inquire/ 
2222 1960 2000 0 fold 
1111 2660 2000 0 fold 
7777 1920 2000 80 raise 
6666 1520 2000 40 fold 
4444 1700 2000 40 call 
5555 2040 2000 40 call 
8888 2120 2000 40 call 
3333 1800 2000 40 call 
total pot: 280 
/inquire 
recv from player 3333: call
send inquire msg to player 8888 
inquire/ 
3333 1760 2000 80 call 
2222 1960 2000 0 fold 
1111 2660 2000 0 fold 
7777 1920 2000 80 raise 
6666 1520 2000 40 fold 
4444 1700 2000 40 call 
5555 2040 2000 40 call 
8888 2120 2000 40 call 
total pot: 320 
/inquire 
recv from player 8888: fold 
send inquire msg to player 5555 
inquire/ 
8888 2120 2000 40 fold 
3333 1760 2000 80 call 
2222 1960 2000 0 fold 
1111 2660 2000 0 fold 
7777 1920 2000 80 raise 
6666 1520 2000 40 fold 
4444 1700 2000 40 call 
5555 2040 2000 40 call 
total pot: 320 
/inquire 
recv from player 5555: call 
send inquire msg to player 4444 
inquire/ 
5555 2000 2000 80 call 
8888 2120 2000 40 fold 
3333 1760 2000 80 call 
2222 1960 2000 0 fold 
1111 2660 2000 0 fold 
7777 1920 2000 80 raise 
6666 1520 2000 40 fold 
4444 1700 2000 40 call 
total pot: 360 
/inquire 
recv from player 4444: call 
turn/ 
HEARTS 3 
/turn 

---turn round bet---
valid player: 8, all in player: 0, fold player: 4
send inquire msg to player 7777 
inquire/ 
6666 1520 2000 40 fold 
4444 1660 2000 80 call 
5555 2000 2000 80 call 
8888 2120 2000 40 fold 
3333 1760 2000 80 call 
2222 1960 2000 0 fold 
1111 2660 2000 0 fold 
7777 1920 2000 80 raise 
total pot: 400 
/inquire 
recv from player 7777: call 

send notify msg to player 1111 
notify/ 
7777 1920 2000 80 check 
6666 1520 2000 40 fold 
4444 1660 2000 80 call 
5555 2000 2000 80 call 
8888 2120 2000 40 fold 
3333 1760 2000 80 call 
2222 1960 2000 0 fold 
1111 2660 2000 0 fold 
total pot: 400 
/notify 
send inquire msg to player 3333 
inquire/ 
2222 1960 2000 0 fold 
1111 2660 2000 0 fold 
7777 1920 2000 80 check 
6666 1520 2000 40 fold 
4444 1660 2000 80 call 
5555 2000 2000 80 call 
8888 2120 2000 40 fold 
3333 1760 2000 80 call 
total pot: 400 
/inquire 
recv from player 3333: raise 40
send inquire msg to player 5555 
inquire/ 
8888 2120 2000 40 fold 
3333 1720 2000 120 raise 
2222 1960 2000 0 fold 
1111 2660 2000 0 fold 
7777 1920 2000 80 check 
6666 1520 2000 40 fold 
4444 1660 2000 80 call 
5555 2000 2000 80 call 
total pot: 440 
/inquire 
recv from player 5555: call 
send inquire msg to player 4444 
inquire/ 
5555 1960 2000 120 call 
8888 2120 2000 40 fold 
3333 1720 2000 120 raise 
2222 1960 2000 0 fold 
1111 2660 2000 0 fold 
7777 1920 2000 80 check 
6666 1520 2000 40 fold 
4444 1660 2000 80 call 
total pot: 480 
/inquire 
recv from player 4444: call 
send inquire msg to player 7777 
inquire/ 
6666 1520 2000 40 fold 
4444 1620 2000 120 call 
5555 1960 2000 120 call 
8888 2120 2000 40 fold 
3333 1720 2000 120 raise 
2222 1960 2000 0 fold 
1111 2660 2000 0 fold 
7777 1920 2000 80 check 
total pot: 520 
/inquire 
recv from player 7777: call 

river/ 
HEARTS 2 
/river 

---river round bet---
valid player: 8, all in player: 0, fold player: 4
send inquire msg to player 7777 
inquire/ 
6666 1520 2000 40 fold 
4444 1620 2000 120 call 
5555 1960 2000 120 call 
8888 2120 2000 40 fold 
3333 1720 2000 120 raise 
2222 1960 2000 0 fold 
1111 2660 2000 0 fold 
7777 1880 2000 120 call 
total pot: 560 
/inquire 
recv from player 7777: call 

send notify msg to player 1111 
notify/ 
7777 1880 2000 120 check 
6666 1520 2000 40 fold 
4444 1620 2000 120 call 
5555 1960 2000 120 call 
8888 2120 2000 40 fold 
3333 1720 2000 120 raise 
2222 1960 2000 0 fold 
1111 2660 2000 0 fold 
total pot: 560 
/notify 
send inquire msg to player 3333 
inquire/ 
2222 1960 2000 0 fold 
1111 2660 2000 0 fold 
7777 1880 2000 120 check 
6666 1520 2000 40 fold 
4444 1620 2000 120 call 
5555 1960 2000 120 call 
8888 2120 2000 40 fold 
3333 1720 2000 120 raise 
total pot: 560 
/inquire 
recv from player 3333: raise 160
send inquire msg to player 5555 
inquire/ 
8888 2120 2000 40 fold 
3333 1560 2000 280 raise 
2222 1960 2000 0 fold 
1111 2660 2000 0 fold 
7777 1880 2000 120 check 
6666 1520 2000 40 fold 
4444 1620 2000 120 call 
5555 1960 2000 120 call 
total pot: 720 
/inquire 
recv from player 5555: fold 
send inquire msg to player 4444 
inquire/ 
5555 1960 2000 120 fold 
8888 2120 2000 40 fold 
3333 1560 2000 280 raise 
2222 1960 2000 0 fold 
1111 2660 2000 0 fold 
7777 1880 2000 120 check 
6666 1520 2000 40 fold 
4444 1620 2000 120 call 
total pot: 720 
/inquire 
recv from player 4444: fold 
send inquire msg to player 7777 
inquire/ 
6666 1520 2000 40 fold 
4444 1620 2000 120 fold 
5555 1960 2000 120 fold 
8888 2120 2000 40 fold 
3333 1560 2000 280 raise 
2222 1960 2000 0 fold 
1111 2660 2000 0 fold 
7777 1880 2000 120 check 
total pot: 720 
/inquire 
recv from player 7777: call 


----- notify msg last round -----
send notify msg to player 1111 
notify/ 
7777 1720 2000 280 call 
6666 1520 2000 40 fold 
4444 1620 2000 120 fold 
5555 1960 2000 120 fold 
8888 2120 2000 40 fold 
3333 1560 2000 280 raise 
2222 1960 2000 0 fold 
1111 2660 2000 0 fold 
total pot: 880 
/notify 
send notify msg to player 7777 
notify/ 
6666 1520 2000 40 fold 
4444 1620 2000 120 fold 
5555 1960 2000 120 fold 
8888 2120 2000 40 fold 
3333 1560 2000 280 raise 
2222 1960 2000 0 fold 
1111 2660 2000 0 fold 
7777 1720 2000 280 call 
total pot: 880 
/notify 

---show down---
showdown/ 
common/ 
HEARTS 8 
DIAMONDS A 
CLUBS 9 
HEARTS 3 
HEARTS 2 
/common 
1: 7777 SPADES A HEARTS 4 ONE_PAIR 
2: 3333 SPADES 9 CLUBS J ONE_PAIR 
/showdown 

---Allocate pot---
pot-win/ 
7777: 880 
/pot-win 
it is player 6666's turn to be button

-----5 Hand-----

----- clean player data in socket -----
seat/ 
button: 6666 1520 2000 
small blind: 7777 2600 2000 
big blind: 1111 2660 2000 
2222 1960 2000 
3333 1560 2000 
8888 2120 2000 
5555 1960 2000 
4444 1620 2000 
/seat 
blind/ 
7777: 20 
1111: 40 
/blind 
player 7777:hold/ 
DIAMONDS 6 
CLUBS 4 
/hold 
player 1111:hold/ 
HEARTS 5 
HEARTS 10 
/hold 
player 2222:hold/ 
HEARTS J 
SPADES 5 
/hold 
player 3333:hold/ 
HEARTS 9 
HEARTS 8 
/hold 
player 8888:hold/ 
CLUBS A 
DIAMONDS 3 
/hold 
player 5555:hold/ 
HEARTS K 
SPADES 6 
/hold 
player 4444:hold/ 
HEARTS 7 
SPADES 3 
/hold 
player 6666:hold/ 
CLUBS 6 
CLUBS 8 
/hold 

---pre flop round bet---
valid player: 8, all in player: 0, fold player: 0
send inquire msg to player 2222 
inquire/ 
1111 2620 2000 40 blind 
7777 2580 2000 20 blind 
total pot: 60 
/inquire 
recv from player 2222: fold 

send inquire msg to player 3333 
inquire/ 
2222 1960 2000 0 fold 
1111 2620 2000 40 blind 
7777 2580 2000 20 blind 
total pot: 60 
/inquire 
recv from player 3333: call
send inquire msg to player 8888 
inquire/ 
3333 1520 2000 40 call 
2222 1960 2000 0 fold 
1111 2620 2000 40 blind 
7777 2580 2000 20 blind 
total pot: 100 
/inquire 
recv from player 8888: call 
send inquire msg to player 5555 
inquire/ 
8888 2080 2000 40 call 
3333 1520 2000 40 call 
2222 1960 2000 0 fold 
1111 2620 2000 40 blind 
7777 2580 2000 20 blind 
total pot: 140 
/inquire 
recv from player 5555: call 
send inquire msg to player 4444 
inquire/ 
5555 1920 2000 40 call 
8888 2080 2000 40 call 
3333 1520 2000 40 call 
2222 1960 2000 0 fold 
1111 2620 2000 40 blind 
7777 2580 2000 20 blind 
total pot: 180 
/inquire 
recv from player 4444: call 
send inquire msg to player 6666 
inquire/ 
4444 1580 2000 40 call 
5555 1920 2000 40 call 
8888 2080 2000 40 call 
3333 1520 2000 40 call 
2222 1960 2000 0 fold 
1111 2620 2000 40 blind 
7777 2580 2000 20 blind 
total pot: 220 
/inquire 
recv from player 6666: call 
send inquire msg to player 7777 
inquire/ 
6666 1480 2000 40 call 
4444 1580 2000 40 call 
5555 1920 2000 40 call 
8888 2080 2000 40 call 
3333 1520 2000 40 call 
2222 1960 2000 0 fold 
1111 2620 2000 40 blind 
7777 2580 2000 20 blind 
total pot: 260 
/inquire 
recv from player 7777: fold 

send inquire msg to player 1111 
inquire/ 
7777 2580 2000 20 fold 
6666 1480 2000 40 call 
4444 1580 2000 40 call 
5555 1920 2000 40 call 
8888 2080 2000 40 call 
3333 1520 2000 40 call 
2222 1960 2000 0 fold 
1111 2620 2000 40 blind 
total pot: 260 
/inquire 
recv from player 1111: check 

flop/ 
SPADES J 
DIAMONDS A 
SPADES A 
/flop 

---flop round bet---
valid player: 8, all in player: 0, fold player: 2
send notify msg to player 7777 
notify/ 
6666 1480 2000 40 call 
4444 1580 2000 40 call 
5555 1920 2000 40 call 
8888 2080 2000 40 call 
3333 1520 2000 40 call 
2222 1960 2000 0 fold 
1111 2620 2000 40 check 
7777 2580 2000 20 fold 
total pot: 260 
/notify 
send inquire msg to player 1111 
inquire/ 
7777 2580 2000 20 fold 
6666 1480 2000 40 call 
4444 1580 2000 40 call 
5555 1920 2000 40 call 
8888 2080 2000 40 call 
3333 1520 2000 40 call 
2222 1960 2000 0 fold 
1111 2620 2000 40 check 
total pot: 260 
/inquire 
recv from player 1111: check 

send inquire msg to player 3333 
inquire/ 
2222 1960 2000 0 fold 
1111 2620 2000 40 check 
7777 2580 2000 20 fold 
6666 1480 2000 40 call 
4444 1580 2000 40 call 
5555 1920 2000 40 call 
8888 2080 2000 40 call 
3333 1520 2000 40 call 
total pot: 260 
/inquire 
recv from player 3333: fold
send inquire msg to player 8888 
inquire/ 
3333 1520 2000 40 fold 
2222 1960 2000 0 fold 
1111 2620 2000 40 check 
7777 2580 2000 20 fold 
6666 1480 2000 40 call 
4444 1580 2000 40 call 
5555 1920 2000 40 call 
8888 2080 2000 40 call 
total pot: 260 
/inquire 
recv from player 8888: call 
send inquire msg to player 5555 
inquire/ 
8888 2080 2000 40 check 
3333 1520 2000 40 fold 
2222 1960 2000 0 fold 
1111 2620 2000 40 check 
7777 2580 2000 20 fold 
6666 1480 2000 40 call 
4444 1580 2000 40 call 
5555 1920 2000 40 call 
total pot: 260 
/inquire 
recv from player 5555: call 
send inquire msg to player 4444 
inquire/ 
5555 1920 2000 40 check 
8888 2080 2000 40 check 
3333 1520 2000 40 fold 
2222 1960 2000 0 fold 
1111 2620 2000 40 check 
7777 2580 2000 20 fold 
6666 1480 2000 40 call 
4444 1580 2000 40 call 
total pot: 260 
/inquire 
recv from player 4444: call 
send inquire msg to player 6666 
inquire/ 
4444 1580 2000 40 check 
5555 1920 2000 40 check 
8888 2080 2000 40 check 
3333 1520 2000 40 fold 
2222 1960 2000 0 fold 
1111 2620 2000 40 check 
7777 2580 2000 20 fold 
6666 1480 2000 40 call 
total pot: 260 
/inquire 
recv from player 6666: fold 
turn/ 
SPADES Q 
/turn 

---turn round bet---
valid player: 8, all in player: 0, fold player: 4
send notify msg to player 7777 
notify/ 
6666 1480 2000 40 fold 
4444 1580 2000 40 check 
5555 1920 2000 40 check 
8888 2080 2000 40 check 
3333 1520 2000 40 fold 
2222 1960 2000 0 fold 
1111 2620 2000 40 check 
7777 2580 2000 20 fold 
total pot: 260 
/notify 
send inquire msg to player 1111 
inquire/ 
7777 2580 2000 20 fold 
6666 1480 2000 40 fold 
4444 1580 2000 40 check 
5555 1920 2000 40 check 
8888 2080 2000 40 check 
3333 1520 2000 40 fold 
2222 1960 2000 0 fold 
1111 2620 2000 40 check 
total pot: 260 
/inquire 
recv from player 1111: check 

send inquire msg to player 8888 
inquire/ 
3333 1520 2000 40 fold 
2222 1960 2000 0 fold 
1111 2620 2000 40 check 
7777 2580 2000 20 fold 
6666 1480 2000 40 fold 
4444 1580 2000 40 check 
5555 1920 2000 40 check 
8888 2080 2000 40 check 
total pot: 260 
/inquire 
recv from player 8888: raise 500 
send inquire msg to player 5555 
inquire/ 
8888 1580 2000 540 raise 
3333 1520 2000 40 fold 
2222 1960 2000 0 fold 
1111 2620 2000 40 check 
7777 2580 2000 20 fold 
6666 1480 2000 40 fold 
4444 1580 2000 40 check 
5555 1920 2000 40 check 
total pot: 760 
/inquire 
recv from player 5555: fold 
send inquire msg to player 4444 
inquire/ 
5555 1920 2000 40 fold 
8888 1580 2000 540 raise 
3333 1520 2000 40 fold 
2222 1960 2000 0 fold 
1111 2620 2000 40 check 
7777 2580 2000 20 fold 
6666 1480 2000 40 fold 
4444 1580 2000 40 check 
total pot: 760 
/inquire 
recv from player 4444: fold 
send notify msg to player 7777 
notify/ 
6666 1480 2000 40 fold 
4444 1580 2000 40 fold 
5555 1920 2000 40 fold 
8888 1580 2000 540 raise 
3333 1520 2000 40 fold 
2222 1960 2000 0 fold 
1111 2620 2000 40 check 
7777 2580 2000 20 fold 
total pot: 760 
/notify 
send inquire msg to player 1111 
inquire/ 
7777 2580 2000 20 fold 
6666 1480 2000 40 fold 
4444 1580 2000 40 fold 
5555 1920 2000 40 fold 
8888 1580 2000 540 raise 
3333 1520 2000 40 fold 
2222 1960 2000 0 fold 
1111 2620 2000 40 check 
total pot: 760 
/inquire 
recv from player 1111: fold 


---river round bet---
valid player: 8, all in player: 0, fold player: 7

----- notify msg last round -----
send notify msg to player 7777 
notify/ 
6666 1480 2000 40 fold 
4444 1580 2000 40 fold 
5555 1920 2000 40 fold 
8888 1580 2000 540 raise 
3333 1520 2000 40 fold 
2222 1960 2000 0 fold 
1111 2620 2000 40 fold 
7777 2580 2000 20 fold 
total pot: 760 
/notify 
send notify msg to player 1111 
notify/ 
7777 2580 2000 20 fold 
6666 1480 2000 40 fold 
4444 1580 2000 40 fold 
5555 1920 2000 40 fold 
8888 1580 2000 540 raise 
3333 1520 2000 40 fold 
2222 1960 2000 0 fold 
1111 2620 2000 40 fold 
total pot: 760 
/notify 

--- 1 players not fold, don't need show down---

---Allocate pot---
Only player at seat 4 not fold, win all the pot 760
pot-win/ 
8888: 760 
/pot-win 
it is player 7777's turn to be button

-----6 Hand-----

----- clean player data in socket -----
seat/ 
button: 7777 2580 2000 
small blind: 1111 2620 2000 
big blind: 2222 1960 2000 
3333 1520 2000 
8888 2340 2000 
5555 1920 2000 
4444 1580 2000 
6666 1480 2000 
/seat 
blind/ 
1111: 20 
2222: 40 
/blind 
player 1111:hold/ 
SPADES 5 
SPADES 6 
/hold 
player 2222:hold/ 
SPADES 10 
HEARTS 7 
/hold 
player 3333:hold/ 
SPADES 4 
DIAMONDS J 
/hold 
player 8888:hold/ 
HEARTS 9 
SPADES 8 
/hold 
player 5555:hold/ 
HEARTS 6 
HEARTS 10 
/hold 
player 4444:hold/ 
CLUBS 7 
CLUBS 9 
/hold 
player 6666:hold/ 
CLUBS 8 
DIAMONDS A 
/hold 
player 7777:hold/ 
CLUBS J 
HEARTS 5 
/hold 

---pre flop round bet---
valid player: 8, all in player: 0, fold player: 0
send inquire msg to player 3333 
inquire/ 
2222 1920 2000 40 blind 
1111 2600 2000 20 blind 
total pot: 60 
/inquire 
recv from player 3333: fold
send inquire msg to player 8888 
inquire/ 
3333 1520 2000 0 fold 
2222 1920 2000 40 blind 
1111 2600 2000 20 blind 
total pot: 60 
/inquire 
recv from player 8888: call 
send inquire msg to player 5555 
inquire/ 
8888 2300 2000 40 call 
3333 1520 2000 0 fold 
2222 1920 2000 40 blind 
1111 2600 2000 20 blind 
total pot: 100 
/inquire 
recv from player 5555: call 
send inquire msg to player 4444 
inquire/ 
5555 1880 2000 40 call 
8888 2300 2000 40 call 
3333 1520 2000 0 fold 
2222 1920 2000 40 blind 
1111 2600 2000 20 blind 
total pot: 140 
/inquire 
recv from player 4444: call 
send inquire msg to player 6666 
inquire/ 
4444 1540 2000 40 call 
5555 1880 2000 40 call 
8888 2300 2000 40 call 
3333 1520 2000 0 fold 
2222 1920 2000 40 blind 
1111 2600 2000 20 blind 
total pot: 180 
/inquire 
recv from player 6666: call 
send inquire msg to player 7777 
inquire/ 
6666 1440 2000 40 call 
4444 1540 2000 40 call 
5555 1880 2000 40 call 
8888 2300 2000 40 call 
3333 1520 2000 0 fold 
2222 1920 2000 40 blind 
1111 2600 2000 20 blind 
total pot: 220 
/inquire 
recv from player 7777: fold 

send inquire msg to player 1111 
inquire/ 
7777 2580 2000 0 fold 
6666 1440 2000 40 call 
4444 1540 2000 40 call 
5555 1880 2000 40 call 
8888 2300 2000 40 call 
3333 1520 2000 0 fold 
2222 1920 2000 40 blind 
1111 2600 2000 20 blind 
total pot: 220 
/inquire 
recv from player 1111: fold 

send inquire msg to player 2222 
inquire/ 
1111 2600 2000 20 fold 
7777 2580 2000 0 fold 
6666 1440 2000 40 call 
4444 1540 2000 40 call 
5555 1880 2000 40 call 
8888 2300 2000 40 call 
3333 1520 2000 0 fold 
2222 1920 2000 40 blind 
total pot: 220 
/inquire 
recv from player 2222: check 

flop/ 
HEARTS 2 
HEARTS J 
SPADES A 
/flop 

---flop round bet---
valid player: 8, all in player: 0, fold player: 3
send notify msg to player 1111 
notify/ 
7777 2580 2000 0 fold 
6666 1440 2000 40 call 
4444 1540 2000 40 call 
5555 1880 2000 40 call 
8888 2300 2000 40 call 
3333 1520 2000 0 fold 
2222 1920 2000 40 check 
1111 2600 2000 20 fold 
total pot: 220 
/notify 
send inquire msg to player 2222 
inquire/ 
1111 2600 2000 20 fold 
7777 2580 2000 0 fold 
6666 1440 2000 40 call 
4444 1540 2000 40 call 
5555 1880 2000 40 call 
8888 2300 2000 40 call 
3333 1520 2000 0 fold 
2222 1920 2000 40 check 
total pot: 220 
/inquire 
recv from player 2222: call 

send inquire msg to player 8888 
inquire/ 
3333 1520 2000 0 fold 
