

===VERSION 1.31===
---GAME START @ 2015-6-19-21-19-47---

wait registration for 30 seconds
reg: 1111 yifeichongtian 
reg: 3333 JunLinTianXia 
reg: 8888 thisAmateur need_notify 
reg: 2222 HJ  need_notify  
reg: 5555 DSNJU 
reg: 4444 DSNJU 
reg: 6666 CQchappie need_notify 
reg: 7777 CQchappie need_notify 
close registration

-----1 Hand-----

----- clean player data in socket -----
seat/ 
button: 5555 2000 2000 
small blind: 2222 2000 2000 
big blind: 8888 2000 2000 
7777 2000 2000 
1111 2000 2000 
3333 2000 2000 
6666 2000 2000 
4444 2000 2000 
/seat 
blind/ 
2222: 20 
8888: 40 
/blind 
player 2222:hold/ 
CLUBS J 
DIAMONDS 3 
/hold 
player 8888:hold/ 
CLUBS 5 
DIAMONDS K 
/hold 
player 7777:hold/ 
SPADES 4 
HEARTS 4 
/hold 
player 1111:hold/ 
SPADES 2 
HEARTS 3 
/hold 
player 3333:hold/ 
SPADES 8 
HEARTS 10 
/hold 
player 6666:hold/ 
CLUBS 7 
SPADES A 
/hold 
player 4444:hold/ 
SPADES K 
HEARTS A 
/hold 
player 5555:hold/ 
CLUBS Q 
DIAMONDS 2 
/hold 

---pre flop round bet---
valid player: 8, all in player: 0, fold player: 0

send inquire msg to player 7777(seat:2) 
inquire/ 
8888 1960 2000 40 blind 
2222 1980 2000 20 blind 
total pot: 60 
/inquire 
recv from player 7777: fold 


send inquire msg to player 1111(seat:3) 
inquire/ 
7777 2000 2000 0 fold 
8888 1960 2000 40 blind 
2222 1980 2000 20 blind 
total pot: 60 
/inquire 
recv from player 1111: fold 


send inquire msg to player 3333(seat:4) 
inquire/ 
1111 2000 2000 0 fold 
7777 2000 2000 0 fold 
8888 1960 2000 40 blind 
2222 1980 2000 20 blind 
total pot: 60 
/inquire 
recv from player 3333: fold 


send inquire msg to player 6666(seat:5) 
inquire/ 
3333 2000 2000 0 fold 
1111 2000 2000 0 fold 
7777 2000 2000 0 fold 
8888 1960 2000 40 blind 
2222 1980 2000 20 blind 
total pot: 60 
/inquire 
recv from player 6666: fold 


send inquire msg to player 4444(seat:6) 
inquire/ 
6666 2000 2000 0 fold 
3333 2000 2000 0 fold 
1111 2000 2000 0 fold 
7777 2000 2000 0 fold 
8888 1960 2000 40 blind 
2222 1980 2000 20 blind 
total pot: 60 
/inquire 
recv from player 4444: call


send inquire msg to player 5555(seat:7) 
inquire/ 
4444 1960 2000 40 call 
6666 2000 2000 0 fold 
3333 2000 2000 0 fold 
1111 2000 2000 0 fold 
7777 2000 2000 0 fold 
8888 1960 2000 40 blind 
2222 1980 2000 20 blind 
total pot: 100 
/inquire 
recv from player 5555: fold


send inquire msg to player 2222(seat:0) 
inquire/ 
5555 2000 2000 0 fold 
4444 1960 2000 40 call 
6666 2000 2000 0 fold 
3333 2000 2000 0 fold 
1111 2000 2000 0 fold 
7777 2000 2000 0 fold 
8888 1960 2000 40 blind 
2222 1980 2000 20 blind 
total pot: 100 
/inquire 
recv from player 2222: fold 

send inquire msg to player 8888(seat:1) 
inquire/ 
2222 1980 2000 20 fold 
5555 2000 2000 0 fold 
4444 1960 2000 40 call 
6666 2000 2000 0 fold 
3333 2000 2000 0 fold 
1111 2000 2000 0 fold 
7777 2000 2000 0 fold 
8888 1960 2000 40 blind 
total pot: 100 
/inquire 
recv from player 8888: raise 401 


send notify msg to player 7777(seat:2) 
notify/ 
8888 1559 2000 441 raise 
2222 1980 2000 20 fold 
5555 2000 2000 0 fold 
4444 1960 2000 40 call 
6666 2000 2000 0 fold 
3333 2000 2000 0 fold 
1111 2000 2000 0 fold 
7777 2000 2000 0 fold 
total pot: 501 
/notify 

player 1111(seat:3) doesn't need notify-msg

player 3333(seat:4) doesn't need notify-msg

send notify msg to player 6666(seat:5) 
notify/ 
3333 2000 2000 0 fold 
1111 2000 2000 0 fold 
7777 2000 2000 0 fold 
8888 1559 2000 441 raise 
2222 1980 2000 20 fold 
5555 2000 2000 0 fold 
4444 1960 2000 40 call 
6666 2000 2000 0 fold 
total pot: 501 
/notify 

send inquire msg to player 4444(seat:6) 
inquire/ 
6666 2000 2000 0 fold 
3333 2000 2000 0 fold 
1111 2000 2000 0 fold 
7777 2000 2000 0 fold 
8888 1559 2000 441 raise 
2222 1980 2000 20 fold 
5555 2000 2000 0 fold 
4444 1960 2000 40 call 
total pot: 501 
/inquire 
recv from player 4444: fold

valid player: 8, all in player: 0, fold player: 7

----- send notify msg from 7 to 6(exclude) -----

player 5555(seat:7) doesn't need notify-msg

send notify msg to player 2222(seat:0) 
notify/ 
5555 2000 2000 0 fold 
4444 1960 2000 40 fold 
6666 2000 2000 0 fold 
3333 2000 2000 0 fold 
1111 2000 2000 0 fold 
7777 2000 2000 0 fold 
8888 1559 2000 441 raise 
2222 1980 2000 20 fold 
total pot: 501 
/notify 

send notify msg to player 8888(seat:1) 
notify/ 
2222 1980 2000 20 fold 
5555 2000 2000 0 fold 
4444 1960 2000 40 fold 
6666 2000 2000 0 fold 
3333 2000 2000 0 fold 
1111 2000 2000 0 fold 
7777 2000 2000 0 fold 
8888 1559 2000 441 raise 
total pot: 501 
/notify 

send notify msg to player 7777(seat:2) 
notify/ 
8888 1559 2000 441 raise 
2222 1980 2000 20 fold 
5555 2000 2000 0 fold 
4444 1960 2000 40 fold 
6666 2000 2000 0 fold 
3333 2000 2000 0 fold 
1111 2000 2000 0 fold 
7777 2000 2000 0 fold 
total pot: 501 
/notify 

player 1111(seat:3) doesn't need notify-msg

player 3333(seat:4) doesn't need notify-msg

send notify msg to player 6666(seat:5) 
notify/ 
3333 2000 2000 0 fold 
1111 2000 2000 0 fold 
7777 2000 2000 0 fold 
8888 1559 2000 441 raise 
2222 1980 2000 20 fold 
5555 2000 2000 0 fold 
4444 1960 2000 40 fold 
6666 2000 2000 0 fold 
total pot: 501 
/notify 

---flop round bet---
valid player: 8, all in player: 0, fold player: 7

---turn round bet---
valid player: 8, all in player: 0, fold player: 7

---river round bet---
valid player: 8, all in player: 0, fold player: 7

--- 1 players not fold, don't need show down---

---Allocate pot---
Only player at seat 1 not fold, win all the pot 501
pot-win/ 
8888: 501 
/pot-win 
it is player 2222's turn to be button

-----2 Hand-----

----- clean player data in socket -----
seat/ 
button: 2222 1980 2000 
small blind: 8888 2060 2000 
big blind: 7777 2000 2000 
1111 2000 2000 
3333 2000 2000 
6666 2000 2000 
4444 1960 2000 
5555 2000 2000 
/seat 
blind/ 
8888: 20 
7777: 40 
/blind 
player 8888:hold/ 
HEARTS 10 
DIAMONDS J 
/hold 
player 7777:hold/ 
HEARTS 3 
CLUBS 3 
/hold 
player 1111:hold/ 
SPADES 2 
CLUBS 8 
/hold 
player 3333:hold/ 
SPADES 3 
HEARTS 6 
/hold 
player 6666:hold/ 
HEARTS 5 
DIAMONDS 4 
/hold 
player 4444:hold/ 
CLUBS 6 
DIAMONDS 3 
/hold 
player 5555:hold/ 
SPADES K 
SPADES 6 
/hold 
player 2222:hold/ 
CLUBS A 
SPADES Q 
/hold 

---pre flop round bet---
valid player: 8, all in player: 0, fold player: 0

send inquire msg to player 1111(seat:2) 
inquire/ 
7777 1960 2000 40 blind 
8888 2040 2000 20 blind 
total pot: 60 
/inquire 
recv from player 1111: fold 


send inquire msg to player 3333(seat:3) 
inquire/ 
1111 2000 2000 0 fold 
7777 1960 2000 40 blind 
8888 2040 2000 20 blind 
total pot: 60 
/inquire 
recv from player 3333: fold 


send inquire msg to player 6666(seat:4) 
inquire/ 
3333 2000 2000 0 fold 
1111 2000 2000 0 fold 
7777 1960 2000 40 blind 
8888 2040 2000 20 blind 
total pot: 60 
/inquire 
recv from player 6666: fold 


send inquire msg to player 4444(seat:5) 
inquire/ 
6666 2000 2000 0 fold 
3333 2000 2000 0 fold 
1111 2000 2000 0 fold 
7777 1960 2000 40 blind 
8888 2040 2000 20 blind 
total pot: 60 
/inquire 
recv from player 4444: fold


send inquire msg to player 5555(seat:6) 
inquire/ 
4444 1960 2000 0 fold 
6666 2000 2000 0 fold 
3333 2000 2000 0 fold 
1111 2000 2000 0 fold 
7777 1960 2000 40 blind 
8888 2040 2000 20 blind 
total pot: 60 
/inquire 
recv from player 5555: fold


send inquire msg to player 2222(seat:7) 
inquire/ 
5555 2000 2000 0 fold 
4444 1960 2000 0 fold 
6666 2000 2000 0 fold 
3333 2000 2000 0 fold 
1111 2000 2000 0 fold 
7777 1960 2000 40 blind 
8888 2040 2000 20 blind 
total pot: 60 
/inquire 
recv from player 2222: raise 82


send inquire msg to player 8888(seat:0) 
inquire/ 
2222 1858 2000 122 raise 
5555 2000 2000 0 fold 
4444 1960 2000 0 fold 
6666 2000 2000 0 fold 
3333 2000 2000 0 fold 
1111 2000 2000 0 fold 
7777 1960 2000 40 blind 
8888 2040 2000 20 blind 
total pot: 182 
/inquire 
recv from player 8888: raise 41 


send inquire msg to player 7777(seat:1) 
inquire/ 
8888 1856 2000 204 raise 
2222 1858 2000 122 raise 
5555 2000 2000 0 fold 
4444 1960 2000 0 fold 
6666 2000 2000 0 fold 
3333 2000 2000 0 fold 
1111 2000 2000 0 fold 
7777 1960 2000 40 blind 
total pot: 366 
/inquire 
recv from player 7777: fold 


player 1111(seat:2) doesn't need notify-msg

player 3333(seat:3) doesn't need notify-msg

send notify msg to player 6666(seat:4) 
notify/ 
3333 2000 2000 0 fold 
1111 2000 2000 0 fold 
7777 1960 2000 40 fold 
8888 1856 2000 204 raise 
2222 1858 2000 122 raise 
5555 2000 2000 0 fold 
4444 1960 2000 0 fold 
6666 2000 2000 0 fold 
total pot: 366 
/notify 

player 4444(seat:5) doesn't need notify-msg

player 5555(seat:6) doesn't need notify-msg

send inquire msg to player 2222(seat:7) 
inquire/ 
5555 2000 2000 0 fold 
4444 1960 2000 0 fold 
6666 2000 2000 0 fold 
3333 2000 2000 0 fold 
1111 2000 2000 0 fold 
7777 1960 2000 40 fold 
8888 1856 2000 204 raise 
2222 1858 2000 122 raise 
total pot: 366 
/inquire 
recv from player 2222: call 
valid player: 8, all in player: 0, fold player: 6

----- send notify msg from 0 to 0(exclude) -----
flop/ 
CLUBS Q 
CLUBS 10 
DIAMONDS 8 
/flop 

---flop round bet---
valid player: 8, all in player: 0, fold player: 6

send inquire msg to player 8888(seat:0) 
inquire/ 
2222 1776 2000 204 call 
5555 2000 2000 0 fold 
4444 1960 2000 0 fold 
6666 2000 2000 0 fold 
3333 2000 2000 0 fold 
1111 2000 2000 0 fold 
7777 1960 2000 40 fold 
8888 1856 2000 204 raise 
total pot: 448 
/inquire 
recv from player 8888: raise 401 


send notify msg to player 7777(seat:1) 
notify/ 
8888 1455 2000 605 raise 
2222 1776 2000 204 call 
5555 2000 2000 0 fold 
4444 1960 2000 0 fold 
6666 2000 2000 0 fold 
3333 2000 2000 0 fold 
1111 2000 2000 0 fold 
7777 1960 2000 40 fold 
total pot: 849 
/notify 

player 1111(seat:2) doesn't need notify-msg

player 3333(seat:3) doesn't need notify-msg

send notify msg to player 6666(seat:4) 
notify/ 
3333 2000 2000 0 fold 
1111 2000 2000 0 fold 
7777 1960 2000 40 fold 
8888 1455 2000 605 raise 
2222 1776 2000 204 call 
5555 2000 2000 0 fold 
4444 1960 2000 0 fold 
6666 2000 2000 0 fold 
total pot: 849 
/notify 

player 4444(seat:5) doesn't need notify-msg

player 5555(seat:6) doesn't need notify-msg

send inquire msg to player 2222(seat:7) 
inquire/ 
5555 2000 2000 0 fold 
4444 1960 2000 0 fold 
6666 2000 2000 0 fold 
3333 2000 2000 0 fold 
1111 2000 2000 0 fold 
7777 1960 2000 40 fold 
8888 1455 2000 605 raise 
2222 1776 2000 204 call 
total pot: 849 
/inquire 
recv from player 2222: fold 
valid player: 8, all in player: 0, fold player: 7

----- send notify msg from 0 to 7(exclude) -----

send notify msg to player 8888(seat:0) 
notify/ 
2222 1776 2000 204 fold 
5555 2000 2000 0 fold 
4444 1960 2000 0 fold 
6666 2000 2000 0 fold 
3333 2000 2000 0 fold 
1111 2000 2000 0 fold 
7777 1960 2000 40 fold 
8888 1455 2000 605 raise 
total pot: 849 
/notify 

send notify msg to player 7777(seat:1) 
notify/ 
8888 1455 2000 605 raise 
2222 1776 2000 204 fold 
5555 2000 2000 0 fold 
4444 1960 2000 0 fold 
6666 2000 2000 0 fold 
3333 2000 2000 0 fold 
1111 2000 2000 0 fold 
7777 1960 2000 40 fold 
total pot: 849 
/notify 

player 1111(seat:2) doesn't need notify-msg

player 3333(seat:3) doesn't need notify-msg

send notify msg to player 6666(seat:4) 
notify/ 
3333 2000 2000 0 fold 
1111 2000 2000 0 fold 
7777 1960 2000 40 fold 
8888 1455 2000 605 raise 
2222 1776 2000 204 fold 
5555 2000 2000 0 fold 
4444 1960 2000 0 fold 
6666 2000 2000 0 fold 
total pot: 849 
/notify 

player 4444(seat:5) doesn't need notify-msg

player 5555(seat:6) doesn't need notify-msg

---turn round bet---
valid player: 8, all in player: 0, fold player: 7

---river round bet---
valid player: 8, all in player: 0, fold player: 7

--- 1 players not fold, don't need show down---

---Allocate pot---
Only player at seat 0 not fold, win all the pot 849
pot-win/ 
8888: 849 
/pot-win 
it is player 8888's turn to be button

-----3 Hand-----

----- clean player data in socket -----
seat/ 
button: 8888 2304 2000 
small blind: 7777 1960 2000 
big blind: 1111 2000 2000 
3333 2000 2000 
6666 2000 2000 
4444 1960 2000 
5555 2000 2000 
2222 1776 2000 
/seat 
blind/ 
7777: 20 
1111: 40 
/blind 
player 7777:hold/ 
HEARTS 2 
SPADES 5 
/hold 
player 1111:hold/ 
SPADES 10 
CLUBS 4 
/hold 
player 3333:hold/ 
HEARTS 10 
HEARTS K 
/hold 
player 6666:hold/ 
HEARTS A 
SPADES A 
/hold 
player 4444:hold/ 
CLUBS 6 
DIAMONDS 8 
/hold 
player 5555:hold/ 
DIAMONDS 5 
CLUBS 8 
/hold 
player 2222:hold/ 
DIAMONDS 6 
CLUBS 3 
/hold 
player 8888:hold/ 
DIAMONDS J 
SPADES 6 
/hold 

---pre flop round bet---
valid player: 8, all in player: 0, fold player: 0

send inquire msg to player 3333(seat:2) 
inquire/ 
1111 1960 2000 40 blind 
7777 1940 2000 20 blind 
total pot: 60 
/inquire 
recv from player 3333: raise 43 


send inquire msg to player 6666(seat:3) 
inquire/ 
3333 1917 2000 83 raise 
1111 1960 2000 40 blind 
7777 1940 2000 20 blind 
total pot: 143 
/inquire 
recv from player 6666: raise 80 


send inquire msg to player 4444(seat:4) 
inquire/ 
6666 1837 2000 163 raise 
3333 1917 2000 83 raise 
1111 1960 2000 40 blind 
7777 1940 2000 20 blind 
total pot: 306 
/inquire 
recv from player 4444: fold


send inquire msg to player 5555(seat:5) 
inquire/ 
4444 1960 2000 0 fold 
6666 1837 2000 163 raise 
3333 1917 2000 83 raise 
1111 1960 2000 40 blind 
7777 1940 2000 20 blind 
total pot: 306 
/inquire 
recv from player 5555: fold


send inquire msg to player 2222(seat:6) 
inquire/ 
5555 2000 2000 0 fold 
4444 1960 2000 0 fold 
6666 1837 2000 163 raise 
3333 1917 2000 83 raise 
1111 1960 2000 40 blind 
7777 1940 2000 20 blind 
total pot: 306 
/inquire 
recv from player 2222: fold 

send inquire msg to player 8888(seat:7) 
inquire/ 
2222 1776 2000 0 fold 
5555 2000 2000 0 fold 
4444 1960 2000 0 fold 
6666 1837 2000 163 raise 
3333 1917 2000 83 raise 
1111 1960 2000 40 blind 
7777 1940 2000 20 blind 
total pot: 306 
/inquire 
recv from player 8888: raise 401 


send inquire msg to player 7777(seat:0) 
inquire/ 
8888 1740 2000 564 raise 
2222 1776 2000 0 fold 
5555 2000 2000 0 fold 
4444 1960 2000 0 fold 
6666 1837 2000 163 raise 
3333 1917 2000 83 raise 
1111 1960 2000 40 blind 
7777 1940 2000 20 blind 
total pot: 870 
/inquire 
recv from player 7777: fold 


send inquire msg to player 1111(seat:1) 
inquire/ 
7777 1940 2000 20 fold 
8888 1740 2000 564 raise 
2222 1776 2000 0 fold 
5555 2000 2000 0 fold 
4444 1960 2000 0 fold 
6666 1837 2000 163 raise 
3333 1917 2000 83 raise 
1111 1960 2000 40 blind 
total pot: 870 
/inquire 
recv from player 1111: fold 


send inquire msg to player 3333(seat:2) 
inquire/ 
1111 1960 2000 40 fold 
7777 1940 2000 20 fold 
8888 1740 2000 564 raise 
2222 1776 2000 0 fold 
5555 2000 2000 0 fold 
4444 1960 2000 0 fold 
6666 1837 2000 163 raise 
3333 1917 2000 83 raise 
total pot: 870 
/inquire 
recv from player 3333: fold 


send inquire msg to player 6666(seat:3) 
inquire/ 
3333 1917 2000 83 fold 
1111 1960 2000 40 fold 
7777 1940 2000 20 fold 
8888 1740 2000 564 raise 
2222 1776 2000 0 fold 
5555 2000 2000 0 fold 
4444 1960 2000 0 fold 
6666 1837 2000 163 raise 
total pot: 870 
/inquire 
recv from player 6666: call 

valid player: 8, all in player: 0, fold player: 6

----- send notify msg from 4 to 0(exclude) -----

player 4444(seat:4) doesn't need notify-msg

player 5555(seat:5) doesn't need notify-msg

send notify msg to player 2222(seat:6) 
notify/ 
5555 2000 2000 0 fold 
4444 1960 2000 0 fold 
6666 1436 2000 564 call 
3333 1917 2000 83 fold 
1111 1960 2000 40 fold 
7777 1940 2000 20 fold 
8888 1740 2000 564 raise 
2222 1776 2000 0 fold 
total pot: 1271 
/notify 

send notify msg to player 8888(seat:7) 
notify/ 
2222 1776 2000 0 fold 
5555 2000 2000 0 fold 
4444 1960 2000 0 fold 
6666 1436 2000 564 call 
3333 1917 2000 83 fold 
1111 1960 2000 40 fold 
7777 1940 2000 20 fold 
8888 1740 2000 564 raise 
total pot: 1271 
/notify 
flop/ 
DIAMONDS 3 
CLUBS 9 
SPADES K 
/flop 

---flop round bet---
valid player: 8, all in player: 0, fold player: 6

send notify msg to player 7777(seat:0) 
notify/ 
8888 1740 2000 564 raise 
2222 1776 2000 0 fold 
5555 2000 2000 0 fold 
4444 1960 2000 0 fold 
6666 1436 2000 564 call 
3333 1917 2000 83 fold 
1111 1960 2000 40 fold 
7777 1940 2000 20 fold 
total pot: 1271 
/notify 

player 1111(seat:1) doesn't need notify-msg

player 3333(seat:2) doesn't need notify-msg

send inquire msg to player 6666(seat:3) 
inquire/ 
3333 1917 2000 83 fold 
1111 1960 2000 40 fold 
7777 1940 2000 20 fold 
8888 1740 2000 564 raise 
2222 1776 2000 0 fold 
5555 2000 2000 0 fold 
4444 1960 2000 0 fold 
6666 1436 2000 564 call 
total pot: 1271 
/inquire 
recv from player 6666: call 


player 4444(seat:4) doesn't need notify-msg

player 5555(seat:5) doesn't need notify-msg

send notify msg to player 2222(seat:6) 
notify/ 
5555 2000 2000 0 fold 
4444 1960 2000 0 fold 
6666 1436 2000 564 check 
3333 1917 2000 83 fold 
1111 1960 2000 40 fold 
7777 1940 2000 20 fold 
8888 1740 2000 564 raise 
2222 1776 2000 0 fold 
total pot: 1271 
/notify 

send inquire msg to player 8888(seat:7) 
inquire/ 
2222 1776 2000 0 fold 
5555 2000 2000 0 fold 
4444 1960 2000 0 fold 
6666 1436 2000 564 check 
3333 1917 2000 83 fold 
1111 1960 2000 40 fold 
7777 1940 2000 20 fold 
8888 1740 2000 564 raise 
total pot: 1271 
/inquire 
recv from player 8888: raise 401 


send notify msg to player 7777(seat:0) 
notify/ 
8888 1339 2000 965 raise 
2222 1776 2000 0 fold 
5555 2000 2000 0 fold 
4444 1960 2000 0 fold 
6666 1436 2000 564 check 
3333 1917 2000 83 fold 
1111 1960 2000 40 fold 
7777 1940 2000 20 fold 
total pot: 1672 
/notify 

player 1111(seat:1) doesn't need notify-msg

player 3333(seat:2) doesn't need notify-msg

send inquire msg to player 6666(seat:3) 
inquire/ 
3333 1917 2000 83 fold 
1111 1960 2000 40 fold 
7777 1940 2000 20 fold 
8888 1339 2000 965 raise 
2222 1776 2000 0 fold 
5555 2000 2000 0 fold 
4444 1960 2000 0 fold 
6666 1436 2000 564 check 
total pot: 1672 
/inquire 
recv from player 6666: call 

valid player: 8, all in player: 0, fold player: 6

----- send notify msg from 4 to 0(exclude) -----

player 4444(seat:4) doesn't need notify-msg

player 5555(seat:5) doesn't need notify-msg

send notify msg to player 2222(seat:6) 
notify/ 
5555 2000 2000 0 fold 
4444 1960 2000 0 fold 
6666 1035 2000 965 call 
3333 1917 2000 83 fold 
1111 1960 2000 40 fold 
7777 1940 2000 20 fold 
8888 1339 2000 965 raise 
2222 1776 2000 0 fold 
total pot: 2073 
/notify 

send notify msg to player 8888(seat:7) 
notify/ 
2222 1776 2000 0 fold 
5555 2000 2000 0 fold 
4444 1960 2000 0 fold 
6666 1035 2000 965 call 
3333 1917 2000 83 fold 
1111 1960 2000 40 fold 
7777 1940 2000 20 fold 
8888 1339 2000 965 raise 
total pot: 2073 
/notify 
turn/ 
HEARTS 6 
/turn 

---turn round bet---
valid player: 8, all in player: 0, fold player: 6

send notify msg to player 7777(seat:0) 
notify/ 
8888 1339 2000 965 raise 
2222 1776 2000 0 fold 
5555 2000 2000 0 fold 
4444 1960 2000 0 fold 
6666 1035 2000 965 call 
3333 1917 2000 83 fold 
1111 1960 2000 40 fold 
7777 1940 2000 20 fold 
total pot: 2073 
/notify 

player 1111(seat:1) doesn't need notify-msg

player 3333(seat:2) doesn't need notify-msg

send inquire msg to player 6666(seat:3) 
inquire/ 
3333 1917 2000 83 fold 
1111 1960 2000 40 fold 
7777 1940 2000 20 fold 
8888 1339 2000 965 raise 
2222 1776 2000 0 fold 
5555 2000 2000 0 fold 
4444 1960 2000 0 fold 
6666 1035 2000 965 call 
total pot: 2073 
/inquire 
recv from player 6666: raise 965 


player 4444(seat:4) doesn't need notify-msg

player 5555(seat:5) doesn't need notify-msg

send notify msg to player 2222(seat:6) 
notify/ 
5555 2000 2000 0 fold 
4444 1960 2000 0 fold 
6666 70 2000 1930 raise 
3333 1917 2000 83 fold 
1111 1960 2000 40 fold 
7777 1940 2000 20 fold 
8888 1339 2000 965 raise 
2222 1776 2000 0 fold 
total pot: 3038 
/notify 

send inquire msg to player 8888(seat:7) 
inquire/ 
2222 1776 2000 0 fold 
5555 2000 2000 0 fold 
4444 1960 2000 0 fold 
6666 70 2000 1930 raise 
3333 1917 2000 83 fold 
1111 1960 2000 40 fold 
7777 1940 2000 20 fold 
8888 1339 2000 965 raise 
total pot: 3038 
/inquire 
recv from player 8888: fold 

valid player: 8, all in player: 0, fold player: 7

----- send notify msg from 0 to 7(exclude) -----

send notify msg to player 7777(seat:0) 
notify/ 
8888 1339 2000 965 fold 
2222 1776 2000 0 fold 
5555 2000 2000 0 fold 
4444 1960 2000 0 fold 
6666 70 2000 1930 raise 
3333 1917 2000 83 fold 
1111 1960 2000 40 fold 
7777 1940 2000 20 fold 
total pot: 3038 
/notify 

player 1111(seat:1) doesn't need notify-msg

player 3333(seat:2) doesn't need notify-msg

send notify msg to player 6666(seat:3) 
notify/ 
3333 1917 2000 83 fold 
1111 1960 2000 40 fold 
7777 1940 2000 20 fold 
8888 1339 2000 965 fold 
2222 1776 2000 0 fold 
5555 2000 2000 0 fold 
4444 1960 2000 0 fold 
6666 70 2000 1930 raise 
total pot: 3038 
/notify 

player 4444(seat:4) doesn't need notify-msg

player 5555(seat:5) doesn't need notify-msg

send notify msg to player 2222(seat:6) 
notify/ 
5555 2000 2000 0 fold 
4444 1960 2000 0 fold 
6666 70 2000 1930 raise 
3333 1917 2000 83 fold 
1111 1960 2000 40 fold 
7777 1940 2000 20 fold 
8888 1339 2000 965 fold 
2222 1776 2000 0 fold 
total pot: 3038 
/notify 

---river round bet---
valid player: 8, all in player: 0, fold player: 7

--- 1 players not fold, don't need show down---

---Allocate pot---
Only player at seat 3 not fold, win all the pot 3038
pot-win/ 
6666: 3038 
/pot-win 
it is player 7777's turn to be button

-----4 Hand-----

----- clean player data in socket -----
seat/ 
button: 7777 1940 2000 
small blind: 1111 1960 2000 
big blind: 3333 1917 2000 
6666 3108 2000 
4444 1960 2000 
5555 2000 2000 
2222 1776 2000 
8888 1339 2000 
/seat 
blind/ 
1111: 20 
3333: 40 
/blind 
player 1111:hold/ 
DIAMONDS 9 
HEARTS 7 
/hold 
player 3333:hold/ 
DIAMONDS A 
HEARTS 6 
/hold 
player 6666:hold/ 
CLUBS 5 
CLUBS 7 
/hold 
player 4444:hold/ 
SPADES 4 
SPADES 6 
/hold 
player 5555:hold/ 
CLUBS A 
HEARTS J 
/hold 
player 2222:hold/ 
DIAMONDS Q 
SPADES 5 
/hold 
player 8888:hold/ 
DIAMONDS 7 
HEARTS 10 
/hold 
player 7777:hold/ 
SPADES J 
DIAMONDS 10 
/hold 

---pre flop round bet---
valid player: 8, all in player: 0, fold player: 0

send inquire msg to player 6666(seat:2) 
inquire/ 
3333 1877 2000 40 blind 
1111 1940 2000 20 blind 
total pot: 60 
/inquire 
recv from player 6666: fold 


send inquire msg to player 4444(seat:3) 
inquire/ 
6666 3108 2000 0 fold 
3333 1877 2000 40 blind 
1111 1940 2000 20 blind 
total pot: 60 
/inquire 
recv from player 4444: fold


send inquire msg to player 5555(seat:4) 
inquire/ 
4444 1960 2000 0 fold 
6666 3108 2000 0 fold 
3333 1877 2000 40 blind 
1111 1940 2000 20 blind 
total pot: 60 
/inquire 
recv from player 5555: call


send inquire msg to player 2222(seat:5) 
inquire/ 
5555 1960 2000 40 call 
4444 1960 2000 0 fold 
6666 3108 2000 0 fold 
3333 1877 2000 40 blind 
1111 1940 2000 20 blind 
total pot: 100 
/inquire 
recv from player 2222: fold 

send inquire msg to player 8888(seat:6) 
inquire/ 
2222 1776 2000 0 fold 
5555 1960 2000 40 call 
4444 1960 2000 0 fold 
6666 3108 2000 0 fold 
3333 1877 2000 40 blind 
1111 1940 2000 20 blind 
total pot: 100 
/inquire 
recv from player 8888: fold 


send inquire msg to player 7777(seat:7) 
inquire/ 
8888 1339 2000 0 fold 
2222 1776 2000 0 fold 
5555 1960 2000 40 call 
4444 1960 2000 0 fold 
6666 3108 2000 0 fold 
3333 1877 2000 40 blind 
1111 1940 2000 20 blind 
total pot: 100 
/inquire 
recv from player 7777: raise 196 


send inquire msg to player 1111(seat:0) 
inquire/ 
7777 1704 2000 236 raise 
8888 1339 2000 0 fold 
2222 1776 2000 0 fold 
5555 1960 2000 40 call 
4444 1960 2000 0 fold 
6666 3108 2000 0 fold 
3333 1877 2000 40 blind 
1111 1940 2000 20 blind 
total pot: 336 
/inquire 
recv from player 1111: fold 


send inquire msg to player 3333(seat:1) 
inquire/ 
1111 1940 2000 20 fold 
7777 1704 2000 236 raise 
8888 1339 2000 0 fold 
2222 1776 2000 0 fold 
5555 1960 2000 40 call 
4444 1960 2000 0 fold 
6666 3108 2000 0 fold 
3333 1877 2000 40 blind 
total pot: 336 
/inquire 
recv from player 3333: fold 


send notify msg to player 6666(seat:2) 
notify/ 
3333 1877 2000 40 fold 
1111 1940 2000 20 fold 
7777 1704 2000 236 raise 
8888 1339 2000 0 fold 
2222 1776 2000 0 fold 
5555 1960 2000 40 call 
4444 1960 2000 0 fold 
6666 3108 2000 0 fold 
total pot: 336 
/notify 

player 4444(seat:3) doesn't need notify-msg

send inquire msg to player 5555(seat:4) 
inquire/ 
4444 1960 2000 0 fold 
6666 3108 2000 0 fold 
3333 1877 2000 40 fold 
1111 1940 2000 20 fold 
7777 1704 2000 236 raise 
8888 1339 2000 0 fold 
2222 1776 2000 0 fold 
5555 1960 2000 40 call 
total pot: 336 
/inquire 
recv from player 5555: fold

valid player: 8, all in player: 0, fold player: 7

----- send notify msg from 5 to 4(exclude) -----

send notify msg to player 2222(seat:5) 
notify/ 
5555 1960 2000 40 fold 
4444 1960 2000 0 fold 
6666 3108 2000 0 fold 
3333 1877 2000 40 fold 
1111 1940 2000 20 fold 
7777 1704 2000 236 raise 
8888 1339 2000 0 fold 
2222 1776 2000 0 fold 
total pot: 336 
/notify 

send notify msg to player 8888(seat:6) 
notify/ 
2222 1776 2000 0 fold 
5555 1960 2000 40 fold 
4444 1960 2000 0 fold 
6666 3108 2000 0 fold 
3333 1877 2000 40 fold 
1111 1940 2000 20 fold 
7777 1704 2000 236 raise 
8888 1339 2000 0 fold 
total pot: 336 
/notify 

send notify msg to player 7777(seat:7) 
notify/ 
8888 1339 2000 0 fold 
2222 1776 2000 0 fold 
5555 1960 2000 40 fold 
4444 1960 2000 0 fold 
6666 3108 2000 0 fold 
3333 1877 2000 40 fold 
1111 1940 2000 20 fold 
7777 1704 2000 236 raise 
total pot: 336 
/notify 

player 1111(seat:0) doesn't need notify-msg

player 3333(seat:1) doesn't need notify-msg

send notify msg to player 6666(seat:2) 
notify/ 
3333 1877 2000 40 fold 
1111 1940 2000 20 fold 
7777 1704 2000 236 raise 
8888 1339 2000 0 fold 
2222 1776 2000 0 fold 
5555 1960 2000 40 fold 
4444 1960 2000 0 fold 
6666 3108 2000 0 fold 
total pot: 336 
/notify 

player 4444(seat:3) doesn't need notify-msg

---flop round bet---
valid player: 8, all in player: 0, fold player: 7

---turn round bet---
valid player: 8, all in player: 0, fold player: 7

---river round bet---
valid player: 8, all in player: 0, fold player: 7

--- 1 players not fold, don't need show down---

---Allocate pot---
Only player at seat 7 not fold, win all the pot 336
pot-win/ 
7777: 336 
/pot-win 
it is player 1111's turn to be button

-----5 Hand-----

----- clean player data in socket -----
seat/ 
button: 1111 1940 2000 
small blind: 3333 1877 2000 
big blind: 6666 3108 2000 
4444 1960 2000 
5555 1960 2000 
2222 1776 2000 
8888 1339 2000 
7777 2040 2000 
/seat 
blind/ 
3333: 20 
6666: 40 
/blind 
player 3333:hold/ 
HEARTS J 
HEARTS A 
/hold 
player 6666:hold/ 
HEARTS 2 
SPADES 2 
/hold 
player 4444:hold/ 
DIAMONDS 10 
SPADES 5 
/hold 
player 5555:hold/ 
CLUBS 6 
HEARTS 6 
/hold 
player 2222:hold/ 
DIAMONDS Q 
CLUBS 10 
/hold 
player 8888:hold/ 
DIAMONDS 5 
SPADES 4 
/hold 
player 7777:hold/ 
SPADES 10 
DIAMONDS 8 
/hold 
player 1111:hold/ 
HEARTS K 
DIAMONDS 7 
/hold 

---pre flop round bet---
valid player: 8, all in player: 0, fold player: 0

send inquire msg to player 4444(seat:2) 
inquire/ 
6666 3068 2000 40 blind 
3333 1857 2000 20 blind 
total pot: 60 
/inquire 
recv from player 4444: fold


send inquire msg to player 5555(seat:3) 
inquire/ 
4444 1960 2000 0 fold 
6666 3068 2000 40 blind 
3333 1857 2000 20 blind 
total pot: 60 
/inquire 
recv from player 5555: fold


send inquire msg to player 2222(seat:4) 
inquire/ 
5555 1960 2000 0 fold 
4444 1960 2000 0 fold 
6666 3068 2000 40 blind 
3333 1857 2000 20 blind 
total pot: 60 
/inquire 
recv from player 2222: call 

send inquire msg to player 8888(seat:5) 
inquire/ 
2222 1736 2000 40 call 
5555 1960 2000 0 fold 
4444 1960 2000 0 fold 
6666 3068 2000 40 blind 
3333 1857 2000 20 blind 
total pot: 100 
/inquire 
recv from player 8888: fold 


send inquire msg to player 7777(seat:6) 
inquire/ 
8888 1339 2000 0 fold 
2222 1736 2000 40 call 
5555 1960 2000 0 fold 
4444 1960 2000 0 fold 
6666 3068 2000 40 blind 
3333 1857 2000 20 blind 
total pot: 100 
/inquire 
recv from player 7777: raise 40 


send inquire msg to player 1111(seat:7) 
inquire/ 
7777 1960 2000 80 raise 
8888 1339 2000 0 fold 
2222 1736 2000 40 call 
5555 1960 2000 0 fold 
4444 1960 2000 0 fold 
6666 3068 2000 40 blind 
3333 1857 2000 20 blind 
total pot: 180 
/inquire 
recv from player 1111: fold 


send inquire msg to player 3333(seat:0) 
inquire/ 
1111 1940 2000 0 fold 
7777 1960 2000 80 raise 
8888 1339 2000 0 fold 
2222 1736 2000 40 call 
5555 1960 2000 0 fold 
4444 1960 2000 0 fold 
6666 3068 2000 40 blind 
3333 1857 2000 20 blind 
total pot: 180 
/inquire 
recv from player 3333: raise 83 


send inquire msg to player 6666(seat:1) 
inquire/ 
3333 1714 2000 163 raise 
1111 1940 2000 0 fold 
7777 1960 2000 80 raise 
8888 1339 2000 0 fold 
2222 1736 2000 40 call 
5555 1960 2000 0 fold 
4444 1960 2000 0 fold 
6666 3068 2000 40 blind 
total pot: 323 
/inquire 
recv from player 6666: call 


player 4444(seat:2) doesn't need notify-msg

player 5555(seat:3) doesn't need notify-msg

send inquire msg to player 2222(seat:4) 
inquire/ 
5555 1960 2000 0 fold 
4444 1960 2000 0 fold 
6666 2945 2000 163 call 
3333 1714 2000 163 raise 
1111 1940 2000 0 fold 
7777 1960 2000 80 raise 
8888 1339 2000 0 fold 
2222 1736 2000 40 call 
total pot: 446 
/inquire 
recv from player 2222: call 

send notify msg to player 8888(seat:5) 
notify/ 
2222 1613 2000 163 call 
5555 1960 2000 0 fold 
4444 1960 2000 0 fold 
6666 2945 2000 163 call 
3333 1714 2000 163 raise 
1111 1940 2000 0 fold 
7777 1960 2000 80 raise 
8888 1339 2000 0 fold 
total pot: 569 
/notify 

send inquire msg to player 7777(seat:6) 
inquire/ 
8888 1339 2000 0 fold 
2222 1613 2000 163 call 
5555 1960 2000 0 fold 
4444 1960 2000 0 fold 
6666 2945 2000 163 call 
3333 1714 2000 163 raise 
1111 1940 2000 0 fold 
7777 1960 2000 80 raise 
total pot: 569 
/inquire 
recv from player 7777: raise 40 


player 1111(seat:7) doesn't need notify-msg

send inquire msg to player 3333(seat:0) 
inquire/ 
1111 1940 2000 0 fold 
7777 1794 2000 246 raise 
8888 1339 2000 0 fold 
2222 1613 2000 163 call 
5555 1960 2000 0 fold 
4444 1960 2000 0 fold 
6666 2945 2000 163 call 
3333 1714 2000 163 raise 
total pot: 735 
/inquire 
recv from player 3333: check 


send inquire msg to player 6666(seat:1) 
inquire/ 
3333 1631 2000 246 call 
1111 1940 2000 0 fold 
7777 1794 2000 246 raise 
8888 1339 2000 0 fold 
2222 1613 2000 163 call 
5555 1960 2000 0 fold 
4444 1960 2000 0 fold 
6666 2945 2000 163 call 
total pot: 818 
/inquire 
recv from player 6666: call 


player 4444(seat:2) doesn't need notify-msg

player 5555(seat:3) doesn't need notify-msg

send inquire msg to player 2222(seat:4) 
inquire/ 
5555 1960 2000 0 fold 
4444 1960 2000 0 fold 
6666 2862 2000 246 call 
3333 1631 2000 246 call 
1111 1940 2000 0 fold 
7777 1794 2000 246 raise 
8888 1339 2000 0 fold 
2222 1613 2000 163 call 
total pot: 901 
/inquire 
recv from player 2222: call 
valid player: 8, all in player: 0, fold player: 4

----- send notify msg from 5 to 0(exclude) -----

send notify msg to player 8888(seat:5) 
notify/ 
2222 1530 2000 246 call 
5555 1960 2000 0 fold 
4444 1960 2000 0 fold 
6666 2862 2000 246 call 
3333 1631 2000 246 call 
1111 1940 2000 0 fold 
7777 1794 2000 246 raise 
8888 1339 2000 0 fold 
total pot: 984 
/notify 

send notify msg to player 7777(seat:6) 
notify/ 
8888 1339 2000 0 fold 
2222 1530 2000 246 call 
5555 1960 2000 0 fold 
4444 1960 2000 0 fold 
6666 2862 2000 246 call 
3333 1631 2000 246 call 
1111 1940 2000 0 fold 
7777 1794 2000 246 raise 
total pot: 984 
/notify 

player 1111(seat:7) doesn't need notify-msg
flop/ 
CLUBS J 
DIAMONDS J 
HEARTS 5 
/flop 

---flop round bet---
valid player: 8, all in player: 0, fold player: 4

send inquire msg to player 3333(seat:0) 
inquire/ 
1111 1940 2000 0 fold 
7777 1794 2000 246 raise 
8888 1339 2000 0 fold 
2222 1530 2000 246 call 
5555 1960 2000 0 fold 
4444 1960 2000 0 fold 
6666 2862 2000 246 call 
3333 1631 2000 246 call 
total pot: 984 
/inquire 
recv from player 3333: raise 83 


send inquire msg to player 6666(seat:1) 
inquire/ 
3333 1548 2000 329 raise 
1111 1940 2000 0 fold 
7777 1794 2000 246 raise 
8888 1339 2000 0 fold 
2222 1530 2000 246 call 
5555 1960 2000 0 fold 
4444 1960 2000 0 fold 
6666 2862 2000 246 call 
total pot: 1067 
/inquire 
recv from player 6666: call 


player 4444(seat:2) doesn't need notify-msg

player 5555(seat:3) doesn't need notify-msg

send inquire msg to player 2222(seat:4) 
inquire/ 
5555 1960 2000 0 fold 
4444 1960 2000 0 fold 
6666 2779 2000 329 call 
3333 1548 2000 329 raise 
1111 1940 2000 0 fold 
7777 1794 2000 246 raise 
8888 1339 2000 0 fold 
2222 1530 2000 246 call 
total pot: 1150 
/inquire 
recv from player 2222: fold 

send notify msg to player 8888(seat:5) 
notify/ 
2222 1530 2000 246 fold 
5555 1960 2000 0 fold 
4444 1960 2000 0 fold 
6666 2779 2000 329 call 
3333 1548 2000 329 raise 
1111 1940 2000 0 fold 
7777 1794 2000 246 raise 
8888 1339 2000 0 fold 
total pot: 1150 
/notify 

send inquire msg to player 7777(seat:6) 
inquire/ 
8888 1339 2000 0 fold 
2222 1530 2000 246 fold 
5555 1960 2000 0 fold 
4444 1960 2000 0 fold 
6666 2779 2000 329 call 
3333 1548 2000 329 raise 
1111 1940 2000 0 fold 
7777 1794 2000 246 raise 
total pot: 1150 
/inquire 
recv from player 7777: raise 201 


player 1111(seat:7) doesn't need notify-msg

send inquire msg to player 3333(seat:0) 
inquire/ 
1111 1940 2000 0 fold 
7777 1510 2000 530 raise 
8888 1339 2000 0 fold 
2222 1530 2000 246 fold 
5555 1960 2000 0 fold 
4444 1960 2000 0 fold 
6666 2779 2000 329 call 
3333 1548 2000 329 raise 
total pot: 1434 
/inquire 
recv from player 3333: check 


send inquire msg to player 6666(seat:1) 
inquire/ 
3333 1347 2000 530 call 
1111 1940 2000 0 fold 
7777 1510 2000 530 raise 
8888 1339 2000 0 fold 
2222 1530 2000 246 fold 
5555 1960 2000 0 fold 
4444 1960 2000 0 fold 
6666 2779 2000 329 call 
total pot: 1635 
/inquire 
recv from player 6666: call 

valid player: 8, all in player: 0, fold player: 5

----- send notify msg from 2 to 0(exclude) -----

player 4444(seat:2) doesn't need notify-msg

player 5555(seat:3) doesn't need notify-msg

send notify msg to player 2222(seat:4) 
notify/ 
5555 1960 2000 0 fold 
4444 1960 2000 0 fold 
6666 2578 2000 530 call 
3333 1347 2000 530 call 
1111 1940 2000 0 fold 
7777 1510 2000 530 raise 
8888 1339 2000 0 fold 
2222 1530 2000 246 fold 
total pot: 1836 
/notify 

send notify msg to player 8888(seat:5) 
notify/ 
2222 1530 2000 246 fold 
5555 1960 2000 0 fold 
4444 1960 2000 0 fold 
6666 2578 2000 530 call 
3333 1347 2000 530 call 
1111 1940 2000 0 fold 
7777 1510 2000 530 raise 
8888 1339 2000 0 fold 
total pot: 1836 
/notify 

send notify msg to player 7777(seat:6) 
notify/ 
8888 1339 2000 0 fold 
2222 1530 2000 246 fold 
5555 1960 2000 0 fold 
4444 1960 2000 0 fold 
6666 2578 2000 530 call 
3333 1347 2000 530 call 
1111 1940 2000 0 fold 
7777 1510 2000 530 raise 
total pot: 1836 
/notify 

player 1111(seat:7) doesn't need notify-msg
turn/ 
CLUBS 3 
/turn 

---turn round bet---
valid player: 8, all in player: 0, fold player: 5

send inquire msg to player 3333(seat:0) 
inquire/ 
1111 1940 2000 0 fold 
7777 1510 2000 530 raise 
8888 1339 2000 0 fold 
2222 1530 2000 246 fold 
5555 1960 2000 0 fold 
4444 1960 2000 0 fold 
6666 2578 2000 530 call 
3333 1347 2000 530 call 
total pot: 1836 
/inquire 
recv from player 3333: raise 83 


send inquire msg to player 6666(seat:1) 
inquire/ 
3333 1264 2000 613 raise 
1111 1940 2000 0 fold 
7777 1510 2000 530 raise 
8888 1339 2000 0 fold 
2222 1530 2000 246 fold 
5555 1960 2000 0 fold 
4444 1960 2000 0 fold 
6666 2578 2000 530 call 
total pot: 1919 
/inquire 
recv from player 6666: raise 613 


player 4444(seat:2) doesn't need notify-msg

player 5555(seat:3) doesn't need notify-msg

send notify msg to player 2222(seat:4) 
notify/ 
5555 1960 2000 0 fold 
4444 1960 2000 0 fold 
6666 1882 2000 1226 raise 
3333 1264 2000 613 raise 
1111 1940 2000 0 fold 
7777 1510 2000 530 raise 
8888 1339 2000 0 fold 
2222 1530 2000 246 fold 
total pot: 2615 
/notify 

send notify msg to player 8888(seat:5) 
notify/ 
2222 1530 2000 246 fold 
5555 1960 2000 0 fold 
4444 1960 2000 0 fold 
6666 1882 2000 1226 raise 
3333 1264 2000 613 raise 
1111 1940 2000 0 fold 
7777 1510 2000 530 raise 
8888 1339 2000 0 fold 
total pot: 2615 
/notify 

send inquire msg to player 7777(seat:6) 
inquire/ 
8888 1339 2000 0 fold 
2222 1530 2000 246 fold 
5555 1960 2000 0 fold 
4444 1960 2000 0 fold 
6666 1882 2000 1226 raise 
3333 1264 2000 613 raise 
1111 1940 2000 0 fold 
7777 1510 2000 530 raise 
total pot: 2615 
/inquire 
recv from player 7777: fold 


player 1111(seat:7) doesn't need notify-msg

send inquire msg to player 3333(seat:0) 
inquire/ 
1111 1940 2000 0 fold 
7777 1510 2000 530 fold 
8888 1339 2000 0 fold 
2222 1530 2000 246 fold 
5555 1960 2000 0 fold 
4444 1960 2000 0 fold 
6666 1882 2000 1226 raise 
3333 1264 2000 613 raise 
total pot: 2615 
/inquire 
recv from player 3333: fold 

valid player: 8, all in player: 0, fold player: 7

----- send notify msg from 1 to 0(exclude) -----

send notify msg to player 6666(seat:1) 
notify/ 
3333 1264 2000 613 fold 
1111 1940 2000 0 fold 
7777 1510 2000 530 fold 
8888 1339 2000 0 fold 
2222 1530 2000 246 fold 
5555 1960 2000 0 fold 
4444 1960 2000 0 fold 
6666 1882 2000 1226 raise 
total pot: 2615 
/notify 

player 4444(seat:2) doesn't need notify-msg

player 5555(seat:3) doesn't need notify-msg

send notify msg to player 2222(seat:4) 
notify/ 
5555 1960 2000 0 fold 
4444 1960 2000 0 fold 
6666 1882 2000 1226 raise 
3333 1264 2000 613 fold 
1111 1940 2000 0 fold 
7777 1510 2000 530 fold 
8888 1339 2000 0 fold 
2222 1530 2000 246 fold 
total pot: 2615 
/notify 

send notify msg to player 8888(seat:5) 
notify/ 
2222 1530 2000 246 fold 
5555 1960 2000 0 fold 
4444 1960 2000 0 fold 
6666 1882 2000 1226 raise 
3333 1264 2000 613 fold 
1111 1940 2000 0 fold 
7777 1510 2000 530 fold 
8888 1339 2000 0 fold 
total pot: 2615 
/notify 

send notify msg to player 7777(seat:6) 
notify/ 
8888 1339 2000 0 fold 
2222 1530 2000 246 fold 
5555 1960 2000 0 fold 
4444 1960 2000 0 fold 
6666 1882 2000 1226 raise 
3333 1264 2000 613 fold 
1111 1940 2000 0 fold 
7777 1510 2000 530 fold 
total pot: 2615 
/notify 

player 1111(seat:7) doesn't need notify-msg

---river round bet---
valid player: 8, all in player: 0, fold player: 7

--- 1 players not fold, don't need show down---

---Allocate pot---
Only player at seat 1 not fold, win all the pot 2615
pot-win/ 
6666: 2615 
/pot-win 
it is player 3333's turn to be button

-----6 Hand-----

----- clean player data in socket -----
seat/ 
button: 3333 1264 2000 
small blind: 6666 4497 2000 
big blind: 4444 1960 2000 
5555 1960 2000 
2222 1530 2000 
8888 1339 2000 
7777 1510 2000 
1111 1940 2000 
/seat 
blind/ 
6666: 20 
4444: 40 
/blind 
player 6666:hold/ 
DIAMONDS 7 
HEARTS 3 
/hold 
player 4444:hold/ 
HEARTS A 
CLUBS K 
/hold 
player 5555:hold/ 
CLUBS 8 
CLUBS 2 
/hold 
player 2222:hold/ 
HEARTS 2 
CLUBS J 
/hold 
player 8888:hold/ 
CLUBS 3 
SPADES 3 
/hold 
player 7777:hold/ 
HEARTS 7 
SPADES 8 
/hold 
player 1111:hold/ 
CLUBS 4 
HEARTS 6 
/hold 
player 3333:hold/ 
HEARTS 4 
DIAMONDS 4 
/hold 

---pre flop round bet---
valid player: 8, all in player: 0, fold player: 0

send inquire msg to player 5555(seat:2) 
inquire/ 
4444 1920 2000 40 blind 
6666 4477 2000 20 blind 
total pot: 60 
/inquire 
recv from player 5555: fold


send inquire msg to player 2222(seat:3) 
inquire/ 
5555 1960 2000 0 fold 
4444 1920 2000 40 blind 
6666 4477 2000 20 blind 
total pot: 60 
/inquire 
recv from player 2222: fold 

send inquire msg to player 8888(seat:4) 
inquire/ 
2222 1530 2000 0 fold 
5555 1960 2000 0 fold 
4444 1920 2000 40 blind 
6666 4477 2000 20 blind 
total pot: 60 
/inquire 
recv from player 8888: raise 41 


send inquire msg to player 7777(seat:5) 
inquire/ 
8888 1258 2000 81 raise 
2222 1530 2000 0 fold 
5555 1960 2000 0 fold 
4444 1920 2000 40 blind 
