

===VERSION 1.24===
---GAME START @ 2015-5-24-19-29-18---

wait registration for 30 seconds
reg: 3333 DSB  reg: 2222 new 
reg: 8888 Ty_lxx 
reg: 4444 _tomjerrydavi need_notify 
reg: 5555 DSB  reg: 1111 _tomjerrydavi need_notify 
reg: 6666 Ty_lxx 
reg: 7777 cleverbot need_notify 
close registration

-----1 Hand-----

----- clean player data in socket -----
seat/ 
button: 4444 2000 2000 
small blind: 6666 2000 2000 
big blind: 2222 2000 2000 
5555 2000 2000 
1111 2000 2000 
7777 2000 2000 
8888 2000 2000 
3333 2000 2000 
/seat 
blind/ 
6666: 20 
2222: 40 
/blind 
player 6666:hold/ 
SPADES 8 
CLUBS 5 
/hold 
player 2222:hold/ 
SPADES 6 
CLUBS 7 
/hold 
player 5555:hold/ 
DIAMONDS 7 
DIAMONDS J 
/hold 
player 1111:hold/ 
HEARTS 7 
DIAMONDS Q 
/hold 
player 7777:hold/ 
CLUBS Q 
HEARTS 3 
/hold 
player 8888:hold/ 
DIAMONDS 9 
DIAMONDS 4 
/hold 
player 3333:hold/ 
CLUBS J 
SPADES 4 
/hold 
player 4444:hold/ 
CLUBS K 
HEARTS 4 
/hold 

---pre flop round bet---
valid player: 8, all in player: 0, fold player: 0
send inquire msg to player 5555 
inquire/ 
2222 1960 2000 40 blind 
6666 1980 2000 20 blind 
total pot: 60 
/inquire 
recv from player 5555: call 
send inquire msg to player 1111 
inquire/ 
5555 1960 2000 40 call 
2222 1960 2000 40 blind 
6666 1980 2000 20 blind 
total pot: 100 
/inquire 
recv from player 1111: call 

send inquire msg to player 7777 
inquire/ 
1111 1960 2000 40 call 
5555 1960 2000 40 call 
2222 1960 2000 40 blind 
6666 1980 2000 20 blind 
total pot: 140 
/inquire 
recv from player 7777: fold 

send inquire msg to player 8888 
inquire/ 
7777 2000 2000 0 fold 
1111 1960 2000 40 call 
5555 1960 2000 40 call 
2222 1960 2000 40 blind 
6666 1980 2000 20 blind 
total pot: 140 
/inquire 
recv from player 8888: fold 

send inquire msg to player 3333 
inquire/ 
8888 2000 2000 0 fold 
7777 2000 2000 0 fold 
1111 1960 2000 40 call 
5555 1960 2000 40 call 
2222 1960 2000 40 blind 
6666 1980 2000 20 blind 
total pot: 140 
/inquire 
recv from player 3333: call 
send inquire msg to player 4444 
inquire/ 
3333 1960 2000 40 call 
8888 2000 2000 0 fold 
7777 2000 2000 0 fold 
1111 1960 2000 40 call 
5555 1960 2000 40 call 
2222 1960 2000 40 blind 
6666 1980 2000 20 blind 
total pot: 180 
/inquire 
recv from player 4444: call 

send inquire msg to player 6666 
inquire/ 
4444 1960 2000 40 call 
3333 1960 2000 40 call 
8888 2000 2000 0 fold 
7777 2000 2000 0 fold 
1111 1960 2000 40 call 
5555 1960 2000 40 call 
2222 1960 2000 40 blind 
6666 1980 2000 20 blind 
total pot: 220 
/inquire 
recv from player 6666: raise 240 

send inquire msg to player 2222 
inquire/ 
6666 1720 2000 280 raise 
4444 1960 2000 40 call 
3333 1960 2000 40 call 
8888 2000 2000 0 fold 
7777 2000 2000 0 fold 
1111 1960 2000 40 call 
5555 1960 2000 40 call 
2222 1960 2000 40 blind 
total pot: 480 
/inquire 
recv from player 2222: fold 

send inquire msg to player 5555 
inquire/ 
2222 1960 2000 40 fold 
6666 1720 2000 280 raise 
4444 1960 2000 40 call 
3333 1960 2000 40 call 
8888 2000 2000 0 fold 
7777 2000 2000 0 fold 
1111 1960 2000 40 call 
5555 1960 2000 40 call 
total pot: 480 
/inquire 
recv from player 5555: fold 
send inquire msg to player 1111 
inquire/ 
5555 1960 2000 40 fold 
2222 1960 2000 40 fold 
6666 1720 2000 280 raise 
4444 1960 2000 40 call 
3333 1960 2000 40 call 
8888 2000 2000 0 fold 
7777 2000 2000 0 fold 
1111 1960 2000 40 call 
total pot: 480 
/inquire 
recv from player 1111: call 

send notify msg to player 7777 
notify/ 
1111 1720 2000 280 call 
5555 1960 2000 40 fold 
2222 1960 2000 40 fold 
6666 1720 2000 280 raise 
4444 1960 2000 40 call 
3333 1960 2000 40 call 
8888 2000 2000 0 fold 
7777 2000 2000 0 fold 
total pot: 720 
/notify 
send inquire msg to player 3333 
inquire/ 
8888 2000 2000 0 fold 
7777 2000 2000 0 fold 
1111 1720 2000 280 call 
5555 1960 2000 40 fold 
2222 1960 2000 40 fold 
6666 1720 2000 280 raise 
4444 1960 2000 40 call 
3333 1960 2000 40 call 
total pot: 720 
/inquire 
recv from player 3333: fold 
send inquire msg to player 4444 
inquire/ 
3333 1960 2000 40 fold 
8888 2000 2000 0 fold 
7777 2000 2000 0 fold 
1111 1720 2000 280 call 
5555 1960 2000 40 fold 
2222 1960 2000 40 fold 
6666 1720 2000 280 raise 
4444 1960 2000 40 call 
total pot: 720 
/inquire 
recv from player 4444: call 

flop/ 
SPADES 7 
HEARTS J 
CLUBS 9 
/flop 

---flop round bet---
valid player: 8, all in player: 0, fold player: 5
send inquire msg to player 6666 
inquire/ 
4444 1720 2000 280 call 
3333 1960 2000 40 fold 
8888 2000 2000 0 fold 
7777 2000 2000 0 fold 
1111 1720 2000 280 call 
5555 1960 2000 40 fold 
2222 1960 2000 40 fold 
6666 1720 2000 280 raise 
total pot: 960 
/inquire 
recv from player 6666: raise 120 

send inquire msg to player 1111 
inquire/ 
5555 1960 2000 40 fold 
2222 1960 2000 40 fold 
6666 1600 2000 400 raise 
4444 1720 2000 280 call 
3333 1960 2000 40 fold 
8888 2000 2000 0 fold 
7777 2000 2000 0 fold 
1111 1720 2000 280 call 
total pot: 1080 
/inquire 
recv from player 1111: fold 

send notify msg to player 7777 
notify/ 
1111 1720 2000 280 fold 
5555 1960 2000 40 fold 
2222 1960 2000 40 fold 
6666 1600 2000 400 raise 
4444 1720 2000 280 call 
3333 1960 2000 40 fold 
8888 2000 2000 0 fold 
7777 2000 2000 0 fold 
total pot: 1080 
/notify 
send inquire msg to player 4444 
inquire/ 
3333 1960 2000 40 fold 
8888 2000 2000 0 fold 
7777 2000 2000 0 fold 
1111 1720 2000 280 fold 
5555 1960 2000 40 fold 
2222 1960 2000 40 fold 
6666 1600 2000 400 raise 
4444 1720 2000 280 call 
total pot: 1080 
/inquire 
recv from player 4444: fold 


---turn round bet---
valid player: 8, all in player: 0, fold player: 7

---river round bet---
valid player: 8, all in player: 0, fold player: 7

----- notify msg last round -----
send notify msg to player 1111 
notify/ 
5555 1960 2000 40 fold 
2222 1960 2000 40 fold 
6666 1600 2000 400 raise 
4444 1720 2000 280 fold 
3333 1960 2000 40 fold 
8888 2000 2000 0 fold 
7777 2000 2000 0 fold 
1111 1720 2000 280 fold 
total pot: 1080 
/notify 
send notify msg to player 7777 
notify/ 
1111 1720 2000 280 fold 
5555 1960 2000 40 fold 
2222 1960 2000 40 fold 
6666 1600 2000 400 raise 
4444 1720 2000 280 fold 
3333 1960 2000 40 fold 
8888 2000 2000 0 fold 
7777 2000 2000 0 fold 
total pot: 1080 
/notify 
send notify msg to player 4444 
notify/ 
3333 1960 2000 40 fold 
8888 2000 2000 0 fold 
7777 2000 2000 0 fold 
1111 1720 2000 280 fold 
5555 1960 2000 40 fold 
2222 1960 2000 40 fold 
6666 1600 2000 400 raise 
4444 1720 2000 280 fold 
total pot: 1080 
/notify 

--- 1 players not fold, don't need show down---

---Allocate pot---
Only player at seat 0 not fold, win all the pot 1080
pot-win/ 
6666: 1080 
/pot-win 
it is player 6666's turn to be button

-----2 Hand-----

----- clean player data in socket -----
seat/ 
button: 6666 2680 2000 
small blind: 2222 1960 2000 
big blind: 5555 1960 2000 
1111 1720 2000 
7777 2000 2000 
8888 2000 2000 
3333 1960 2000 
4444 1720 2000 
/seat 
blind/ 
2222: 20 
5555: 40 
/blind 
player 2222:hold/ 
CLUBS A 
CLUBS 10 
/hold 
player 5555:hold/ 
CLUBS Q 
CLUBS 9 
/hold 
player 1111:hold/ 
SPADES A 
SPADES 9 
/hold 
player 7777:hold/ 
SPADES K 
HEARTS 4 
/hold 
player 8888:hold/ 
HEARTS J 
CLUBS 6 
/hold 
player 3333:hold/ 
HEARTS 7 
HEARTS A 
/hold 
player 4444:hold/ 
DIAMONDS 8 
SPADES 2 
/hold 
player 6666:hold/ 
HEARTS K 
CLUBS 5 
/hold 

---pre flop round bet---
valid player: 8, all in player: 0, fold player: 0
send inquire msg to player 1111 
inquire/ 
5555 1920 2000 40 blind 
2222 1940 2000 20 blind 
total pot: 60 
/inquire 
recv from player 1111: raise 40 

send inquire msg to player 7777 
inquire/ 
1111 1640 2000 80 raise 
5555 1920 2000 40 blind 
2222 1940 2000 20 blind 
total pot: 140 
/inquire 
recv from player 7777: fold 

send inquire msg to player 8888 
inquire/ 
7777 2000 2000 0 fold 
1111 1640 2000 80 raise 
5555 1920 2000 40 blind 
2222 1940 2000 20 blind 
total pot: 140 
/inquire 
recv from player 8888: fold 

send inquire msg to player 3333 
inquire/ 
8888 2000 2000 0 fold 
7777 2000 2000 0 fold 
1111 1640 2000 80 raise 
5555 1920 2000 40 blind 
2222 1940 2000 20 blind 
total pot: 140 
/inquire 
recv from player 3333: call 
send inquire msg to player 4444 
inquire/ 
3333 1880 2000 80 call 
8888 2000 2000 0 fold 
7777 2000 2000 0 fold 
1111 1640 2000 80 raise 
5555 1920 2000 40 blind 
2222 1940 2000 20 blind 
total pot: 220 
/inquire 
recv from player 4444: fold 

send inquire msg to player 6666 
inquire/ 
4444 1720 2000 0 fold 
3333 1880 2000 80 call 
8888 2000 2000 0 fold 
7777 2000 2000 0 fold 
1111 1640 2000 80 raise 
5555 1920 2000 40 blind 
2222 1940 2000 20 blind 
total pot: 220 
/inquire 
recv from player 6666: fold 

send inquire msg to player 2222 
inquire/ 
6666 2680 2000 0 fold 
4444 1720 2000 0 fold 
3333 1880 2000 80 call 
8888 2000 2000 0 fold 
7777 2000 2000 0 fold 
1111 1640 2000 80 raise 
5555 1920 2000 40 blind 
2222 1940 2000 20 blind 
total pot: 220 
/inquire 
recv from player 2222: fold 

send inquire msg to player 5555 
inquire/ 
2222 1940 2000 20 fold 
6666 2680 2000 0 fold 
4444 1720 2000 0 fold 
3333 1880 2000 80 call 
8888 2000 2000 0 fold 
7777 2000 2000 0 fold 
1111 1640 2000 80 raise 
5555 1920 2000 40 blind 
total pot: 220 
/inquire 
recv from player 5555: call 
flop/ 
SPADES 10 
CLUBS 7 
SPADES Q 
/flop 

---flop round bet---
valid player: 8, all in player: 0, fold player: 5
send inquire msg to player 5555 
inquire/ 
2222 1940 2000 20 fold 
6666 2680 2000 0 fold 
4444 1720 2000 0 fold 
3333 1880 2000 80 call 
8888 2000 2000 0 fold 
7777 2000 2000 0 fold 
1111 1640 2000 80 raise 
5555 1880 2000 80 call 
total pot: 260 
/inquire 
recv from player 5555: call 
send inquire msg to player 1111 
inquire/ 
5555 1880 2000 80 check 
2222 1940 2000 20 fold 
6666 2680 2000 0 fold 
4444 1720 2000 0 fold 
3333 1880 2000 80 call 
8888 2000 2000 0 fold 
7777 2000 2000 0 fold 
1111 1640 2000 80 raise 
total pot: 260 
/inquire 
recv from player 1111: raise 40 

send notify msg to player 7777 
notify/ 
1111 1600 2000 120 raise 
5555 1880 2000 80 check 
2222 1940 2000 20 fold 
6666 2680 2000 0 fold 
4444 1720 2000 0 fold 
3333 1880 2000 80 call 
8888 2000 2000 0 fold 
7777 2000 2000 0 fold 
total pot: 300 
/notify 
send inquire msg to player 3333 
inquire/ 
8888 2000 2000 0 fold 
7777 2000 2000 0 fold 
1111 1600 2000 120 raise 
5555 1880 2000 80 check 
2222 1940 2000 20 fold 
6666 2680 2000 0 fold 
4444 1720 2000 0 fold 
3333 1880 2000 80 call 
total pot: 300 
/inquire 
recv from player 3333: call 
send notify msg to player 4444 
notify/ 
3333 1840 2000 120 call 
8888 2000 2000 0 fold 
7777 2000 2000 0 fold 
1111 1600 2000 120 raise 
5555 1880 2000 80 check 
2222 1940 2000 20 fold 
6666 2680 2000 0 fold 
4444 1720 2000 0 fold 
total pot: 340 
/notify 
send inquire msg to player 5555 
inquire/ 
2222 1940 2000 20 fold 
6666 2680 2000 0 fold 
4444 1720 2000 0 fold 
3333 1840 2000 120 call 
8888 2000 2000 0 fold 
7777 2000 2000 0 fold 
1111 1600 2000 120 raise 
5555 1880 2000 80 check 
total pot: 340 
/inquire 
recv from player 5555: call 
turn/ 
SPADES 3 
/turn 

---turn round bet---
valid player: 8, all in player: 0, fold player: 5
send inquire msg to player 5555 
inquire/ 
2222 1940 2000 20 fold 
6666 2680 2000 0 fold 
4444 1720 2000 0 fold 
3333 1840 2000 120 call 
8888 2000 2000 0 fold 
7777 2000 2000 0 fold 
1111 1600 2000 120 raise 
5555 1840 2000 120 call 
total pot: 380 
/inquire 
recv from player 5555: call 
send inquire msg to player 1111 
inquire/ 
5555 1840 2000 120 check 
2222 1940 2000 20 fold 
6666 2680 2000 0 fold 
4444 1720 2000 0 fold 
3333 1840 2000 120 call 
8888 2000 2000 0 fold 
7777 2000 2000 0 fold 
1111 1600 2000 120 raise 
total pot: 380 
/inquire 
recv from player 1111: raise 600 

send notify msg to player 7777 
notify/ 
1111 1000 2000 720 raise 
5555 1840 2000 120 check 
2222 1940 2000 20 fold 
6666 2680 2000 0 fold 
4444 1720 2000 0 fold 
3333 1840 2000 120 call 
8888 2000 2000 0 fold 
7777 2000 2000 0 fold 
total pot: 980 
/notify 
send inquire msg to player 3333 
inquire/ 
8888 2000 2000 0 fold 
7777 2000 2000 0 fold 
1111 1000 2000 720 raise 
5555 1840 2000 120 check 
2222 1940 2000 20 fold 
6666 2680 2000 0 fold 
4444 1720 2000 0 fold 
3333 1840 2000 120 call 
total pot: 980 
/inquire 
recv from player 3333: fold 
send notify msg to player 4444 
notify/ 
3333 1840 2000 120 fold 
8888 2000 2000 0 fold 
7777 2000 2000 0 fold 
1111 1000 2000 720 raise 
5555 1840 2000 120 check 
2222 1940 2000 20 fold 
6666 2680 2000 0 fold 
4444 1720 2000 0 fold 
total pot: 980 
/notify 
send inquire msg to player 5555 
inquire/ 
2222 1940 2000 20 fold 
6666 2680 2000 0 fold 
4444 1720 2000 0 fold 
3333 1840 2000 120 fold 
8888 2000 2000 0 fold 
7777 2000 2000 0 fold 
1111 1000 2000 720 raise 
5555 1840 2000 120 check 
total pot: 980 
/inquire 
recv from player 5555: call 
river/ 
DIAMONDS 9 
/river 

---river round bet---
valid player: 8, all in player: 0, fold player: 6
send inquire msg to player 5555 
inquire/ 
2222 1940 2000 20 fold 
6666 2680 2000 0 fold 
4444 1720 2000 0 fold 
3333 1840 2000 120 fold 
8888 2000 2000 0 fold 
7777 2000 2000 0 fold 
1111 1000 2000 720 raise 
5555 1240 2000 720 call 
total pot: 1580 
/inquire 
recv from player 5555: call 
send inquire msg to player 1111 
inquire/ 
5555 1240 2000 720 check 
2222 1940 2000 20 fold 
6666 2680 2000 0 fold 
4444 1720 2000 0 fold 
3333 1840 2000 120 fold 
8888 2000 2000 0 fold 
7777 2000 2000 0 fold 
1111 1000 2000 720 raise 
total pot: 1580 
/inquire 
recv from player 1111: raise 1240 

send notify msg to player 7777 
notify/ 
1111 0 2000 1720 all_in 
5555 1240 2000 720 check 
2222 1940 2000 20 fold 
6666 2680 2000 0 fold 
4444 1720 2000 0 fold 
3333 1840 2000 120 fold 
8888 2000 2000 0 fold 
7777 2000 2000 0 fold 
total pot: 2580 
/notify 
send notify msg to player 4444 
notify/ 
3333 1840 2000 120 fold 
8888 2000 2000 0 fold 
7777 2000 2000 0 fold 
1111 0 2000 1720 all_in 
5555 1240 2000 720 check 
2222 1940 2000 20 fold 
6666 2680 2000 0 fold 
4444 1720 2000 0 fold 
total pot: 2580 
/notify 
send inquire msg to player 5555 
inquire/ 
2222 1940 2000 20 fold 
6666 2680 2000 0 fold 
4444 1720 2000 0 fold 
3333 1840 2000 120 fold 
8888 2000 2000 0 fold 
7777 2000 2000 0 fold 
1111 0 2000 1720 all_in 
5555 1240 2000 720 check 
total pot: 2580 
/inquire 
recv from player 5555: call 

----- notify msg last round -----
send notify msg to player 1111 
notify/ 
5555 240 2000 1720 call 
2222 1940 2000 20 fold 
6666 2680 2000 0 fold 
4444 1720 2000 0 fold 
3333 1840 2000 120 fold 
8888 2000 2000 0 fold 
7777 2000 2000 0 fold 
1111 0 2000 1720 all_in 
total pot: 3580 
/notify 
send notify msg to player 7777 
notify/ 
1111 0 2000 1720 all_in 
5555 240 2000 1720 call 
2222 1940 2000 20 fold 
6666 2680 2000 0 fold 
4444 1720 2000 0 fold 
3333 1840 2000 120 fold 
8888 2000 2000 0 fold 
7777 2000 2000 0 fold 
total pot: 3580 
/notify 
send notify msg to player 4444 
notify/ 
3333 1840 2000 120 fold 
8888 2000 2000 0 fold 
7777 2000 2000 0 fold 
1111 0 2000 1720 all_in 
5555 240 2000 1720 call 
2222 1940 2000 20 fold 
6666 2680 2000 0 fold 
4444 1720 2000 0 fold 
total pot: 3580 
/notify 

---show down---
showdown/ 
common/ 
SPADES 10 
CLUBS 7 
SPADES Q 
SPADES 3 
DIAMONDS 9 
/common 
2: 5555 CLUBS Q CLUBS 9 TWO_PAIR 
1: 1111 SPADES A SPADES 9 FLUSH 
/showdown 

---Allocate pot---
pot-win/ 
1111: 3580 
/pot-win 
it is player 2222's turn to be button

-----3 Hand-----

----- clean player data in socket -----
seat/ 
button: 2222 1940 2000 
small blind: 5555 240 2000 
big blind: 1111 3580 2000 
7777 2000 2000 
8888 2000 2000 
3333 1840 2000 
4444 1720 2000 
6666 2680 2000 
/seat 
blind/ 
5555: 20 
1111: 40 
/blind 
player 5555:hold/ 
DIAMONDS 7 
HEARTS 6 
/hold 
player 1111:hold/ 
DIAMONDS 3 
CLUBS A 
/hold 
player 7777:hold/ 
CLUBS 10 
SPADES 6 
/hold 
player 8888:hold/ 
CLUBS 6 
DIAMONDS 2 
/hold 
player 3333:hold/ 
SPADES 9 
HEARTS 10 
/hold 
player 4444:hold/ 
HEARTS 4 
HEARTS J 
/hold 
player 6666:hold/ 
CLUBS 7 
DIAMONDS 9 
/hold 
player 2222:hold/ 
SPADES 2 
HEARTS 3 
/hold 

---pre flop round bet---
valid player: 8, all in player: 0, fold player: 0
send inquire msg to player 7777 
inquire/ 
1111 3540 2000 40 blind 
5555 220 2000 20 blind 
total pot: 60 
/inquire 
recv from player 7777: fold 

send inquire msg to player 8888 
inquire/ 
7777 2000 2000 0 fold 
1111 3540 2000 40 blind 
5555 220 2000 20 blind 
total pot: 60 
/inquire 
recv from player 8888: fold 

send inquire msg to player 3333 
inquire/ 
8888 2000 2000 0 fold 
7777 2000 2000 0 fold 
1111 3540 2000 40 blind 
5555 220 2000 20 blind 
total pot: 60 
/inquire 
recv from player 3333: call 
send inquire msg to player 4444 
inquire/ 
3333 1800 2000 40 call 
8888 2000 2000 0 fold 
7777 2000 2000 0 fold 
1111 3540 2000 40 blind 
5555 220 2000 20 blind 
total pot: 100 
/inquire 
recv from player 4444: fold 

send inquire msg to player 6666 
inquire/ 
4444 1720 2000 0 fold 
3333 1800 2000 40 call 
8888 2000 2000 0 fold 
7777 2000 2000 0 fold 
1111 3540 2000 40 blind 
5555 220 2000 20 blind 
total pot: 100 
/inquire 
recv from player 6666: fold 

send inquire msg to player 2222 
inquire/ 
6666 2680 2000 0 fold 
4444 1720 2000 0 fold 
3333 1800 2000 40 call 
8888 2000 2000 0 fold 
7777 2000 2000 0 fold 
1111 3540 2000 40 blind 
5555 220 2000 20 blind 
total pot: 100 
/inquire 
recv from player 2222: call 

send inquire msg to player 5555 
inquire/ 
2222 1900 2000 40 call 
6666 2680 2000 0 fold 
4444 1720 2000 0 fold 
3333 1800 2000 40 call 
8888 2000 2000 0 fold 
7777 2000 2000 0 fold 
1111 3540 2000 40 blind 
5555 220 2000 20 blind 
total pot: 140 
/inquire 
recv from player 5555: fold 
send inquire msg to player 1111 
inquire/ 
5555 220 2000 20 fold 
2222 1900 2000 40 call 
6666 2680 2000 0 fold 
4444 1720 2000 0 fold 
3333 1800 2000 40 call 
8888 2000 2000 0 fold 
7777 2000 2000 0 fold 
1111 3540 2000 40 blind 
total pot: 140 
/inquire 
recv from player 1111: call 

flop/ 
SPADES 4 
DIAMONDS 6 
SPADES 7 
/flop 

---flop round bet---
valid player: 8, all in player: 0, fold player: 5
send inquire msg to player 1111 
inquire/ 
5555 220 2000 20 fold 
2222 1900 2000 40 call 
6666 2680 2000 0 fold 
4444 1720 2000 0 fold 
3333 1800 2000 40 call 
8888 2000 2000 0 fold 
7777 2000 2000 0 fold 
1111 3540 2000 40 check 
total pot: 140 
/inquire 
recv from player 1111: check 

send notify msg to player 7777 
notify/ 
1111 3540 2000 40 check 
5555 220 2000 20 fold 
2222 1900 2000 40 call 
6666 2680 2000 0 fold 
4444 1720 2000 0 fold 
3333 1800 2000 40 call 
8888 2000 2000 0 fold 
7777 2000 2000 0 fold 
total pot: 140 
/notify 
send inquire msg to player 3333 
inquire/ 
8888 2000 2000 0 fold 
7777 2000 2000 0 fold 
1111 3540 2000 40 check 
5555 220 2000 20 fold 
2222 1900 2000 40 call 
6666 2680 2000 0 fold 
4444 1720 2000 0 fold 
3333 1800 2000 40 call 
total pot: 140 
/inquire 
recv from player 3333: fold 
send notify msg to player 4444 
notify/ 
3333 1800 2000 40 fold 
8888 2000 2000 0 fold 
7777 2000 2000 0 fold 
1111 3540 2000 40 check 
5555 220 2000 20 fold 
2222 1900 2000 40 call 
6666 2680 2000 0 fold 
4444 1720 2000 0 fold 
total pot: 140 
/notify 
send inquire msg to player 2222 
inquire/ 
6666 2680 2000 0 fold 
4444 1720 2000 0 fold 
3333 1800 2000 40 fold 
8888 2000 2000 0 fold 
7777 2000 2000 0 fold 
1111 3540 2000 40 check 
5555 220 2000 20 fold 
2222 1900 2000 40 call 
total pot: 140 
/inquire 
recv from player 2222: call 

turn/ 
CLUBS 8 
/turn 

---turn round bet---
valid player: 8, all in player: 0, fold player: 6
send inquire msg to player 1111 
inquire/ 
5555 220 2000 20 fold 
2222 1900 2000 40 check 
6666 2680 2000 0 fold 
4444 1720 2000 0 fold 
3333 1800 2000 40 fold 
8888 2000 2000 0 fold 
7777 2000 2000 0 fold 
1111 3540 2000 40 check 
total pot: 140 
/inquire 
recv from player 1111: check 

send notify msg to player 7777 
notify/ 
1111 3540 2000 40 check 
5555 220 2000 20 fold 
2222 1900 2000 40 check 
6666 2680 2000 0 fold 
4444 1720 2000 0 fold 
3333 1800 2000 40 fold 
8888 2000 2000 0 fold 
7777 2000 2000 0 fold 
total pot: 140 
/notify 
send notify msg to player 4444 
notify/ 
3333 1800 2000 40 fold 
8888 2000 2000 0 fold 
7777 2000 2000 0 fold 
1111 3540 2000 40 check 
5555 220 2000 20 fold 
2222 1900 2000 40 check 
6666 2680 2000 0 fold 
4444 1720 2000 0 fold 
total pot: 140 
/notify 
send inquire msg to player 2222 
inquire/ 
6666 2680 2000 0 fold 
4444 1720 2000 0 fold 
3333 1800 2000 40 fold 
8888 2000 2000 0 fold 
7777 2000 2000 0 fold 
1111 3540 2000 40 check 
5555 220 2000 20 fold 
2222 1900 2000 40 check 
total pot: 140 
/inquire 
recv from player 2222: call 

river/ 
SPADES 8 
/river 

---river round bet---
valid player: 8, all in player: 0, fold player: 6
send inquire msg to player 1111 
inquire/ 
5555 220 2000 20 fold 
2222 1900 2000 40 check 
6666 2680 2000 0 fold 
4444 1720 2000 0 fold 
3333 1800 2000 40 fold 
8888 2000 2000 0 fold 
7777 2000 2000 0 fold 
1111 3540 2000 40 check 
total pot: 140 
/inquire 
recv from player 1111: check 

send notify msg to player 7777 
notify/ 
1111 3540 2000 40 check 
5555 220 2000 20 fold 
2222 1900 2000 40 check 
6666 2680 2000 0 fold 
4444 1720 2000 0 fold 
3333 1800 2000 40 fold 
8888 2000 2000 0 fold 
7777 2000 2000 0 fold 
total pot: 140 
/notify 
send notify msg to player 4444 
notify/ 
3333 1800 2000 40 fold 
8888 2000 2000 0 fold 
7777 2000 2000 0 fold 
1111 3540 2000 40 check 
5555 220 2000 20 fold 
2222 1900 2000 40 check 
6666 2680 2000 0 fold 
4444 1720 2000 0 fold 
total pot: 140 
/notify 
send inquire msg to player 2222 
inquire/ 
6666 2680 2000 0 fold 
4444 1720 2000 0 fold 
3333 1800 2000 40 fold 
8888 2000 2000 0 fold 
7777 2000 2000 0 fold 
1111 3540 2000 40 check 
5555 220 2000 20 fold 
2222 1900 2000 40 check 
total pot: 140 
/inquire 
recv from player 2222: call 


----- notify msg last round -----
send notify msg to player 1111 
notify/ 
5555 220 2000 20 fold 
2222 1900 2000 40 check 
6666 2680 2000 0 fold 
4444 1720 2000 0 fold 
3333 1800 2000 40 fold 
8888 2000 2000 0 fold 
7777 2000 2000 0 fold 
1111 3540 2000 40 check 
total pot: 140 
/notify 
send notify msg to player 7777 
notify/ 
1111 3540 2000 40 check 
5555 220 2000 20 fold 
2222 1900 2000 40 check 
6666 2680 2000 0 fold 
4444 1720 2000 0 fold 
3333 1800 2000 40 fold 
8888 2000 2000 0 fold 
7777 2000 2000 0 fold 
total pot: 140 
/notify 
send notify msg to player 4444 
notify/ 
3333 1800 2000 40 fold 
8888 2000 2000 0 fold 
7777 2000 2000 0 fold 
1111 3540 2000 40 check 
5555 220 2000 20 fold 
2222 1900 2000 40 check 
6666 2680 2000 0 fold 
4444 1720 2000 0 fold 
total pot: 140 
/notify 

---show down---
showdown/ 
common/ 
SPADES 4 
DIAMONDS 6 
SPADES 7 
CLUBS 8 
SPADES 8 
/common 
1: 1111 DIAMONDS 3 CLUBS A ONE_PAIR 
2: 2222 SPADES 2 HEARTS 3 ONE_PAIR 
/showdown 

---Allocate pot---
pot-win/ 
1111: 140 
/pot-win 
it is player 5555's turn to be button

-----4 Hand-----

----- clean player data in socket -----
seat/ 
button: 5555 220 2000 
small blind: 1111 3680 2000 
big blind: 7777 2000 2000 
8888 2000 2000 
3333 1800 2000 
4444 1720 2000 
6666 2680 2000 
2222 1900 2000 
/seat 
blind/ 
1111: 20 
7777: 40 
/blind 
player 1111:hold/ 
DIAMONDS 7 
SPADES 2 
/hold 
player 7777:hold/ 
HEARTS 4 
DIAMONDS J 
/hold 
player 8888:hold/ 
DIAMONDS 4 
CLUBS 8 
/hold 
player 3333:hold/ 
CLUBS J 
HEARTS 6 
/hold 
player 4444:hold/ 
SPADES J 
SPADES K 
/hold 
player 6666:hold/ 
HEARTS 5 
SPADES 6 
/hold 
player 2222:hold/ 
HEARTS K 
SPADES 3 
/hold 
player 5555:hold/ 
SPADES A 
CLUBS 5 
/hold 

---pre flop round bet---
valid player: 8, all in player: 0, fold player: 0
send inquire msg to player 8888 
inquire/ 
7777 1960 2000 40 blind 
1111 3660 2000 20 blind 
total pot: 60 
/inquire 
recv from player 8888: fold 

send inquire msg to player 3333 
inquire/ 
8888 2000 2000 0 fold 
7777 1960 2000 40 blind 
1111 3660 2000 20 blind 
total pot: 60 
/inquire 
recv from player 3333: call 
send inquire msg to player 4444 
inquire/ 
3333 1760 2000 40 call 
8888 2000 2000 0 fold 
7777 1960 2000 40 blind 
1111 3660 2000 20 blind 
total pot: 100 
/inquire 
recv from player 4444: raise 60 

send inquire msg to player 6666 
inquire/ 
4444 1620 2000 100 raise 
3333 1760 2000 40 call 
8888 2000 2000 0 fold 
7777 1960 2000 40 blind 
1111 3660 2000 20 blind 
total pot: 200 
/inquire 
recv from player 6666: fold 

send inquire msg to player 2222 
inquire/ 
6666 2680 2000 0 fold 
4444 1620 2000 100 raise 
3333 1760 2000 40 call 
8888 2000 2000 0 fold 
7777 1960 2000 40 blind 
1111 3660 2000 20 blind 
total pot: 200 
/inquire 
recv from player 2222: fold 

send inquire msg to player 5555 
inquire/ 
2222 1900 2000 0 fold 
6666 2680 2000 0 fold 
4444 1620 2000 100 raise 
3333 1760 2000 40 call 
8888 2000 2000 0 fold 
7777 1960 2000 40 blind 
1111 3660 2000 20 blind 
total pot: 200 
/inquire 
recv from player 5555: fold 
send inquire msg to player 1111 
inquire/ 
5555 220 2000 0 fold 
2222 1900 2000 0 fold 
6666 2680 2000 0 fold 
4444 1620 2000 100 raise 
3333 1760 2000 40 call 
8888 2000 2000 0 fold 
7777 1960 2000 40 blind 
1111 3660 2000 20 blind 
total pot: 200 
/inquire 
recv from player 1111: fold 

send inquire msg to player 7777 
inquire/ 
1111 3660 2000 20 fold 
5555 220 2000 0 fold 
2222 1900 2000 0 fold 
6666 2680 2000 0 fold 
4444 1620 2000 100 raise 
3333 1760 2000 40 call 
8888 2000 2000 0 fold 
7777 1960 2000 40 blind 
total pot: 200 
/inquire 
recv from player 7777: fold 

send inquire msg to player 3333 
inquire/ 
8888 2000 2000 0 fold 
7777 1960 2000 40 fold 
1111 3660 2000 20 fold 
5555 220 2000 0 fold 
2222 1900 2000 0 fold 
6666 2680 2000 0 fold 
4444 1620 2000 100 raise 
3333 1760 2000 40 call 
total pot: 200 
/inquire 
recv from player 3333: call 
flop/ 
HEARTS 10 
CLUBS 10 
SPADES 9 
/flop 

---flop round bet---
valid player: 8, all in player: 0, fold player: 6
send notify msg to player 1111 
notify/ 
5555 220 2000 0 fold 
2222 1900 2000 0 fold 
6666 2680 2000 0 fold 
4444 1620 2000 100 raise 
3333 1700 2000 100 call 
8888 2000 2000 0 fold 
7777 1960 2000 40 fold 
1111 3660 2000 20 fold 
total pot: 260 
/notify 
send notify msg to player 7777 
notify/ 
1111 3660 2000 20 fold 
5555 220 2000 0 fold 
2222 1900 2000 0 fold 
6666 2680 2000 0 fold 
4444 1620 2000 100 raise 
3333 1700 2000 100 call 
8888 2000 2000 0 fold 
7777 1960 2000 40 fold 
total pot: 260 
/notify 
send inquire msg to player 3333 
inquire/ 
8888 2000 2000 0 fold 
7777 1960 2000 40 fold 
1111 3660 2000 20 fold 
5555 220 2000 0 fold 
2222 1900 2000 0 fold 
6666 2680 2000 0 fold 
4444 1620 2000 100 raise 
3333 1700 2000 100 call 
total pot: 260 
/inquire 
recv from player 3333: call 
send inquire msg to player 4444 
inquire/ 
3333 1700 2000 100 check 
8888 2000 2000 0 fold 
7777 1960 2000 40 fold 
1111 3660 2000 20 fold 
5555 220 2000 0 fold 
2222 1900 2000 0 fold 
6666 2680 2000 0 fold 
4444 1620 2000 100 raise 
total pot: 260 
/inquire 
recv from player 4444: raise 40 

send notify msg to player 1111 
notify/ 
5555 220 2000 0 fold 
2222 1900 2000 0 fold 
6666 2680 2000 0 fold 
4444 1580 2000 140 raise 
3333 1700 2000 100 check 
8888 2000 2000 0 fold 
7777 1960 2000 40 fold 
1111 3660 2000 20 fold 
total pot: 300 
/notify 
send notify msg to player 7777 
notify/ 
1111 3660 2000 20 fold 
5555 220 2000 0 fold 
2222 1900 2000 0 fold 
6666 2680 2000 0 fold 
4444 1580 2000 140 raise 
3333 1700 2000 100 check 
8888 2000 2000 0 fold 
7777 1960 2000 40 fold 
total pot: 300 
/notify 
send inquire msg to player 3333 
inquire/ 
8888 2000 2000 0 fold 
7777 1960 2000 40 fold 
1111 3660 2000 20 fold 
5555 220 2000 0 fold 
2222 1900 2000 0 fold 
6666 2680 2000 0 fold 
4444 1580 2000 140 raise 
3333 1700 2000 100 check 
total pot: 300 
/inquire 
recv from player 3333: call 
turn/ 
CLUBS 4 
/turn 

---turn round bet---
valid player: 8, all in player: 0, fold player: 6
send notify msg to player 1111 
notify/ 
5555 220 2000 0 fold 
2222 1900 2000 0 fold 
6666 2680 2000 0 fold 
4444 1580 2000 140 raise 
3333 1660 2000 140 call 
8888 2000 2000 0 fold 
7777 1960 2000 40 fold 
1111 3660 2000 20 fold 
total pot: 340 
/notify 
send notify msg to player 7777 
notify/ 
1111 3660 2000 20 fold 
5555 220 2000 0 fold 
2222 1900 2000 0 fold 
6666 2680 2000 0 fold 
4444 1580 2000 140 raise 
3333 1660 2000 140 call 
8888 2000 2000 0 fold 
7777 1960 2000 40 fold 
total pot: 340 
/notify 
send inquire msg to player 3333 
inquire/ 
8888 2000 2000 0 fold 
7777 1960 2000 40 fold 
1111 3660 2000 20 fold 
5555 220 2000 0 fold 
2222 1900 2000 0 fold 
6666 2680 2000 0 fold 
4444 1580 2000 140 raise 
3333 1660 2000 140 call 
total pot: 340 
/inquire 
recv from player 3333: fold 
send inquire msg to player 4444 
inquire/ 
3333 1660 2000 140 fold 
8888 2000 2000 0 fold 
7777 1960 2000 40 fold 
1111 3660 2000 20 fold 
5555 220 2000 0 fold 
2222 1900 2000 0 fold 
6666 2680 2000 0 fold 
4444 1580 2000 140 raise 
total pot: 340 
/inquire 
recv from player 4444: call 


---river round bet---
valid player: 8, all in player: 0, fold player: 7

----- notify msg last round -----
send notify msg to player 1111 
notify/ 
5555 220 2000 0 fold 
2222 1900 2000 0 fold 
6666 2680 2000 0 fold 
4444 1580 2000 140 check 
3333 1660 2000 140 fold 
8888 2000 2000 0 fold 
7777 1960 2000 40 fold 
1111 3660 2000 20 fold 
total pot: 340 
/notify 
send notify msg to player 7777 
notify/ 
1111 3660 2000 20 fold 
5555 220 2000 0 fold 
2222 1900 2000 0 fold 
6666 2680 2000 0 fold 
4444 1580 2000 140 check 
3333 1660 2000 140 fold 
8888 2000 2000 0 fold 
7777 1960 2000 40 fold 
total pot: 340 
/notify 
send notify msg to player 4444 
notify/ 
3333 1660 2000 140 fold 
8888 2000 2000 0 fold 
7777 1960 2000 40 fold 
1111 3660 2000 20 fold 
5555 220 2000 0 fold 
2222 1900 2000 0 fold 
6666 2680 2000 0 fold 
4444 1580 2000 140 check 
total pot: 340 
/notify 

--- 1 players not fold, don't need show down---

---Allocate pot---
Only player at seat 4 not fold, win all the pot 340
pot-win/ 
4444: 340 
/pot-win 
it is player 1111's turn to be button

-----5 Hand-----

----- clean player data in socket -----
seat/ 
button: 1111 3660 2000 
small blind: 7777 1960 2000 
big blind: 8888 2000 2000 
3333 1660 2000 
4444 1920 2000 
6666 2680 2000 
2222 1900 2000 
5555 220 2000 
/seat 
blind/ 
7777: 20 
8888: 40 
/blind 
player 7777:hold/ 
CLUBS J 
CLUBS K 
/hold 
player 8888:hold/ 
SPADES 10 
SPADES Q 
/hold 
player 3333:hold/ 
HEARTS A 
DIAMONDS J 
/hold 
player 4444:hold/ 
HEARTS 4 
DIAMONDS 3 
/hold 
player 6666:hold/ 
SPADES 3 
SPADES 6 
/hold 
player 2222:hold/ 
HEARTS 3 
DIAMONDS K 
/hold 
player 5555:hold/ 
SPADES 8 
DIAMONDS 6 
/hold 
player 1111:hold/ 
CLUBS Q 
SPADES A 
/hold 

---pre flop round bet---
valid player: 8, all in player: 0, fold player: 0
send inquire msg to player 3333 
inquire/ 
8888 1960 2000 40 blind 
7777 1940 2000 20 blind 
total pot: 60 
/inquire 
recv from player 3333: call 
send inquire msg to player 4444 
inquire/ 
3333 1620 2000 40 call 
8888 1960 2000 40 blind 
7777 1940 2000 20 blind 
total pot: 100 
/inquire 
recv from player 4444: fold 

send inquire msg to player 6666 
inquire/ 
4444 1920 2000 0 fold 
3333 1620 2000 40 call 
8888 1960 2000 40 blind 
7777 1940 2000 20 blind 
total pot: 100 
/inquire 
recv from player 6666: fold 

send inquire msg to player 2222 
inquire/ 
6666 2680 2000 0 fold 
4444 1920 2000 0 fold 
3333 1620 2000 40 call 
8888 1960 2000 40 blind 
7777 1940 2000 20 blind 
total pot: 100 
/inquire 
recv from player 2222: fold 

send inquire msg to player 5555 
inquire/ 
2222 1900 2000 0 fold 
6666 2680 2000 0 fold 
4444 1920 2000 0 fold 
3333 1620 2000 40 call 
8888 1960 2000 40 blind 
7777 1940 2000 20 blind 
total pot: 100 
/inquire 
recv from player 5555: fold 
send inquire msg to player 1111 
inquire/ 
5555 220 2000 0 fold 
2222 1900 2000 0 fold 
6666 2680 2000 0 fold 
4444 1920 2000 0 fold 
3333 1620 2000 40 call 
8888 1960 2000 40 blind 
7777 1940 2000 20 blind 
total pot: 100 
/inquire 
recv from player 1111: raise 60 

send inquire msg to player 7777 
inquire/ 
1111 3560 2000 100 raise 
5555 220 2000 0 fold 
2222 1900 2000 0 fold 
6666 2680 2000 0 fold 
4444 1920 2000 0 fold 
3333 1620 2000 40 call 
8888 1960 2000 40 blind 
7777 1940 2000 20 blind 
total pot: 200 
/inquire 
recv from player 7777: fold 

send inquire msg to player 8888 
inquire/ 
7777 1940 2000 20 fold 
1111 3560 2000 100 raise 
5555 220 2000 0 fold 
2222 1900 2000 0 fold 
6666 2680 2000 0 fold 
4444 1920 2000 0 fold 
3333 1620 2000 40 call 
8888 1960 2000 40 blind 
total pot: 200 
/inquire 
recv from player 8888: raise 240 

send inquire msg to player 3333 
inquire/ 
8888 1660 2000 340 raise 
7777 1940 2000 20 fold 
1111 3560 2000 100 raise 
5555 220 2000 0 fold 
2222 1900 2000 0 fold 
6666 2680 2000 0 fold 
4444 1920 2000 0 fold 
3333 1620 2000 40 call 
total pot: 500 
/inquire 
recv from player 3333: fold 
send notify msg to player 4444 
notify/ 
3333 1620 2000 40 fold 
8888 1660 2000 340 raise 
7777 1940 2000 20 fold 
1111 3560 2000 100 raise 
5555 220 2000 0 fold 
2222 1900 2000 0 fold 
6666 2680 2000 0 fold 
4444 1920 2000 0 fold 
total pot: 500 
/notify 
send inquire msg to player 1111 
inquire/ 
5555 220 2000 0 fold 
2222 1900 2000 0 fold 
6666 2680 2000 0 fold 
4444 1920 2000 0 fold 
3333 1620 2000 40 fold 
8888 1660 2000 340 raise 
7777 1940 2000 20 fold 
1111 3560 2000 100 raise 
total pot: 500 
/inquire 
recv from player 1111: fold 


---flop round bet---
valid player: 8, all in player: 0, fold player: 7

---turn round bet---
valid player: 8, all in player: 0, fold player: 7

---river round bet---
valid player: 8, all in player: 0, fold player: 7

----- notify msg last round -----
send notify msg to player 7777 
notify/ 
1111 3560 2000 100 fold 
5555 220 2000 0 fold 
2222 1900 2000 0 fold 
6666 2680 2000 0 fold 
4444 1920 2000 0 fold 
3333 1620 2000 40 fold 
8888 1660 2000 340 raise 
7777 1940 2000 20 fold 
total pot: 500 
/notify 
send notify msg to player 4444 
notify/ 
3333 1620 2000 40 fold 
8888 1660 2000 340 raise 
7777 1940 2000 20 fold 
1111 3560 2000 100 fold 
5555 220 2000 0 fold 
2222 1900 2000 0 fold 
6666 2680 2000 0 fold 
4444 1920 2000 0 fold 
total pot: 500 
/notify 
send notify msg to player 1111 
notify/ 
5555 220 2000 0 fold 
2222 1900 2000 0 fold 
6666 2680 2000 0 fold 
4444 1920 2000 0 fold 
3333 1620 2000 40 fold 
8888 1660 2000 340 raise 
7777 1940 2000 20 fold 
1111 3560 2000 100 fold 
total pot: 500 
/notify 

--- 1 players not fold, don't need show down---

---Allocate pot---
Only player at seat 1 not fold, win all the pot 500
pot-win/ 
8888: 500 
/pot-win 
it is player 7777's turn to be button

-----6 Hand-----

----- clean player data in socket -----
seat/ 
button: 7777 1940 2000 
small blind: 8888 2160 2000 
big blind: 3333 1620 2000 
4444 1920 2000 
6666 2680 2000 
2222 1900 2000 
5555 220 2000 
1111 3560 2000 
/seat 
blind/ 
8888: 20 
3333: 40 
/blind 
player 8888:hold/ 
SPADES J 
CLUBS 6 
/hold 
player 3333:hold/ 
DIAMONDS 2 
DIAMONDS 7 
/hold 
player 4444:hold/ 
SPADES 8 
SPADES 10 
/hold 
player 6666:hold/ 
CLUBS 4 
HEARTS 9 
/hold 
player 2222:hold/ 
CLUBS 9 
HEARTS J 
/hold 
player 5555:hold/ 
CLUBS 3 
HEARTS 6 
/hold 
player 1111:hold/ 
DIAMONDS K 
HEARTS Q 
/hold 
player 7777:hold/ 
CLUBS 2 
CLUBS 7 
/hold 

---pre flop round bet---
valid player: 8, all in player: 0, fold player: 0
send inquire msg to player 4444 
inquire/ 
3333 1580 2000 40 blind 
8888 2140 2000 20 blind 
total pot: 60 
/inquire 
recv from player 4444: call 

send inquire msg to player 6666 
inquire/ 
4444 1880 2000 40 call 
3333 1580 2000 40 blind 
8888 2140 2000 20 blind 
total pot: 100 
/inquire 
recv from player 6666: fold 

send inquire msg to player 2222 
inquire/ 
6666 2680 2000 0 fold 
4444 1880 2000 40 call 
3333 1580 2000 40 blind 
8888 2140 2000 20 blind 
total pot: 100 
/inquire 
recv from player 2222: fold 

send inquire msg to player 5555 
inquire/ 
2222 1900 2000 0 fold 
6666 2680 2000 0 fold 
4444 1880 2000 40 call 
3333 1580 2000 40 blind 
8888 2140 2000 20 blind 
total pot: 100 
/inquire 
recv from player 5555: fold 
send inquire msg to player 1111 
inquire/ 
5555 220 2000 0 fold 
2222 1900 2000 0 fold 
6666 2680 2000 0 fold 
4444 1880 2000 40 call 
3333 1580 2000 40 blind 
8888 2140 2000 20 blind 
total pot: 100 
/inquire 
recv from player 1111: raise 60 

send inquire msg to player 7777 
inquire/ 
1111 3460 2000 100 raise 
5555 220 2000 0 fold 
2222 1900 2000 0 fold 
6666 2680 2000 0 fold 
4444 1880 2000 40 call 
3333 1580 2000 40 blind 
8888 2140 2000 20 blind 
total pot: 200 
/inquire 
recv from player 7777: fold 

send inquire msg to player 8888 
inquire/ 
7777 1940 2000 0 fold 
1111 3460 2000 100 raise 
5555 220 2000 0 fold 
2222 1900 2000 0 fold 
6666 2680 2000 0 fold 
4444 1880 2000 40 call 
3333 1580 2000 40 blind 
8888 2140 2000 20 blind 
total pot: 200 
/inquire 
recv from player 8888: fold 

send inquire msg to player 3333 
inquire/ 
8888 2140 2000 20 fold 
7777 1940 2000 0 fold 
1111 3460 2000 100 raise 
5555 220 2000 0 fold 
2222 1900 2000 0 fold 
6666 2680 2000 0 fold 
4444 1880 2000 40 call 
3333 1580 2000 40 blind 
total pot: 200 
/inquire 
recv from player 3333: call 
send inquire msg to player 4444 
inquire/ 
3333 1520 2000 100 call 
8888 2140 2000 20 fold 
7777 1940 2000 0 fold 
1111 3460 2000 100 raise 
5555 220 2000 0 fold 
2222 1900 2000 0 fold 
6666 2680 2000 0 fold 
4444 1880 2000 40 call 
total pot: 260 
/inquire 
recv from player 4444: call 

flop/ 
HEARTS A 
CLUBS K 
HEARTS 5 
/flop 

---flop round bet---
valid player: 8, all in player: 0, fold player: 5
send inquire msg to player 3333 
inquire/ 
8888 2140 2000 20 fold 
7777 1940 2000 0 fold 
1111 3460 2000 100 raise 
5555 220 2000 0 fold 
2222 1900 2000 0 fold 
6666 2680 2000 0 fold 
4444 1820 2000 100 call 
3333 1520 2000 100 call 
total pot: 320 
/inquire 
recv from player 3333: fold 
send inquire msg to player 4444 
inquire/ 
3333 1520 2000 100 fold 
8888 2140 2000 20 fold 
7777 1940 2000 0 fold 
1111 3460 2000 100 raise 
5555 220 2000 0 fold 
2222 1900 2000 0 fold 
6666 2680 2000 0 fold 
4444 1820 2000 100 call 
total pot: 320 
/inquire 
recv from player 4444: check 

send inquire msg to player 1111 
inquire/ 
5555 220 2000 0 fold 
2222 1900 2000 0 fold 
6666 2680 2000 0 fold 
4444 1820 2000 100 check 
3333 1520 2000 100 fold 
8888 2140 2000 20 fold 
7777 1940 2000 0 fold 
1111 3460 2000 100 raise 
total pot: 320 
/inquire 
recv from player 1111: raise 280 

send notify msg to player 7777 
notify/ 
1111 3180 2000 380 raise 
5555 220 2000 0 fold 
2222 1900 2000 0 fold 
6666 2680 2000 0 fold 
4444 1820 2000 100 check 
3333 1520 2000 100 fold 
8888 2140 2000 20 fold 
7777 1940 2000 0 fold 
total pot: 600 
/notify 
send inquire msg to player 4444 
inquire/ 
3333 1520 2000 100 fold 
8888 2140 2000 20 fold 
7777 1940 2000 0 fold 
1111 3180 2000 380 raise 
5555 220 2000 0 fold 
2222 1900 2000 0 fold 
6666 2680 2000 0 fold 
4444 1820 2000 100 check 
total pot: 600 
/inquire 
recv from player 4444: fold 


---turn round bet---
valid player: 8, all in player: 0, fold player: 7

---river round bet---
valid player: 8, all in player: 0, fold player: 7

----- notify msg last round -----
send notify msg to player 1111 
notify/ 
5555 220 2000 0 fold 
2222 1900 2000 0 fold 
6666 2680 2000 0 fold 
4444 1820 2000 100 fold 
3333 1520 2000 100 fold 
8888 2140 2000 20 fold 
7777 1940 2000 0 fold 
1111 3180 2000 380 raise 
total pot: 600 
/notify 
send notify msg to player 7777 
notify/ 
1111 3180 2000 380 raise 
5555 220 2000 0 fold 
2222 1900 2000 0 fold 
6666 2680 2000 0 fold 
4444 1820 2000 100 fold 
3333 1520 2000 100 fold 
8888 2140 2000 20 fold 
7777 1940 2000 0 fold 
total pot: 600 
/notify 
send notify msg to player 4444 
notify/ 
3333 1520 2000 100 fold 
8888 2140 2000 20 fold 
7777 1940 2000 0 fold 
1111 3180 2000 380 raise 
5555 220 2000 0 fold 
2222 1900 2000 0 fold 
6666 2680 2000 0 fold 
4444 1820 2000 100 fold 
total pot: 600 
/notify 

--- 1 players not fold, don't need show down---

---Allocate pot---
Only player at seat 6 not fold, win all the pot 600
pot-win/ 
1111: 600 
/pot-win 
