

===VERSION 1.24===
---GAME START @ 2015-5-26-19-35-46---

wait registration for 30 seconds
reg: 2222 new 
reg: 5555 DSB  reg: 4444 DSB  reg: 8888 DSB  reg: 3333 3333 
reg: 6666 wmml need_notify 
reg: 1111 Young need_notify  
reg: 7777 cleverbot need_notify 
close registration

-----1 Hand-----

----- clean player data in socket -----
seat/ 
button: 8888 2000 2000 
small blind: 6666 2000 2000 
big blind: 3333 2000 2000 
2222 2000 2000 
7777 2000 2000 
1111 2000 2000 
4444 2000 2000 
5555 2000 2000 
/seat 
blind/ 
6666: 20 
3333: 40 
/blind 
player 6666:hold/ 
SPADES 5 
HEARTS 8 
/hold 
player 3333:hold/ 
CLUBS 6 
HEARTS K 
/hold 
player 2222:hold/ 
CLUBS 8 
CLUBS 9 
/hold 
player 7777:hold/ 
CLUBS A 
DIAMONDS 3 
/hold 
player 1111:hold/ 
SPADES 10 
CLUBS Q 
/hold 
player 4444:hold/ 
DIAMONDS 4 
HEARTS 2 
/hold 
player 5555:hold/ 
HEARTS 6 
CLUBS 10 
/hold 
player 8888:hold/ 
HEARTS 7 
CLUBS 3 
/hold 

---pre flop round bet---
valid player: 8, all in player: 0, fold player: 0
send inquire msg to player 2222 
inquire/ 
3333 1960 2000 40 blind 
6666 1980 2000 20 blind 
total pot: 60 
/inquire 
recv from player 2222: call 

send inquire msg to player 7777 
inquire/ 
2222 1960 2000 40 call 
3333 1960 2000 40 blind 
6666 1980 2000 20 blind 
total pot: 100 
/inquire 
recv from player 7777: fold 

send inquire msg to player 1111 
inquire/ 
7777 2000 2000 0 fold 
2222 1960 2000 40 call 
3333 1960 2000 40 blind 
6666 1980 2000 20 blind 
total pot: 100 
/inquire 
recv from player 1111: fold 

send inquire msg to player 4444 
inquire/ 
1111 2000 2000 0 fold 
7777 2000 2000 0 fold 
2222 1960 2000 40 call 
3333 1960 2000 40 blind 
6666 1980 2000 20 blind 
total pot: 100 
/inquire 
recv from player 4444: fold 
send inquire msg to player 5555 
inquire/ 
4444 2000 2000 0 fold 
1111 2000 2000 0 fold 
7777 2000 2000 0 fold 
2222 1960 2000 40 call 
3333 1960 2000 40 blind 
6666 1980 2000 20 blind 
total pot: 100 
/inquire 
recv from player 5555: call 
send inquire msg to player 8888 
inquire/ 
5555 1960 2000 40 call 
4444 2000 2000 0 fold 
1111 2000 2000 0 fold 
7777 2000 2000 0 fold 
2222 1960 2000 40 call 
3333 1960 2000 40 blind 
6666 1980 2000 20 blind 
total pot: 140 
/inquire 
recv from player 8888: call 
send inquire msg to player 6666 
inquire/ 
8888 1960 2000 40 call 
5555 1960 2000 40 call 
4444 2000 2000 0 fold 
1111 2000 2000 0 fold 
7777 2000 2000 0 fold 
2222 1960 2000 40 call 
3333 1960 2000 40 blind 
6666 1980 2000 20 blind 
total pot: 180 
/inquire 
recv from player 6666: fold 

send inquire msg to player 3333 
inquire/ 
6666 1980 2000 20 fold 
8888 1960 2000 40 call 
5555 1960 2000 40 call 
4444 2000 2000 0 fold 
1111 2000 2000 0 fold 
7777 2000 2000 0 fold 
2222 1960 2000 40 call 
3333 1960 2000 40 blind 
total pot: 180 
/inquire 
recv from player 3333: check 

flop/ 
HEARTS 10 
DIAMONDS A 
DIAMONDS 5 
/flop 

---flop round bet---
valid player: 8, all in player: 0, fold player: 4
send notify msg to player 6666 
notify/ 
8888 1960 2000 40 call 
5555 1960 2000 40 call 
4444 2000 2000 0 fold 
1111 2000 2000 0 fold 
7777 2000 2000 0 fold 
2222 1960 2000 40 call 
3333 1960 2000 40 check 
6666 1980 2000 20 fold 
total pot: 180 
/notify 
send inquire msg to player 3333 
inquire/ 
6666 1980 2000 20 fold 
8888 1960 2000 40 call 
5555 1960 2000 40 call 
4444 2000 2000 0 fold 
1111 2000 2000 0 fold 
7777 2000 2000 0 fold 
2222 1960 2000 40 call 
3333 1960 2000 40 check 
total pot: 180 
/inquire 
recv from player 3333: check 

send inquire msg to player 2222 
inquire/ 
3333 1960 2000 40 check 
6666 1980 2000 20 fold 
8888 1960 2000 40 call 
5555 1960 2000 40 call 
4444 2000 2000 0 fold 
1111 2000 2000 0 fold 
7777 2000 2000 0 fold 
2222 1960 2000 40 call 
total pot: 180 
/inquire 
recv from player 2222: call 

send notify msg to player 7777 
notify/ 
2222 1960 2000 40 check 
3333 1960 2000 40 check 
6666 1980 2000 20 fold 
8888 1960 2000 40 call 
5555 1960 2000 40 call 
4444 2000 2000 0 fold 
1111 2000 2000 0 fold 
7777 2000 2000 0 fold 
total pot: 180 
/notify 
send notify msg to player 1111 
notify/ 
7777 2000 2000 0 fold 
2222 1960 2000 40 check 
3333 1960 2000 40 check 
6666 1980 2000 20 fold 
8888 1960 2000 40 call 
5555 1960 2000 40 call 
4444 2000 2000 0 fold 
1111 2000 2000 0 fold 
total pot: 180 
/notify 
send inquire msg to player 5555 
inquire/ 
4444 2000 2000 0 fold 
1111 2000 2000 0 fold 
7777 2000 2000 0 fold 
2222 1960 2000 40 check 
3333 1960 2000 40 check 
6666 1980 2000 20 fold 
8888 1960 2000 40 call 
5555 1960 2000 40 call 
total pot: 180 
/inquire 
recv from player 5555: call 
send inquire msg to player 8888 
inquire/ 
5555 1960 2000 40 check 
4444 2000 2000 0 fold 
1111 2000 2000 0 fold 
7777 2000 2000 0 fold 
2222 1960 2000 40 check 
3333 1960 2000 40 check 
6666 1980 2000 20 fold 
8888 1960 2000 40 call 
total pot: 180 
/inquire 
recv from player 8888: fold 
turn/ 
SPADES Q 
/turn 

---turn round bet---
valid player: 8, all in player: 0, fold player: 5
send notify msg to player 6666 
notify/ 
8888 1960 2000 40 fold 
5555 1960 2000 40 check 
4444 2000 2000 0 fold 
1111 2000 2000 0 fold 
7777 2000 2000 0 fold 
2222 1960 2000 40 check 
3333 1960 2000 40 check 
6666 1980 2000 20 fold 
total pot: 180 
/notify 
send inquire msg to player 3333 
inquire/ 
6666 1980 2000 20 fold 
8888 1960 2000 40 fold 
5555 1960 2000 40 check 
4444 2000 2000 0 fold 
1111 2000 2000 0 fold 
7777 2000 2000 0 fold 
2222 1960 2000 40 check 
3333 1960 2000 40 check 
total pot: 180 
/inquire 
recv from player 3333: check 

send inquire msg to player 2222 
inquire/ 
3333 1960 2000 40 check 
6666 1980 2000 20 fold 
8888 1960 2000 40 fold 
5555 1960 2000 40 check 
4444 2000 2000 0 fold 
1111 2000 2000 0 fold 
7777 2000 2000 0 fold 
2222 1960 2000 40 check 
total pot: 180 
/inquire 
recv from player 2222: call 

send notify msg to player 7777 
notify/ 
2222 1960 2000 40 check 
3333 1960 2000 40 check 
6666 1980 2000 20 fold 
8888 1960 2000 40 fold 
5555 1960 2000 40 check 
4444 2000 2000 0 fold 
1111 2000 2000 0 fold 
7777 2000 2000 0 fold 
total pot: 180 
/notify 
send notify msg to player 1111 
notify/ 
7777 2000 2000 0 fold 
2222 1960 2000 40 check 
3333 1960 2000 40 check 
6666 1980 2000 20 fold 
8888 1960 2000 40 fold 
5555 1960 2000 40 check 
4444 2000 2000 0 fold 
1111 2000 2000 0 fold 
total pot: 180 
/notify 
send inquire msg to player 5555 
inquire/ 
4444 2000 2000 0 fold 
1111 2000 2000 0 fold 
7777 2000 2000 0 fold 
2222 1960 2000 40 check 
3333 1960 2000 40 check 
6666 1980 2000 20 fold 
8888 1960 2000 40 fold 
5555 1960 2000 40 check 
total pot: 180 
/inquire 
recv from player 5555: check 
river/ 
CLUBS 5 
/river 

---river round bet---
valid player: 8, all in player: 0, fold player: 5
send notify msg to player 6666 
notify/ 
8888 1960 2000 40 fold 
5555 1960 2000 40 check 
4444 2000 2000 0 fold 
1111 2000 2000 0 fold 
7777 2000 2000 0 fold 
2222 1960 2000 40 check 
3333 1960 2000 40 check 
6666 1980 2000 20 fold 
total pot: 180 
/notify 
send inquire msg to player 3333 
inquire/ 
6666 1980 2000 20 fold 
8888 1960 2000 40 fold 
5555 1960 2000 40 check 
4444 2000 2000 0 fold 
1111 2000 2000 0 fold 
7777 2000 2000 0 fold 
2222 1960 2000 40 check 
3333 1960 2000 40 check 
total pot: 180 
/inquire 
recv from player 3333: check 

send inquire msg to player 2222 
inquire/ 
3333 1960 2000 40 check 
6666 1980 2000 20 fold 
8888 1960 2000 40 fold 
5555 1960 2000 40 check 
4444 2000 2000 0 fold 
1111 2000 2000 0 fold 
7777 2000 2000 0 fold 
2222 1960 2000 40 check 
total pot: 180 
/inquire 
recv from player 2222: call 

send notify msg to player 7777 
notify/ 
2222 1960 2000 40 check 
3333 1960 2000 40 check 
6666 1980 2000 20 fold 
8888 1960 2000 40 fold 
5555 1960 2000 40 check 
4444 2000 2000 0 fold 
1111 2000 2000 0 fold 
7777 2000 2000 0 fold 
total pot: 180 
/notify 
send notify msg to player 1111 
notify/ 
7777 2000 2000 0 fold 
2222 1960 2000 40 check 
3333 1960 2000 40 check 
6666 1980 2000 20 fold 
8888 1960 2000 40 fold 
5555 1960 2000 40 check 
4444 2000 2000 0 fold 
1111 2000 2000 0 fold 
total pot: 180 
/notify 
send inquire msg to player 5555 
inquire/ 
4444 2000 2000 0 fold 
1111 2000 2000 0 fold 
7777 2000 2000 0 fold 
2222 1960 2000 40 check 
3333 1960 2000 40 check 
6666 1980 2000 20 fold 
8888 1960 2000 40 fold 
5555 1960 2000 40 check 
total pot: 180 
/inquire 
recv from player 5555: check 

----- notify msg last round -----
send notify msg to player 6666 
notify/ 
8888 1960 2000 40 fold 
5555 1960 2000 40 check 
4444 2000 2000 0 fold 
1111 2000 2000 0 fold 
7777 2000 2000 0 fold 
2222 1960 2000 40 check 
3333 1960 2000 40 check 
6666 1980 2000 20 fold 
total pot: 180 
/notify 
send notify msg to player 7777 
notify/ 
2222 1960 2000 40 check 
3333 1960 2000 40 check 
6666 1980 2000 20 fold 
8888 1960 2000 40 fold 
5555 1960 2000 40 check 
4444 2000 2000 0 fold 
1111 2000 2000 0 fold 
7777 2000 2000 0 fold 
total pot: 180 
/notify 
send notify msg to player 1111 
notify/ 
7777 2000 2000 0 fold 
2222 1960 2000 40 check 
3333 1960 2000 40 check 
6666 1980 2000 20 fold 
8888 1960 2000 40 fold 
5555 1960 2000 40 check 
4444 2000 2000 0 fold 
1111 2000 2000 0 fold 
total pot: 180 
/notify 

---show down---
showdown/ 
common/ 
HEARTS 10 
DIAMONDS A 
DIAMONDS 5 
SPADES Q 
CLUBS 5 
/common 
2: 3333 CLUBS 6 HEARTS K ONE_PAIR 
3: 2222 CLUBS 8 CLUBS 9 ONE_PAIR 
1: 5555 HEARTS 6 CLUBS 10 TWO_PAIR 
/showdown 

---Allocate pot---
pot-win/ 
5555: 180 
/pot-win 
it is player 6666's turn to be button

-----2 Hand-----

----- clean player data in socket -----
seat/ 
button: 6666 1980 2000 
small blind: 3333 1960 2000 
big blind: 2222 1960 2000 
7777 2000 2000 
1111 2000 2000 
4444 2000 2000 
5555 2140 2000 
8888 1960 2000 
/seat 
blind/ 
3333: 20 
2222: 40 
/blind 
player 3333:hold/ 
DIAMONDS 4 
HEARTS 4 
/hold 
player 2222:hold/ 
SPADES 8 
HEARTS 3 
/hold 
player 7777:hold/ 
DIAMONDS 9 
DIAMONDS Q 
/hold 
player 1111:hold/ 
SPADES 7 
SPADES Q 
/hold 
player 4444:hold/ 
CLUBS 10 
SPADES 2 
/hold 
player 5555:hold/ 
DIAMONDS 6 
HEARTS 10 
/hold 
player 8888:hold/ 
CLUBS 9 
DIAMONDS 7 
/hold 
player 6666:hold/ 
HEARTS 9 
CLUBS 3 
/hold 

---pre flop round bet---
valid player: 8, all in player: 0, fold player: 0
send inquire msg to player 7777 
inquire/ 
2222 1920 2000 40 blind 
3333 1940 2000 20 blind 
total pot: 60 
/inquire 
recv from player 7777: fold 

send inquire msg to player 1111 
inquire/ 
7777 2000 2000 0 fold 
2222 1920 2000 40 blind 
3333 1940 2000 20 blind 
total pot: 60 
/inquire 
recv from player 1111: fold 

send inquire msg to player 4444 
inquire/ 
1111 2000 2000 0 fold 
7777 2000 2000 0 fold 
2222 1920 2000 40 blind 
3333 1940 2000 20 blind 
total pot: 60 
/inquire 
recv from player 4444: fold 
send inquire msg to player 5555 
inquire/ 
4444 2000 2000 0 fold 
1111 2000 2000 0 fold 
7777 2000 2000 0 fold 
2222 1920 2000 40 blind 
3333 1940 2000 20 blind 
total pot: 60 
/inquire 
recv from player 5555: call 
send inquire msg to player 8888 
inquire/ 
5555 2100 2000 40 call 
4444 2000 2000 0 fold 
1111 2000 2000 0 fold 
7777 2000 2000 0 fold 
2222 1920 2000 40 blind 
3333 1940 2000 20 blind 
total pot: 100 
/inquire 
recv from player 8888: call 
send inquire msg to player 6666 
inquire/ 
8888 1920 2000 40 call 
5555 2100 2000 40 call 
4444 2000 2000 0 fold 
1111 2000 2000 0 fold 
7777 2000 2000 0 fold 
2222 1920 2000 40 blind 
3333 1940 2000 20 blind 
total pot: 140 
/inquire 
recv from player 6666: fold 

send inquire msg to player 3333 
inquire/ 
6666 1980 2000 0 fold 
8888 1920 2000 40 call 
5555 2100 2000 40 call 
4444 2000 2000 0 fold 
1111 2000 2000 0 fold 
7777 2000 2000 0 fold 
2222 1920 2000 40 blind 
3333 1940 2000 20 blind 
total pot: 140 
/inquire 
recv from player 3333: check 

send inquire msg to player 2222 
inquire/ 
3333 1920 2000 40 call 
6666 1980 2000 0 fold 
8888 1920 2000 40 call 
5555 2100 2000 40 call 
4444 2000 2000 0 fold 
1111 2000 2000 0 fold 
7777 2000 2000 0 fold 
2222 1920 2000 40 blind 
total pot: 160 
/inquire 
recv from player 2222: check 

flop/ 
DIAMONDS 8 
SPADES J 
HEARTS J 
/flop 

---flop round bet---
valid player: 8, all in player: 0, fold player: 4
send inquire msg to player 3333 
inquire/ 
6666 1980 2000 0 fold 
8888 1920 2000 40 call 
5555 2100 2000 40 call 
4444 2000 2000 0 fold 
1111 2000 2000 0 fold 
7777 2000 2000 0 fold 
2222 1920 2000 40 check 
3333 1920 2000 40 call 
total pot: 160 
/inquire 
recv from player 3333: check 

send inquire msg to player 2222 
inquire/ 
3333 1920 2000 40 check 
6666 1980 2000 0 fold 
8888 1920 2000 40 call 
5555 2100 2000 40 call 
4444 2000 2000 0 fold 
1111 2000 2000 0 fold 
7777 2000 2000 0 fold 
2222 1920 2000 40 check 
total pot: 160 
/inquire 
recv from player 2222: raise 200 

send notify msg to player 7777 
notify/ 
2222 1720 2000 240 raise 
3333 1920 2000 40 check 
6666 1980 2000 0 fold 
8888 1920 2000 40 call 
5555 2100 2000 40 call 
4444 2000 2000 0 fold 
1111 2000 2000 0 fold 
7777 2000 2000 0 fold 
total pot: 360 
/notify 
send notify msg to player 1111 
notify/ 
7777 2000 2000 0 fold 
2222 1720 2000 240 raise 
3333 1920 2000 40 check 
6666 1980 2000 0 fold 
8888 1920 2000 40 call 
5555 2100 2000 40 call 
4444 2000 2000 0 fold 
1111 2000 2000 0 fold 
total pot: 360 
/notify 
send inquire msg to player 5555 
inquire/ 
4444 2000 2000 0 fold 
1111 2000 2000 0 fold 
7777 2000 2000 0 fold 
2222 1720 2000 240 raise 
3333 1920 2000 40 check 
6666 1980 2000 0 fold 
8888 1920 2000 40 call 
5555 2100 2000 40 call 
total pot: 360 
/inquire 
recv from player 5555: call 
send inquire msg to player 8888 
inquire/ 
5555 1900 2000 240 call 
4444 2000 2000 0 fold 
1111 2000 2000 0 fold 
7777 2000 2000 0 fold 
2222 1720 2000 240 raise 
3333 1920 2000 40 check 
6666 1980 2000 0 fold 
8888 1920 2000 40 call 
total pot: 560 
/inquire 
recv from player 8888: call 
send notify msg to player 6666 
notify/ 
8888 1720 2000 240 call 
5555 1900 2000 240 call 
4444 2000 2000 0 fold 
1111 2000 2000 0 fold 
7777 2000 2000 0 fold 
2222 1720 2000 240 raise 
3333 1920 2000 40 check 
6666 1980 2000 0 fold 
total pot: 760 
/notify 
send inquire msg to player 3333 
inquire/ 
6666 1980 2000 0 fold 
8888 1720 2000 240 call 
5555 1900 2000 240 call 
4444 2000 2000 0 fold 
1111 2000 2000 0 fold 
7777 2000 2000 0 fold 
2222 1720 2000 240 raise 
3333 1920 2000 40 check 
total pot: 760 
/inquire 
recv from player 3333: check 

turn/ 
DIAMONDS 5 
/turn 

---turn round bet---
valid player: 8, all in player: 0, fold player: 4
send inquire msg to player 3333 
inquire/ 
6666 1980 2000 0 fold 
8888 1720 2000 240 call 
5555 1900 2000 240 call 
4444 2000 2000 0 fold 
1111 2000 2000 0 fold 
7777 2000 2000 0 fold 
2222 1720 2000 240 raise 
3333 1720 2000 240 call 
total pot: 960 
/inquire 
recv from player 3333: check 

send inquire msg to player 2222 
inquire/ 
3333 1720 2000 240 check 
6666 1980 2000 0 fold 
8888 1720 2000 240 call 
5555 1900 2000 240 call 
4444 2000 2000 0 fold 
1111 2000 2000 0 fold 
7777 2000 2000 0 fold 
2222 1720 2000 240 raise 
total pot: 960 
/inquire 
recv from player 2222: raise 200 

send notify msg to player 7777 
notify/ 
2222 1520 2000 440 raise 
3333 1720 2000 240 check 
6666 1980 2000 0 fold 
8888 1720 2000 240 call 
5555 1900 2000 240 call 
4444 2000 2000 0 fold 
1111 2000 2000 0 fold 
7777 2000 2000 0 fold 
total pot: 1160 
/notify 
send notify msg to player 1111 
notify/ 
7777 2000 2000 0 fold 
2222 1520 2000 440 raise 
3333 1720 2000 240 check 
6666 1980 2000 0 fold 
8888 1720 2000 240 call 
5555 1900 2000 240 call 
4444 2000 2000 0 fold 
1111 2000 2000 0 fold 
total pot: 1160 
/notify 
send inquire msg to player 5555 
inquire/ 
4444 2000 2000 0 fold 
1111 2000 2000 0 fold 
7777 2000 2000 0 fold 
2222 1520 2000 440 raise 
3333 1720 2000 240 check 
6666 1980 2000 0 fold 
8888 1720 2000 240 call 
5555 1900 2000 240 call 
total pot: 1160 
/inquire 
recv from player 5555: fold 
send inquire msg to player 8888 
inquire/ 
5555 1900 2000 240 fold 
4444 2000 2000 0 fold 
1111 2000 2000 0 fold 
7777 2000 2000 0 fold 
2222 1520 2000 440 raise 
3333 1720 2000 240 check 
6666 1980 2000 0 fold 
8888 1720 2000 240 call 
total pot: 1160 
/inquire 
recv from player 8888: fold 
send notify msg to player 6666 
notify/ 
8888 1720 2000 240 fold 
5555 1900 2000 240 fold 
4444 2000 2000 0 fold 
1111 2000 2000 0 fold 
7777 2000 2000 0 fold 
2222 1520 2000 440 raise 
3333 1720 2000 240 check 
6666 1980 2000 0 fold 
total pot: 1160 
/notify 
send inquire msg to player 3333 
inquire/ 
6666 1980 2000 0 fold 
8888 1720 2000 240 fold 
5555 1900 2000 240 fold 
4444 2000 2000 0 fold 
1111 2000 2000 0 fold 
7777 2000 2000 0 fold 
2222 1520 2000 440 raise 
3333 1720 2000 240 check 
total pot: 1160 
/inquire 
recv from player 3333: check 

river/ 
HEARTS 6 
/river 

---river round bet---
valid player: 8, all in player: 0, fold player: 6
send inquire msg to player 3333 
inquire/ 
6666 1980 2000 0 fold 
8888 1720 2000 240 fold 
5555 1900 2000 240 fold 
4444 2000 2000 0 fold 
1111 2000 2000 0 fold 
7777 2000 2000 0 fold 
2222 1520 2000 440 raise 
3333 1520 2000 440 call 
total pot: 1360 
/inquire 
recv from player 3333: check 

send inquire msg to player 2222 
inquire/ 
3333 1520 2000 440 check 
6666 1980 2000 0 fold 
8888 1720 2000 240 fold 
5555 1900 2000 240 fold 
4444 2000 2000 0 fold 
1111 2000 2000 0 fold 
7777 2000 2000 0 fold 
2222 1520 2000 440 raise 
total pot: 1360 
/inquire 
recv from player 2222: raise 200 

send notify msg to player 7777 
notify/ 
2222 1320 2000 640 raise 
3333 1520 2000 440 check 
6666 1980 2000 0 fold 
8888 1720 2000 240 fold 
5555 1900 2000 240 fold 
4444 2000 2000 0 fold 
1111 2000 2000 0 fold 
7777 2000 2000 0 fold 
total pot: 1560 
/notify 
send notify msg to player 1111 
notify/ 
7777 2000 2000 0 fold 
2222 1320 2000 640 raise 
3333 1520 2000 440 check 
6666 1980 2000 0 fold 
8888 1720 2000 240 fold 
5555 1900 2000 240 fold 
4444 2000 2000 0 fold 
1111 2000 2000 0 fold 
total pot: 1560 
/notify 
send notify msg to player 6666 
notify/ 
8888 1720 2000 240 fold 
5555 1900 2000 240 fold 
4444 2000 2000 0 fold 
1111 2000 2000 0 fold 
7777 2000 2000 0 fold 
2222 1320 2000 640 raise 
3333 1520 2000 440 check 
6666 1980 2000 0 fold 
total pot: 1560 
/notify 
send inquire msg to player 3333 
inquire/ 
6666 1980 2000 0 fold 
8888 1720 2000 240 fold 
5555 1900 2000 240 fold 
4444 2000 2000 0 fold 
1111 2000 2000 0 fold 
7777 2000 2000 0 fold 
2222 1320 2000 640 raise 
3333 1520 2000 440 check 
total pot: 1560 
/inquire 
recv from player 3333: fold 


----- notify msg last round -----
send notify msg to player 7777 
notify/ 
2222 1320 2000 640 raise 
3333 1520 2000 440 fold 
6666 1980 2000 0 fold 
8888 1720 2000 240 fold 
5555 1900 2000 240 fold 
4444 2000 2000 0 fold 
1111 2000 2000 0 fold 
7777 2000 2000 0 fold 
total pot: 1560 
/notify 
send notify msg to player 1111 
notify/ 
7777 2000 2000 0 fold 
2222 1320 2000 640 raise 
3333 1520 2000 440 fold 
6666 1980 2000 0 fold 
8888 1720 2000 240 fold 
5555 1900 2000 240 fold 
4444 2000 2000 0 fold 
1111 2000 2000 0 fold 
total pot: 1560 
/notify 
send notify msg to player 6666 
notify/ 
8888 1720 2000 240 fold 
5555 1900 2000 240 fold 
4444 2000 2000 0 fold 
1111 2000 2000 0 fold 
7777 2000 2000 0 fold 
2222 1320 2000 640 raise 
3333 1520 2000 440 fold 
6666 1980 2000 0 fold 
total pot: 1560 
/notify 

--- 1 players not fold, don't need show down---

---Allocate pot---
Only player at seat 1 not fold, win all the pot 1560
pot-win/ 
2222: 1560 
/pot-win 
it is player 3333's turn to be button

-----3 Hand-----

----- clean player data in socket -----
seat/ 
button: 3333 1520 2000 
small blind: 2222 2880 2000 
big blind: 7777 2000 2000 
1111 2000 2000 
4444 2000 2000 
5555 1900 2000 
8888 1720 2000 
6666 1980 2000 
/seat 
blind/ 
2222: 20 
7777: 40 
/blind 
player 2222:hold/ 
HEARTS 6 
CLUBS 5 
/hold 
player 7777:hold/ 
CLUBS 10 
SPADES Q 
/hold 
player 1111:hold/ 
DIAMONDS J 
SPADES J 
/hold 
player 4444:hold/ 
HEARTS 5 
CLUBS 9 
/hold 
player 5555:hold/ 
CLUBS 2 
HEARTS 10 
/hold 
player 8888:hold/ 
HEARTS 9 
SPADES 4 
/hold 
player 6666:hold/ 
CLUBS Q 
SPADES K 
/hold 
player 3333:hold/ 
SPADES A 
CLUBS K 
/hold 

---pre flop round bet---
valid player: 8, all in player: 0, fold player: 0
send inquire msg to player 1111 
inquire/ 
7777 1960 2000 40 blind 
2222 2860 2000 20 blind 
total pot: 60 
/inquire 
recv from player 1111: call 

send inquire msg to player 4444 
inquire/ 
1111 1960 2000 40 call 
7777 1960 2000 40 blind 
2222 2860 2000 20 blind 
total pot: 100 
/inquire 
recv from player 4444: fold 
send inquire msg to player 5555 
inquire/ 
4444 2000 2000 0 fold 
1111 1960 2000 40 call 
7777 1960 2000 40 blind 
2222 2860 2000 20 blind 
total pot: 100 
/inquire 
recv from player 5555: call 
send inquire msg to player 8888 
inquire/ 
5555 1860 2000 40 call 
4444 2000 2000 0 fold 
1111 1960 2000 40 call 
7777 1960 2000 40 blind 
2222 2860 2000 20 blind 
total pot: 140 
/inquire 
recv from player 8888: call 
send inquire msg to player 6666 
inquire/ 
8888 1680 2000 40 call 
5555 1860 2000 40 call 
4444 2000 2000 0 fold 
1111 1960 2000 40 call 
7777 1960 2000 40 blind 
2222 2860 2000 20 blind 
total pot: 180 
/inquire 
recv from player 6666: fold 

send inquire msg to player 3333 
inquire/ 
6666 1980 2000 0 fold 
8888 1680 2000 40 call 
5555 1860 2000 40 call 
4444 2000 2000 0 fold 
1111 1960 2000 40 call 
7777 1960 2000 40 blind 
2222 2860 2000 20 blind 
total pot: 180 
/inquire 
recv from player 3333: check 

send inquire msg to player 2222 
inquire/ 
3333 1480 2000 40 call 
6666 1980 2000 0 fold 
8888 1680 2000 40 call 
5555 1860 2000 40 call 
4444 2000 2000 0 fold 
1111 1960 2000 40 call 
7777 1960 2000 40 blind 
2222 2860 2000 20 blind 
total pot: 220 
/inquire 
recv from player 2222: call 

send inquire msg to player 7777 
inquire/ 
2222 2840 2000 40 call 
3333 1480 2000 40 call 
6666 1980 2000 0 fold 
8888 1680 2000 40 call 
5555 1860 2000 40 call 
4444 2000 2000 0 fold 
1111 1960 2000 40 call 
7777 1960 2000 40 blind 
total pot: 240 
/inquire 
recv from player 7777: check 

flop/ 
CLUBS 8 
HEARTS Q 
DIAMONDS 7 
/flop 

---flop round bet---
valid player: 8, all in player: 0, fold player: 2
send inquire msg to player 2222 
inquire/ 
3333 1480 2000 40 call 
6666 1980 2000 0 fold 
8888 1680 2000 40 call 
5555 1860 2000 40 call 
4444 2000 2000 0 fold 
1111 1960 2000 40 call 
7777 1960 2000 40 check 
2222 2840 2000 40 call 
total pot: 240 
/inquire 
recv from player 2222: call 

send inquire msg to player 7777 
inquire/ 
2222 2840 2000 40 check 
3333 1480 2000 40 call 
6666 1980 2000 0 fold 
8888 1680 2000 40 call 
5555 1860 2000 40 call 
4444 2000 2000 0 fold 
1111 1960 2000 40 call 
7777 1960 2000 40 check 
total pot: 240 
/inquire 
recv from player 7777: raise 40 

send inquire msg to player 1111 
inquire/ 
7777 1920 2000 80 raise 
2222 2840 2000 40 check 
3333 1480 2000 40 call 
6666 1980 2000 0 fold 
8888 1680 2000 40 call 
5555 1860 2000 40 call 
4444 2000 2000 0 fold 
1111 1960 2000 40 call 
total pot: 280 
/inquire 
recv from player 1111: call 

send inquire msg to player 5555 
inquire/ 
4444 2000 2000 0 fold 
1111 1920 2000 80 call 
7777 1920 2000 80 raise 
2222 2840 2000 40 check 
3333 1480 2000 40 call 
6666 1980 2000 0 fold 
8888 1680 2000 40 call 
5555 1860 2000 40 call 
total pot: 320 
/inquire 
recv from player 5555: fold 
send inquire msg to player 8888 
inquire/ 
5555 1860 2000 40 fold 
4444 2000 2000 0 fold 
1111 1920 2000 80 call 
7777 1920 2000 80 raise 
2222 2840 2000 40 check 
3333 1480 2000 40 call 
6666 1980 2000 0 fold 
8888 1680 2000 40 call 
total pot: 320 
/inquire 
recv from player 8888: fold 
send notify msg to player 6666 
notify/ 
8888 1680 2000 40 fold 
5555 1860 2000 40 fold 
4444 2000 2000 0 fold 
1111 1920 2000 80 call 
7777 1920 2000 80 raise 
2222 2840 2000 40 check 
3333 1480 2000 40 call 
6666 1980 2000 0 fold 
total pot: 320 
/notify 
send inquire msg to player 3333 
inquire/ 
6666 1980 2000 0 fold 
8888 1680 2000 40 fold 
5555 1860 2000 40 fold 
4444 2000 2000 0 fold 
1111 1920 2000 80 call 
7777 1920 2000 80 raise 
2222 2840 2000 40 check 
3333 1480 2000 40 call 
total pot: 320 
/inquire 
recv from player 3333: check 

send inquire msg to player 2222 
inquire/ 
3333 1440 2000 80 call 
6666 1980 2000 0 fold 
8888 1680 2000 40 fold 
5555 1860 2000 40 fold 
4444 2000 2000 0 fold 
1111 1920 2000 80 call 
7777 1920 2000 80 raise 
2222 2840 2000 40 check 
total pot: 360 
/inquire 
recv from player 2222: call 

turn/ 
SPADES 9 
/turn 

---turn round bet---
valid player: 8, all in player: 0, fold player: 4
send inquire msg to player 2222 
inquire/ 
3333 1440 2000 80 call 
6666 1980 2000 0 fold 
8888 1680 2000 40 fold 
5555 1860 2000 40 fold 
4444 2000 2000 0 fold 
1111 1920 2000 80 call 
7777 1920 2000 80 raise 
2222 2800 2000 80 call 
total pot: 400 
/inquire 
recv from player 2222: raise 400 

send inquire msg to player 7777 
inquire/ 
2222 2400 2000 480 raise 
3333 1440 2000 80 call 
6666 1980 2000 0 fold 
8888 1680 2000 40 fold 
5555 1860 2000 40 fold 
4444 2000 2000 0 fold 
1111 1920 2000 80 call 
7777 1920 2000 80 raise 
total pot: 800 
/inquire 
recv from player 7777: call 

send inquire msg to player 1111 
inquire/ 
7777 1520 2000 480 call 
2222 2400 2000 480 raise 
3333 1440 2000 80 call 
6666 1980 2000 0 fold 
8888 1680 2000 40 fold 
5555 1860 2000 40 fold 
4444 2000 2000 0 fold 
1111 1920 2000 80 call 
total pot: 1200 
/inquire 
recv from player 1111: fold 

send notify msg to player 6666 
notify/ 
8888 1680 2000 40 fold 
5555 1860 2000 40 fold 
4444 2000 2000 0 fold 
1111 1920 2000 80 fold 
7777 1520 2000 480 call 
2222 2400 2000 480 raise 
3333 1440 2000 80 call 
6666 1980 2000 0 fold 
total pot: 1200 
/notify 
send inquire msg to player 3333 
inquire/ 
6666 1980 2000 0 fold 
8888 1680 2000 40 fold 
5555 1860 2000 40 fold 
4444 2000 2000 0 fold 
1111 1920 2000 80 fold 
7777 1520 2000 480 call 
2222 2400 2000 480 raise 
3333 1440 2000 80 call 
total pot: 1200 
/inquire 
recv from player 3333: fold 

river/ 
HEARTS 3 
/river 

---river round bet---
valid player: 8, all in player: 0, fold player: 6
send inquire msg to player 2222 
inquire/ 
3333 1440 2000 80 fold 
6666 1980 2000 0 fold 
8888 1680 2000 40 fold 
5555 1860 2000 40 fold 
4444 2000 2000 0 fold 
1111 1920 2000 80 fold 
7777 1520 2000 480 call 
2222 2400 2000 480 raise 
total pot: 1200 
/inquire 
recv from player 2222: raise 400 

send inquire msg to player 7777 
inquire/ 
2222 2000 2000 880 raise 
3333 1440 2000 80 fold 
6666 1980 2000 0 fold 
8888 1680 2000 40 fold 
5555 1860 2000 40 fold 
4444 2000 2000 0 fold 
1111 1920 2000 80 fold 
7777 1520 2000 480 call 
total pot: 1600 
/inquire 
recv from player 7777: call 


----- notify msg last round -----
send notify msg to player 1111 
notify/ 
7777 1120 2000 880 call 
2222 2000 2000 880 raise 
3333 1440 2000 80 fold 
6666 1980 2000 0 fold 
8888 1680 2000 40 fold 
5555 1860 2000 40 fold 
4444 2000 2000 0 fold 
1111 1920 2000 80 fold 
total pot: 2000 
/notify 
send notify msg to player 6666 
notify/ 
8888 1680 2000 40 fold 
5555 1860 2000 40 fold 
4444 2000 2000 0 fold 
1111 1920 2000 80 fold 
7777 1120 2000 880 call 
2222 2000 2000 880 raise 
3333 1440 2000 80 fold 
6666 1980 2000 0 fold 
total pot: 2000 
/notify 
send notify msg to player 7777 
notify/ 
2222 2000 2000 880 raise 
3333 1440 2000 80 fold 
6666 1980 2000 0 fold 
8888 1680 2000 40 fold 
5555 1860 2000 40 fold 
4444 2000 2000 0 fold 
1111 1920 2000 80 fold 
7777 1120 2000 880 call 
total pot: 2000 
/notify 

---show down---
showdown/ 
common/ 
CLUBS 8 
HEARTS Q 
DIAMONDS 7 
SPADES 9 
HEARTS 3 
/common 
1: 2222 HEARTS 6 CLUBS 5 STRAIGHT 
2: 7777 CLUBS 10 SPADES Q ONE_PAIR 
/showdown 

---Allocate pot---
pot-win/ 
2222: 2000 
/pot-win 
it is player 2222's turn to be button

-----4 Hand-----

----- clean player data in socket -----
seat/ 
button: 2222 4000 2000 
small blind: 7777 1120 2000 
big blind: 1111 1920 2000 
4444 2000 2000 
5555 1860 2000 
8888 1680 2000 
6666 1980 2000 
3333 1440 2000 
/seat 
blind/ 
7777: 20 
1111: 40 
/blind 
player 7777:hold/ 
HEARTS A 
DIAMONDS J 
/hold 
player 1111:hold/ 
HEARTS 3 
DIAMONDS A 
/hold 
player 4444:hold/ 
HEARTS 2 
SPADES 7 
/hold 
player 5555:hold/ 
HEARTS K 
CLUBS K 
/hold 
player 8888:hold/ 
CLUBS 6 
SPADES 5 
/hold 
player 6666:hold/ 
CLUBS Q 
HEARTS 6 
/hold 
player 3333:hold/ 
DIAMONDS 4 
HEARTS 10 
/hold 
player 2222:hold/ 
DIAMONDS 5 
CLUBS 9 
/hold 

---pre flop round bet---
valid player: 8, all in player: 0, fold player: 0
send inquire msg to player 4444 
inquire/ 
1111 1880 2000 40 blind 
7777 1100 2000 20 blind 
total pot: 60 
/inquire 
recv from player 4444: fold 
send inquire msg to player 5555 
inquire/ 
4444 2000 2000 0 fold 
1111 1880 2000 40 blind 
7777 1100 2000 20 blind 
total pot: 60 
/inquire 
recv from player 5555: call 
send inquire msg to player 8888 
inquire/ 
5555 1820 2000 40 call 
4444 2000 2000 0 fold 
1111 1880 2000 40 blind 
7777 1100 2000 20 blind 
total pot: 100 
/inquire 
recv from player 8888: call 
send inquire msg to player 6666 
inquire/ 
8888 1640 2000 40 call 
5555 1820 2000 40 call 
4444 2000 2000 0 fold 
1111 1880 2000 40 blind 
7777 1100 2000 20 blind 
total pot: 140 
/inquire 
recv from player 6666: fold 

send inquire msg to player 3333 
inquire/ 
6666 1980 2000 0 fold 
8888 1640 2000 40 call 
5555 1820 2000 40 call 
4444 2000 2000 0 fold 
1111 1880 2000 40 blind 
7777 1100 2000 20 blind 
total pot: 140 
/inquire 
recv from player 3333: fold 

send inquire msg to player 2222 
inquire/ 
3333 1440 2000 0 fold 
6666 1980 2000 0 fold 
8888 1640 2000 40 call 
5555 1820 2000 40 call 
4444 2000 2000 0 fold 
1111 1880 2000 40 blind 
7777 1100 2000 20 blind 
total pot: 140 
/inquire 
recv from player 2222: fold 

send inquire msg to player 7777 
inquire/ 
2222 4000 2000 0 fold 
3333 1440 2000 0 fold 
6666 1980 2000 0 fold 
8888 1640 2000 40 call 
5555 1820 2000 40 call 
4444 2000 2000 0 fold 
1111 1880 2000 40 blind 
7777 1100 2000 20 blind 
total pot: 140 
/inquire 
recv from player 7777: raise 40 

send inquire msg to player 1111 
inquire/ 
7777 1040 2000 80 raise 
2222 4000 2000 0 fold 
3333 1440 2000 0 fold 
6666 1980 2000 0 fold 
8888 1640 2000 40 call 
5555 1820 2000 40 call 
4444 2000 2000 0 fold 
1111 1880 2000 40 blind 
total pot: 200 
/inquire 
recv from player 1111: fold 

send inquire msg to player 5555 
inquire/ 
4444 2000 2000 0 fold 
1111 1880 2000 40 fold 
7777 1040 2000 80 raise 
2222 4000 2000 0 fold 
3333 1440 2000 0 fold 
6666 1980 2000 0 fold 
8888 1640 2000 40 call 
5555 1820 2000 40 call 
total pot: 200 
/inquire 
recv from player 5555: call 
send inquire msg to player 8888 
inquire/ 
5555 1780 2000 80 call 
4444 2000 2000 0 fold 
1111 1880 2000 40 fold 
7777 1040 2000 80 raise 
2222 4000 2000 0 fold 
3333 1440 2000 0 fold 
6666 1980 2000 0 fold 
8888 1640 2000 40 call 
total pot: 240 
/inquire 
recv from player 8888: call 
flop/ 
SPADES 10 
SPADES J 
SPADES 8 
/flop 

---flop round bet---
valid player: 8, all in player: 0, fold player: 5
send inquire msg to player 7777 
inquire/ 
2222 4000 2000 0 fold 
3333 1440 2000 0 fold 
6666 1980 2000 0 fold 
8888 1600 2000 80 call 
5555 1780 2000 80 call 
4444 2000 2000 0 fold 
1111 1880 2000 40 fold 
7777 1040 2000 80 raise 
total pot: 280 
/inquire 
recv from player 7777: call 

send notify msg to player 1111 
notify/ 
7777 1040 2000 80 check 
2222 4000 2000 0 fold 
3333 1440 2000 0 fold 
6666 1980 2000 0 fold 
8888 1600 2000 80 call 
5555 1780 2000 80 call 
4444 2000 2000 0 fold 
1111 1880 2000 40 fold 
total pot: 280 
/notify 
send inquire msg to player 5555 
inquire/ 
4444 2000 2000 0 fold 
1111 1880 2000 40 fold 
7777 1040 2000 80 check 
2222 4000 2000 0 fold 
3333 1440 2000 0 fold 
6666 1980 2000 0 fold 
8888 1600 2000 80 call 
5555 1780 2000 80 call 
total pot: 280 
/inquire 
recv from player 5555: call 
send inquire msg to player 8888 
inquire/ 
5555 1780 2000 80 check 
4444 2000 2000 0 fold 
1111 1880 2000 40 fold 
7777 1040 2000 80 check 
2222 4000 2000 0 fold 
3333 1440 2000 0 fold 
6666 1980 2000 0 fold 
8888 1600 2000 80 call 
total pot: 280 
/inquire 
recv from player 8888: call 
turn/ 
HEARTS 7 
/turn 

---turn round bet---
valid player: 8, all in player: 0, fold player: 5
send inquire msg to player 7777 
inquire/ 
2222 4000 2000 0 fold 
3333 1440 2000 0 fold 
6666 1980 2000 0 fold 
8888 1600 2000 80 check 
5555 1780 2000 80 check 
4444 2000 2000 0 fold 
1111 1880 2000 40 fold 
7777 1040 2000 80 check 
total pot: 280 
/inquire 
recv from player 7777: call 

send notify msg to player 1111 
notify/ 
7777 1040 2000 80 check 
2222 4000 2000 0 fold 
3333 1440 2000 0 fold 
6666 1980 2000 0 fold 
8888 1600 2000 80 check 
5555 1780 2000 80 check 
4444 2000 2000 0 fold 
1111 1880 2000 40 fold 
total pot: 280 
/notify 
send inquire msg to player 5555 
inquire/ 
4444 2000 2000 0 fold 
1111 1880 2000 40 fold 
7777 1040 2000 80 check 
2222 4000 2000 0 fold 
3333 1440 2000 0 fold 
6666 1980 2000 0 fold 
8888 1600 2000 80 check 
5555 1780 2000 80 check 
total pot: 280 
/inquire 
recv from player 5555: check 
send inquire msg to player 8888 
inquire/ 
5555 1780 2000 80 check 
4444 2000 2000 0 fold 
1111 1880 2000 40 fold 
7777 1040 2000 80 check 
2222 4000 2000 0 fold 
3333 1440 2000 0 fold 
6666 1980 2000 0 fold 
8888 1600 2000 80 check 
total pot: 280 
/inquire 
recv from player 8888: check 
river/ 
CLUBS 8 
/river 

---river round bet---
valid player: 8, all in player: 0, fold player: 5
send inquire msg to player 7777 
inquire/ 
2222 4000 2000 0 fold 
3333 1440 2000 0 fold 
6666 1980 2000 0 fold 
8888 1600 2000 80 check 
5555 1780 2000 80 check 
4444 2000 2000 0 fold 
1111 1880 2000 40 fold 
7777 1040 2000 80 check 
total pot: 280 
/inquire 
recv from player 7777: call 

send notify msg to player 1111 
notify/ 
7777 1040 2000 80 check 
2222 4000 2000 0 fold 
3333 1440 2000 0 fold 
6666 1980 2000 0 fold 
8888 1600 2000 80 check 
5555 1780 2000 80 check 
4444 2000 2000 0 fold 
1111 1880 2000 40 fold 
total pot: 280 
/notify 
send inquire msg to player 5555 
inquire/ 
4444 2000 2000 0 fold 
1111 1880 2000 40 fold 
7777 1040 2000 80 check 
2222 4000 2000 0 fold 
3333 1440 2000 0 fold 
6666 1980 2000 0 fold 
8888 1600 2000 80 check 
5555 1780 2000 80 check 
total pot: 280 
/inquire 
recv from player 5555: check 
send inquire msg to player 8888 
inquire/ 
5555 1780 2000 80 check 
4444 2000 2000 0 fold 
1111 1880 2000 40 fold 
7777 1040 2000 80 check 
2222 4000 2000 0 fold 
3333 1440 2000 0 fold 
6666 1980 2000 0 fold 
8888 1600 2000 80 check 
total pot: 280 
/inquire 
recv from player 8888: check 

----- notify msg last round -----
send notify msg to player 6666 
notify/ 
8888 1600 2000 80 check 
5555 1780 2000 80 check 
4444 2000 2000 0 fold 
1111 1880 2000 40 fold 
7777 1040 2000 80 check 
2222 4000 2000 0 fold 
3333 1440 2000 0 fold 
6666 1980 2000 0 fold 
total pot: 280 
/notify 
send notify msg to player 7777 
notify/ 
2222 4000 2000 0 fold 
3333 1440 2000 0 fold 
6666 1980 2000 0 fold 
8888 1600 2000 80 check 
5555 1780 2000 80 check 
4444 2000 2000 0 fold 
1111 1880 2000 40 fold 
7777 1040 2000 80 check 
total pot: 280 
/notify 
send notify msg to player 1111 
notify/ 
7777 1040 2000 80 check 
2222 4000 2000 0 fold 
3333 1440 2000 0 fold 
6666 1980 2000 0 fold 
8888 1600 2000 80 check 
5555 1780 2000 80 check 
4444 2000 2000 0 fold 
1111 1880 2000 40 fold 
total pot: 280 
/notify 

---show down---
showdown/ 
common/ 
SPADES 10 
SPADES J 
SPADES 8 
HEARTS 7 
CLUBS 8 
/common 
2: 7777 HEARTS A DIAMONDS J TWO_PAIR 
1: 5555 HEARTS K CLUBS K TWO_PAIR 
3: 8888 CLUBS 6 SPADES 5 ONE_PAIR 
/showdown 

---Allocate pot---
pot-win/ 
5555: 280 
/pot-win 
it is player 7777's turn to be button

-----5 Hand-----

----- clean player data in socket -----
seat/ 
button: 7777 1040 2000 
small blind: 1111 1880 2000 
big blind: 4444 2000 2000 
5555 2060 2000 
8888 1600 2000 
6666 1980 2000 
3333 1440 2000 
2222 4000 2000 
/seat 
blind/ 
1111: 20 
4444: 40 
/blind 
player 1111:hold/ 
CLUBS 10 
CLUBS 8 
/hold 
player 4444:hold/ 
SPADES Q 
SPADES 6 
/hold 
player 5555:hold/ 
HEARTS 4 
DIAMONDS J 
/hold 
player 8888:hold/ 
DIAMONDS 8 
CLUBS A 
/hold 
player 6666:hold/ 
DIAMONDS 2 
HEARTS J 
/hold 
player 3333:hold/ 
SPADES 5 
DIAMONDS A 
/hold 
player 2222:hold/ 
HEARTS 9 
DIAMONDS 9 
/hold 
player 7777:hold/ 
CLUBS 7 
DIAMONDS 6 
/hold 

---pre flop round bet---
valid player: 8, all in player: 0, fold player: 0
send inquire msg to player 5555 
inquire/ 
4444 1960 2000 40 blind 
1111 1860 2000 20 blind 
total pot: 60 
/inquire 
recv from player 5555: call 
send inquire msg to player 8888 
inquire/ 
5555 2020 2000 40 call 
4444 1960 2000 40 blind 
1111 1860 2000 20 blind 
total pot: 100 
/inquire 
recv from player 8888: call 
send inquire msg to player 6666 
inquire/ 
8888 1560 2000 40 call 
5555 2020 2000 40 call 
4444 1960 2000 40 blind 
1111 1860 2000 20 blind 
total pot: 140 
/inquire 
recv from player 6666: fold 

send inquire msg to player 3333 
inquire/ 
6666 1980 2000 0 fold 
8888 1560 2000 40 call 
5555 2020 2000 40 call 
4444 1960 2000 40 blind 
1111 1860 2000 20 blind 
total pot: 140 
/inquire 
recv from player 3333: fold 

send inquire msg to player 2222 
inquire/ 
3333 1440 2000 0 fold 
6666 1980 2000 0 fold 
8888 1560 2000 40 call 
5555 2020 2000 40 call 
4444 1960 2000 40 blind 
1111 1860 2000 20 blind 
total pot: 140 
/inquire 
recv from player 2222: call 

send inquire msg to player 7777 
inquire/ 
2222 3960 2000 40 call 
3333 1440 2000 0 fold 
6666 1980 2000 0 fold 
8888 1560 2000 40 call 
5555 2020 2000 40 call 
4444 1960 2000 40 blind 
1111 1860 2000 20 blind 
total pot: 180 
/inquire 
recv from player 7777: fold 

send inquire msg to player 1111 
inquire/ 
7777 1040 2000 0 fold 
2222 3960 2000 40 call 
3333 1440 2000 0 fold 
6666 1980 2000 0 fold 
8888 1560 2000 40 call 
5555 2020 2000 40 call 
4444 1960 2000 40 blind 
1111 1860 2000 20 blind 
total pot: 180 
/inquire 
recv from player 1111: fold 

send inquire msg to player 4444 
inquire/ 
1111 1860 2000 20 fold 
7777 1040 2000 0 fold 
2222 3960 2000 40 call 
3333 1440 2000 0 fold 
6666 1980 2000 0 fold 
8888 1560 2000 40 call 
5555 2020 2000 40 call 
4444 1960 2000 40 blind 
total pot: 180 
/inquire 
recv from player 4444: fold 
flop/ 
CLUBS 2 
HEARTS 5 
HEARTS A 
/flop 

---flop round bet---
valid player: 8, all in player: 0, fold player: 5
send notify msg to player 1111 
notify/ 
7777 1040 2000 0 fold 
2222 3960 2000 40 call 
3333 1440 2000 0 fold 
6666 1980 2000 0 fold 
8888 1560 2000 40 call 
5555 2020 2000 40 call 
4444 1960 2000 40 fold 
1111 1860 2000 20 fold 
total pot: 180 
/notify 
send inquire msg to player 5555 
inquire/ 
4444 1960 2000 40 fold 
1111 1860 2000 20 fold 
7777 1040 2000 0 fold 
2222 3960 2000 40 call 
3333 1440 2000 0 fold 
6666 1980 2000 0 fold 
8888 1560 2000 40 call 
5555 2020 2000 40 call 
total pot: 180 
/inquire 
recv from player 5555: fold 
send inquire msg to player 8888 
inquire/ 
5555 2020 2000 40 fold 
4444 1960 2000 40 fold 
1111 1860 2000 20 fold 
7777 1040 2000 0 fold 
2222 3960 2000 40 call 
3333 1440 2000 0 fold 
6666 1980 2000 0 fold 
8888 1560 2000 40 call 
total pot: 180 
/inquire 
recv from player 8888: call 
send notify msg to player 6666 
notify/ 
8888 1560 2000 40 check 
5555 2020 2000 40 fold 
4444 1960 2000 40 fold 
1111 1860 2000 20 fold 
7777 1040 2000 0 fold 
2222 3960 2000 40 call 
3333 1440 2000 0 fold 
6666 1980 2000 0 fold 
total pot: 180 
/notify 
send inquire msg to player 2222 
inquire/ 
3333 1440 2000 0 fold 
6666 1980 2000 0 fold 
8888 1560 2000 40 check 
5555 2020 2000 40 fold 
4444 1960 2000 40 fold 
1111 1860 2000 20 fold 
7777 1040 2000 0 fold 
2222 3960 2000 40 call 
total pot: 180 
/inquire 
recv from player 2222: call 

turn/ 
CLUBS 3 
/turn 

---turn round bet---
valid player: 8, all in player: 0, fold player: 6
send notify msg to player 1111 
notify/ 
7777 1040 2000 0 fold 
2222 3960 2000 40 check 
3333 1440 2000 0 fold 
6666 1980 2000 0 fold 
8888 1560 2000 40 check 
5555 2020 2000 40 fold 
4444 1960 2000 40 fold 
