

===VERSION 1.24===
---GAME START @ 2015-5-27-0-16-26---

wait registration for 30 seconds
reg: 2222 new 
reg: 3333 3333 
reg: 5555 DSB  reg: 4444 DSB  reg: 6666 wmml need_notify 
reg: 8888 DSB  reg: 1111 Young need_notify  
reg: 7777 CQchappie need_notify 
close registration

-----1 Hand-----

----- clean player data in socket -----
seat/ 
button: 8888 2000 2000 
small blind: 6666 2000 2000 
big blind: 4444 2000 2000 
5555 2000 2000 
3333 2000 2000 
7777 2000 2000 
2222 2000 2000 
1111 2000 2000 
/seat 
blind/ 
6666: 20 
4444: 40 
/blind 
player 6666:hold/ 
HEARTS 5 
SPADES 5 
/hold 
player 4444:hold/ 
CLUBS 3 
DIAMONDS 3 
/hold 
player 5555:hold/ 
HEARTS 3 
DIAMONDS 7 
/hold 
player 3333:hold/ 
HEARTS 9 
SPADES K 
/hold 
player 7777:hold/ 
CLUBS 9 
DIAMONDS 8 
/hold 
player 2222:hold/ 
DIAMONDS 6 
DIAMONDS Q 
/hold 
player 1111:hold/ 
DIAMONDS 4 
CLUBS 2 
/hold 
player 8888:hold/ 
DIAMONDS 2 
SPADES 2 
/hold 

---pre flop round bet---
valid player: 8, all in player: 0, fold player: 0
send inquire msg to player 5555 
inquire/ 
4444 1960 2000 40 blind 
6666 1980 2000 20 blind 
total pot: 60 
/inquire 
recv from player 5555: call 
send inquire msg to player 3333 
inquire/ 
5555 1960 2000 40 call 
4444 1960 2000 40 blind 
6666 1980 2000 20 blind 
total pot: 100 
/inquire 
recv from player 3333: fold 

send inquire msg to player 7777 
inquire/ 
3333 2000 2000 0 fold 
5555 1960 2000 40 call 
4444 1960 2000 40 blind 
6666 1980 2000 20 blind 
total pot: 100 
/inquire 
recv from player 7777: fold 

send inquire msg to player 2222 
inquire/ 
7777 2000 2000 0 fold 
3333 2000 2000 0 fold 
5555 1960 2000 40 call 
4444 1960 2000 40 blind 
6666 1980 2000 20 blind 
total pot: 100 
/inquire 
recv from player 2222: fold 

send inquire msg to player 1111 
inquire/ 
2222 2000 2000 0 fold 
7777 2000 2000 0 fold 
3333 2000 2000 0 fold 
5555 1960 2000 40 call 
4444 1960 2000 40 blind 
6666 1980 2000 20 blind 
total pot: 100 
/inquire 
recv from player 1111: fold 

send inquire msg to player 8888 
inquire/ 
1111 2000 2000 0 fold 
2222 2000 2000 0 fold 
7777 2000 2000 0 fold 
3333 2000 2000 0 fold 
5555 1960 2000 40 call 
4444 1960 2000 40 blind 
6666 1980 2000 20 blind 
total pot: 100 
/inquire 
recv from player 8888: call 
send inquire msg to player 6666 
inquire/ 
8888 1960 2000 40 call 
1111 2000 2000 0 fold 
2222 2000 2000 0 fold 
7777 2000 2000 0 fold 
3333 2000 2000 0 fold 
5555 1960 2000 40 call 
4444 1960 2000 40 blind 
6666 1980 2000 20 blind 
total pot: 140 
/inquire 
recv from player 6666: fold 

send inquire msg to player 4444 
inquire/ 
6666 1980 2000 20 fold 
8888 1960 2000 40 call 
1111 2000 2000 0 fold 
2222 2000 2000 0 fold 
7777 2000 2000 0 fold 
3333 2000 2000 0 fold 
5555 1960 2000 40 call 
4444 1960 2000 40 blind 
total pot: 140 
/inquire 
recv from player 4444: call 
flop/ 
HEARTS 7 
CLUBS 10 
DIAMONDS 9 
/flop 

---flop round bet---
valid player: 8, all in player: 0, fold player: 5
send notify msg to player 6666 
notify/ 
8888 1960 2000 40 call 
1111 2000 2000 0 fold 
2222 2000 2000 0 fold 
7777 2000 2000 0 fold 
3333 2000 2000 0 fold 
5555 1960 2000 40 call 
4444 1960 2000 40 check 
6666 1980 2000 20 fold 
total pot: 140 
/notify 
send inquire msg to player 4444 
inquire/ 
6666 1980 2000 20 fold 
8888 1960 2000 40 call 
1111 2000 2000 0 fold 
2222 2000 2000 0 fold 
7777 2000 2000 0 fold 
3333 2000 2000 0 fold 
5555 1960 2000 40 call 
4444 1960 2000 40 check 
total pot: 140 
/inquire 
recv from player 4444: raise 200 
send inquire msg to player 5555 
inquire/ 
4444 1760 2000 240 raise 
6666 1980 2000 20 fold 
8888 1960 2000 40 call 
1111 2000 2000 0 fold 
2222 2000 2000 0 fold 
7777 2000 2000 0 fold 
3333 2000 2000 0 fold 
5555 1960 2000 40 call 
total pot: 340 
/inquire 
recv from player 5555: call 
send notify msg to player 7777 
notify/ 
3333 2000 2000 0 fold 
5555 1760 2000 240 call 
4444 1760 2000 240 raise 
6666 1980 2000 20 fold 
8888 1960 2000 40 call 
1111 2000 2000 0 fold 
2222 2000 2000 0 fold 
7777 2000 2000 0 fold 
total pot: 540 
/notify 
send notify msg to player 1111 
notify/ 
2222 2000 2000 0 fold 
7777 2000 2000 0 fold 
3333 2000 2000 0 fold 
5555 1760 2000 240 call 
4444 1760 2000 240 raise 
6666 1980 2000 20 fold 
8888 1960 2000 40 call 
1111 2000 2000 0 fold 
total pot: 540 
/notify 
send inquire msg to player 8888 
inquire/ 
1111 2000 2000 0 fold 
2222 2000 2000 0 fold 
7777 2000 2000 0 fold 
3333 2000 2000 0 fold 
5555 1760 2000 240 call 
4444 1760 2000 240 raise 
6666 1980 2000 20 fold 
8888 1960 2000 40 call 
total pot: 540 
/inquire 
recv from player 8888: call 
turn/ 
CLUBS 4 
/turn 

---turn round bet---
valid player: 8, all in player: 0, fold player: 5
send notify msg to player 6666 
notify/ 
8888 1760 2000 240 call 
1111 2000 2000 0 fold 
2222 2000 2000 0 fold 
7777 2000 2000 0 fold 
3333 2000 2000 0 fold 
5555 1760 2000 240 call 
4444 1760 2000 240 raise 
6666 1980 2000 20 fold 
total pot: 740 
/notify 
send inquire msg to player 4444 
inquire/ 
6666 1980 2000 20 fold 
8888 1760 2000 240 call 
1111 2000 2000 0 fold 
2222 2000 2000 0 fold 
7777 2000 2000 0 fold 
3333 2000 2000 0 fold 
5555 1760 2000 240 call 
4444 1760 2000 240 raise 
total pot: 740 
/inquire 
recv from player 4444: fold 
send inquire msg to player 5555 
inquire/ 
4444 1760 2000 240 fold 
6666 1980 2000 20 fold 
8888 1760 2000 240 call 
1111 2000 2000 0 fold 
2222 2000 2000 0 fold 
7777 2000 2000 0 fold 
3333 2000 2000 0 fold 
5555 1760 2000 240 call 
total pot: 740 
/inquire 
recv from player 5555: call 
send notify msg to player 7777 
notify/ 
3333 2000 2000 0 fold 
5555 1760 2000 240 check 
4444 1760 2000 240 fold 
6666 1980 2000 20 fold 
8888 1760 2000 240 call 
1111 2000 2000 0 fold 
2222 2000 2000 0 fold 
7777 2000 2000 0 fold 
total pot: 740 
/notify 
send notify msg to player 1111 
notify/ 
2222 2000 2000 0 fold 
7777 2000 2000 0 fold 
3333 2000 2000 0 fold 
5555 1760 2000 240 check 
4444 1760 2000 240 fold 
6666 1980 2000 20 fold 
8888 1760 2000 240 call 
1111 2000 2000 0 fold 
total pot: 740 
/notify 
send inquire msg to player 8888 
inquire/ 
1111 2000 2000 0 fold 
2222 2000 2000 0 fold 
7777 2000 2000 0 fold 
3333 2000 2000 0 fold 
5555 1760 2000 240 check 
4444 1760 2000 240 fold 
6666 1980 2000 20 fold 
8888 1760 2000 240 call 
total pot: 740 
/inquire 
recv from player 8888: fold 

---river round bet---
valid player: 8, all in player: 0, fold player: 7

----- notify msg last round -----
send notify msg to player 6666 
notify/ 
8888 1760 2000 240 fold 
1111 2000 2000 0 fold 
2222 2000 2000 0 fold 
7777 2000 2000 0 fold 
3333 2000 2000 0 fold 
5555 1760 2000 240 check 
4444 1760 2000 240 fold 
6666 1980 2000 20 fold 
total pot: 740 
/notify 
send notify msg to player 7777 
notify/ 
3333 2000 2000 0 fold 
5555 1760 2000 240 check 
4444 1760 2000 240 fold 
6666 1980 2000 20 fold 
8888 1760 2000 240 fold 
1111 2000 2000 0 fold 
2222 2000 2000 0 fold 
7777 2000 2000 0 fold 
total pot: 740 
/notify 
send notify msg to player 1111 
notify/ 
2222 2000 2000 0 fold 
7777 2000 2000 0 fold 
3333 2000 2000 0 fold 
5555 1760 2000 240 check 
4444 1760 2000 240 fold 
6666 1980 2000 20 fold 
8888 1760 2000 240 fold 
1111 2000 2000 0 fold 
total pot: 740 
/notify 

--- 1 players not fold, don't need show down---

---Allocate pot---
Only player at seat 2 not fold, win all the pot 740
pot-win/ 
5555: 740 
/pot-win 
it is player 6666's turn to be button

-----2 Hand-----

----- clean player data in socket -----
seat/ 
button: 6666 1980 2000 
small blind: 4444 1760 2000 
big blind: 5555 2500 2000 
3333 2000 2000 
7777 2000 2000 
2222 2000 2000 
1111 2000 2000 
8888 1760 2000 
/seat 
blind/ 
4444: 20 
5555: 40 
/blind 
player 4444:hold/ 
CLUBS 10 
DIAMONDS 9 
/hold 
player 5555:hold/ 
CLUBS 2 
CLUBS J 
/hold 
player 3333:hold/ 
SPADES 8 
HEARTS 7 
/hold 
player 7777:hold/ 
DIAMONDS 8 
CLUBS 7 
/hold 
player 2222:hold/ 
HEARTS Q 
HEARTS 3 
/hold 
player 1111:hold/ 
HEARTS 4 
DIAMONDS J 
/hold 
player 8888:hold/ 
HEARTS 8 
HEARTS 5 
/hold 
player 6666:hold/ 
SPADES 10 
SPADES 7 
/hold 

---pre flop round bet---
valid player: 8, all in player: 0, fold player: 0
send inquire msg to player 3333 
inquire/ 
5555 2460 2000 40 blind 
4444 1740 2000 20 blind 
total pot: 60 
/inquire 
recv from player 3333: fold 

send inquire msg to player 7777 
inquire/ 
3333 2000 2000 0 fold 
5555 2460 2000 40 blind 
4444 1740 2000 20 blind 
total pot: 60 
/inquire 
recv from player 7777: fold 

send inquire msg to player 2222 
inquire/ 
7777 2000 2000 0 fold 
3333 2000 2000 0 fold 
5555 2460 2000 40 blind 
4444 1740 2000 20 blind 
total pot: 60 
/inquire 
recv from player 2222: fold 

send inquire msg to player 1111 
inquire/ 
2222 2000 2000 0 fold 
7777 2000 2000 0 fold 
3333 2000 2000 0 fold 
5555 2460 2000 40 blind 
4444 1740 2000 20 blind 
total pot: 60 
/inquire 
recv from player 1111: fold 

send inquire msg to player 8888 
inquire/ 
1111 2000 2000 0 fold 
2222 2000 2000 0 fold 
7777 2000 2000 0 fold 
3333 2000 2000 0 fold 
5555 2460 2000 40 blind 
4444 1740 2000 20 blind 
total pot: 60 
/inquire 
recv from player 8888: call 
send inquire msg to player 6666 
inquire/ 
8888 1720 2000 40 call 
1111 2000 2000 0 fold 
2222 2000 2000 0 fold 
7777 2000 2000 0 fold 
3333 2000 2000 0 fold 
5555 2460 2000 40 blind 
4444 1740 2000 20 blind 
total pot: 100 
/inquire 
recv from player 6666: fold 

send inquire msg to player 4444 
inquire/ 
6666 1980 2000 0 fold 
8888 1720 2000 40 call 
1111 2000 2000 0 fold 
2222 2000 2000 0 fold 
7777 2000 2000 0 fold 
3333 2000 2000 0 fold 
5555 2460 2000 40 blind 
4444 1740 2000 20 blind 
total pot: 100 
/inquire 
recv from player 4444: call 
send inquire msg to player 5555 
inquire/ 
4444 1720 2000 40 call 
6666 1980 2000 0 fold 
8888 1720 2000 40 call 
1111 2000 2000 0 fold 
2222 2000 2000 0 fold 
7777 2000 2000 0 fold 
3333 2000 2000 0 fold 
5555 2460 2000 40 blind 
total pot: 120 
/inquire 
recv from player 5555: call 
flop/ 
HEARTS K 
CLUBS A 
CLUBS 3 
/flop 

---flop round bet---
valid player: 8, all in player: 0, fold player: 5
send inquire msg to player 4444 
inquire/ 
6666 1980 2000 0 fold 
8888 1720 2000 40 call 
1111 2000 2000 0 fold 
2222 2000 2000 0 fold 
7777 2000 2000 0 fold 
3333 2000 2000 0 fold 
5555 2460 2000 40 check 
4444 1720 2000 40 call 
total pot: 120 
/inquire 
recv from player 4444: fold 
send inquire msg to player 5555 
inquire/ 
4444 1720 2000 40 fold 
6666 1980 2000 0 fold 
8888 1720 2000 40 call 
1111 2000 2000 0 fold 
2222 2000 2000 0 fold 
7777 2000 2000 0 fold 
3333 2000 2000 0 fold 
5555 2460 2000 40 check 
total pot: 120 
/inquire 
recv from player 5555: check 
send notify msg to player 7777 
notify/ 
3333 2000 2000 0 fold 
5555 2460 2000 40 check 
4444 1720 2000 40 fold 
6666 1980 2000 0 fold 
8888 1720 2000 40 call 
1111 2000 2000 0 fold 
2222 2000 2000 0 fold 
7777 2000 2000 0 fold 
total pot: 120 
/notify 
send notify msg to player 1111 
notify/ 
2222 2000 2000 0 fold 
7777 2000 2000 0 fold 
3333 2000 2000 0 fold 
5555 2460 2000 40 check 
4444 1720 2000 40 fold 
6666 1980 2000 0 fold 
8888 1720 2000 40 call 
1111 2000 2000 0 fold 
total pot: 120 
/notify 
send inquire msg to player 8888 
inquire/ 
1111 2000 2000 0 fold 
2222 2000 2000 0 fold 
7777 2000 2000 0 fold 
3333 2000 2000 0 fold 
5555 2460 2000 40 check 
4444 1720 2000 40 fold 
6666 1980 2000 0 fold 
8888 1720 2000 40 call 
total pot: 120 
/inquire 
recv from player 8888: fold 

---turn round bet---
valid player: 8, all in player: 0, fold player: 7

---river round bet---
valid player: 8, all in player: 0, fold player: 7

----- notify msg last round -----
send notify msg to player 6666 
notify/ 
8888 1720 2000 40 fold 
1111 2000 2000 0 fold 
2222 2000 2000 0 fold 
7777 2000 2000 0 fold 
3333 2000 2000 0 fold 
5555 2460 2000 40 check 
4444 1720 2000 40 fold 
6666 1980 2000 0 fold 
total pot: 120 
/notify 
send notify msg to player 7777 
notify/ 
3333 2000 2000 0 fold 
5555 2460 2000 40 check 
4444 1720 2000 40 fold 
6666 1980 2000 0 fold 
8888 1720 2000 40 fold 
1111 2000 2000 0 fold 
2222 2000 2000 0 fold 
7777 2000 2000 0 fold 
total pot: 120 
/notify 
send notify msg to player 1111 
notify/ 
2222 2000 2000 0 fold 
7777 2000 2000 0 fold 
3333 2000 2000 0 fold 
5555 2460 2000 40 check 
4444 1720 2000 40 fold 
6666 1980 2000 0 fold 
8888 1720 2000 40 fold 
1111 2000 2000 0 fold 
total pot: 120 
/notify 

--- 1 players not fold, don't need show down---

---Allocate pot---
Only player at seat 1 not fold, win all the pot 120
pot-win/ 
5555: 120 
/pot-win 
it is player 4444's turn to be button

-----3 Hand-----

----- clean player data in socket -----
seat/ 
button: 4444 1720 2000 
small blind: 5555 2580 2000 
big blind: 3333 2000 2000 
7777 2000 2000 
2222 2000 2000 
1111 2000 2000 
8888 1720 2000 
6666 1980 2000 
/seat 
blind/ 
5555: 20 
3333: 40 
/blind 
player 5555:hold/ 
DIAMONDS Q 
DIAMONDS 6 
/hold 
player 3333:hold/ 
HEARTS 5 
DIAMONDS 2 
/hold 
player 7777:hold/ 
HEARTS K 
CLUBS A 
/hold 
player 2222:hold/ 
HEARTS A 
CLUBS Q 
/hold 
player 1111:hold/ 
HEARTS 8 
DIAMONDS 9 
/hold 
player 8888:hold/ 
CLUBS 8 
DIAMONDS 5 
/hold 
player 6666:hold/ 
CLUBS 10 
DIAMONDS 4 
/hold 
player 4444:hold/ 
DIAMONDS J 
HEARTS Q 
/hold 

---pre flop round bet---
valid player: 8, all in player: 0, fold player: 0
send inquire msg to player 7777 
inquire/ 
3333 1960 2000 40 blind 
5555 2560 2000 20 blind 
total pot: 60 
/inquire 
recv from player 7777: raise 80 

send inquire msg to player 2222 
inquire/ 
7777 1880 2000 120 raise 
3333 1960 2000 40 blind 
5555 2560 2000 20 blind 
total pot: 180 
/inquire 
recv from player 2222: call 

send inquire msg to player 1111 
inquire/ 
2222 1880 2000 120 call 
7777 1880 2000 120 raise 
3333 1960 2000 40 blind 
5555 2560 2000 20 blind 
total pot: 300 
/inquire 
recv from player 1111: fold 

send inquire msg to player 8888 
inquire/ 
1111 2000 2000 0 fold 
2222 1880 2000 120 call 
7777 1880 2000 120 raise 
3333 1960 2000 40 blind 
5555 2560 2000 20 blind 
total pot: 300 
/inquire 
recv from player 8888: fold 
send inquire msg to player 6666 
inquire/ 
8888 1720 2000 0 fold 
1111 2000 2000 0 fold 
2222 1880 2000 120 call 
7777 1880 2000 120 raise 
3333 1960 2000 40 blind 
5555 2560 2000 20 blind 
total pot: 300 
/inquire 
recv from player 6666: fold 

send inquire msg to player 4444 
inquire/ 
6666 1980 2000 0 fold 
8888 1720 2000 0 fold 
1111 2000 2000 0 fold 
2222 1880 2000 120 call 
7777 1880 2000 120 raise 
3333 1960 2000 40 blind 
5555 2560 2000 20 blind 
total pot: 300 
/inquire 
recv from player 4444: call 
send inquire msg to player 5555 
inquire/ 
4444 1600 2000 120 call 
6666 1980 2000 0 fold 
8888 1720 2000 0 fold 
1111 2000 2000 0 fold 
2222 1880 2000 120 call 
7777 1880 2000 120 raise 
3333 1960 2000 40 blind 
5555 2560 2000 20 blind 
total pot: 420 
/inquire 
recv from player 5555: fold 
send inquire msg to player 3333 
inquire/ 
5555 2560 2000 20 fold 
4444 1600 2000 120 call 
6666 1980 2000 0 fold 
8888 1720 2000 0 fold 
1111 2000 2000 0 fold 
2222 1880 2000 120 call 
7777 1880 2000 120 raise 
3333 1960 2000 40 blind 
total pot: 420 
/inquire 
recv from player 3333: fold 

flop/ 
SPADES 3 
SPADES 4 
SPADES 9 
/flop 

---flop round bet---
valid player: 8, all in player: 0, fold player: 5
send inquire msg to player 7777 
inquire/ 
3333 1960 2000 40 fold 
5555 2560 2000 20 fold 
4444 1600 2000 120 call 
6666 1980 2000 0 fold 
8888 1720 2000 0 fold 
1111 2000 2000 0 fold 
2222 1880 2000 120 call 
7777 1880 2000 120 raise 
total pot: 420 
/inquire 
recv from player 7777: call 

send inquire msg to player 2222 
inquire/ 
7777 1880 2000 120 check 
3333 1960 2000 40 fold 
5555 2560 2000 20 fold 
4444 1600 2000 120 call 
6666 1980 2000 0 fold 
8888 1720 2000 0 fold 
1111 2000 2000 0 fold 
2222 1880 2000 120 call 
total pot: 420 
/inquire 
recv from player 2222: call 

send notify msg to player 1111 
notify/ 
2222 1880 2000 120 check 
7777 1880 2000 120 check 
3333 1960 2000 40 fold 
5555 2560 2000 20 fold 
4444 1600 2000 120 call 
6666 1980 2000 0 fold 
8888 1720 2000 0 fold 
1111 2000 2000 0 fold 
total pot: 420 
/notify 
send notify msg to player 6666 
notify/ 
8888 1720 2000 0 fold 
1111 2000 2000 0 fold 
2222 1880 2000 120 check 
7777 1880 2000 120 check 
3333 1960 2000 40 fold 
5555 2560 2000 20 fold 
4444 1600 2000 120 call 
6666 1980 2000 0 fold 
total pot: 420 
/notify 
send inquire msg to player 4444 
inquire/ 
6666 1980 2000 0 fold 
8888 1720 2000 0 fold 
1111 2000 2000 0 fold 
2222 1880 2000 120 check 
7777 1880 2000 120 check 
3333 1960 2000 40 fold 
5555 2560 2000 20 fold 
4444 1600 2000 120 call 
total pot: 420 
/inquire 
recv from player 4444: fold 
turn/ 
CLUBS J 
/turn 

---turn round bet---
valid player: 8, all in player: 0, fold player: 6
send inquire msg to player 7777 
inquire/ 
3333 1960 2000 40 fold 
5555 2560 2000 20 fold 
4444 1600 2000 120 fold 
6666 1980 2000 0 fold 
8888 1720 2000 0 fold 
1111 2000 2000 0 fold 
2222 1880 2000 120 check 
7777 1880 2000 120 check 
total pot: 420 
/inquire 
recv from player 7777: call 

send inquire msg to player 2222 
inquire/ 
7777 1880 2000 120 check 
3333 1960 2000 40 fold 
5555 2560 2000 20 fold 
4444 1600 2000 120 fold 
6666 1980 2000 0 fold 
8888 1720 2000 0 fold 
1111 2000 2000 0 fold 
2222 1880 2000 120 check 
total pot: 420 
/inquire 
recv from player 2222: call 

river/ 
HEARTS 3 
/river 

---river round bet---
valid player: 8, all in player: 0, fold player: 6
send inquire msg to player 7777 
inquire/ 
3333 1960 2000 40 fold 
5555 2560 2000 20 fold 
4444 1600 2000 120 fold 
6666 1980 2000 0 fold 
8888 1720 2000 0 fold 
1111 2000 2000 0 fold 
2222 1880 2000 120 check 
7777 1880 2000 120 check 
total pot: 420 
/inquire 
recv from player 7777: call 

send inquire msg to player 2222 
inquire/ 
7777 1880 2000 120 check 
3333 1960 2000 40 fold 
5555 2560 2000 20 fold 
4444 1600 2000 120 fold 
6666 1980 2000 0 fold 
8888 1720 2000 0 fold 
1111 2000 2000 0 fold 
2222 1880 2000 120 check 
total pot: 420 
/inquire 
recv from player 2222: call 


----- notify msg last round -----
send notify msg to player 1111 
notify/ 
2222 1880 2000 120 check 
7777 1880 2000 120 check 
3333 1960 2000 40 fold 
5555 2560 2000 20 fold 
4444 1600 2000 120 fold 
6666 1980 2000 0 fold 
8888 1720 2000 0 fold 
1111 2000 2000 0 fold 
total pot: 420 
/notify 
send notify msg to player 6666 
notify/ 
8888 1720 2000 0 fold 
1111 2000 2000 0 fold 
2222 1880 2000 120 check 
7777 1880 2000 120 check 
3333 1960 2000 40 fold 
5555 2560 2000 20 fold 
4444 1600 2000 120 fold 
6666 1980 2000 0 fold 
total pot: 420 
/notify 
send notify msg to player 7777 
notify/ 
3333 1960 2000 40 fold 
5555 2560 2000 20 fold 
4444 1600 2000 120 fold 
6666 1980 2000 0 fold 
8888 1720 2000 0 fold 
1111 2000 2000 0 fold 
2222 1880 2000 120 check 
7777 1880 2000 120 check 
total pot: 420 
/notify 

---show down---
showdown/ 
common/ 
SPADES 3 
SPADES 4 
SPADES 9 
CLUBS J 
HEARTS 3 
/common 
1: 7777 HEARTS K CLUBS A ONE_PAIR 
2: 2222 HEARTS A CLUBS Q ONE_PAIR 
/showdown 

---Allocate pot---
pot-win/ 
7777: 420 
/pot-win 
it is player 5555's turn to be button

-----4 Hand-----

----- clean player data in socket -----
seat/ 
button: 5555 2560 2000 
small blind: 3333 1960 2000 
big blind: 7777 2300 2000 
2222 1880 2000 
1111 2000 2000 
8888 1720 2000 
6666 1980 2000 
4444 1600 2000 
/seat 
blind/ 
3333: 20 
7777: 40 
/blind 
player 3333:hold/ 
DIAMONDS 2 
DIAMONDS 6 
/hold 
player 7777:hold/ 
SPADES J 
CLUBS 2 
/hold 
player 2222:hold/ 
DIAMONDS 7 
SPADES 7 
/hold 
player 1111:hold/ 
CLUBS 8 
DIAMONDS 9 
/hold 
player 8888:hold/ 
DIAMONDS A 
CLUBS 4 
/hold 
player 6666:hold/ 
DIAMONDS 4 
SPADES 5 
/hold 
player 4444:hold/ 
HEARTS 10 
HEARTS 6 
/hold 
player 5555:hold/ 
CLUBS 5 
DIAMONDS 5 
/hold 

---pre flop round bet---
valid player: 8, all in player: 0, fold player: 0
send inquire msg to player 2222 
inquire/ 
7777 2260 2000 40 blind 
3333 1940 2000 20 blind 
total pot: 60 
/inquire 
recv from player 2222: call 

send inquire msg to player 1111 
inquire/ 
2222 1840 2000 40 call 
7777 2260 2000 40 blind 
3333 1940 2000 20 blind 
total pot: 100 
/inquire 
recv from player 1111: fold 

send inquire msg to player 8888 
inquire/ 
1111 2000 2000 0 fold 
2222 1840 2000 40 call 
7777 2260 2000 40 blind 
3333 1940 2000 20 blind 
total pot: 100 
/inquire 
recv from player 8888: call 
send inquire msg to player 6666 
inquire/ 
8888 1680 2000 40 call 
1111 2000 2000 0 fold 
2222 1840 2000 40 call 
7777 2260 2000 40 blind 
3333 1940 2000 20 blind 
total pot: 140 
/inquire 
recv from player 6666: fold 

send inquire msg to player 4444 
inquire/ 
6666 1980 2000 0 fold 
8888 1680 2000 40 call 
1111 2000 2000 0 fold 
2222 1840 2000 40 call 
7777 2260 2000 40 blind 
3333 1940 2000 20 blind 
total pot: 140 
/inquire 
recv from player 4444: call 
send inquire msg to player 5555 
inquire/ 
4444 1560 2000 40 call 
6666 1980 2000 0 fold 
8888 1680 2000 40 call 
1111 2000 2000 0 fold 
2222 1840 2000 40 call 
7777 2260 2000 40 blind 
3333 1940 2000 20 blind 
total pot: 180 
/inquire 
recv from player 5555: call 
send inquire msg to player 3333 
inquire/ 
5555 2520 2000 40 call 
4444 1560 2000 40 call 
6666 1980 2000 0 fold 
8888 1680 2000 40 call 
1111 2000 2000 0 fold 
2222 1840 2000 40 call 
7777 2260 2000 40 blind 
3333 1940 2000 20 blind 
total pot: 220 
/inquire 
recv from player 3333: check 

send inquire msg to player 7777 
inquire/ 
3333 1920 2000 40 call 
5555 2520 2000 40 call 
4444 1560 2000 40 call 
6666 1980 2000 0 fold 
8888 1680 2000 40 call 
1111 2000 2000 0 fold 
2222 1840 2000 40 call 
7777 2260 2000 40 blind 
total pot: 240 
/inquire 
recv from player 7777: check 

flop/ 
DIAMONDS 3 
SPADES 8 
CLUBS K 
/flop 

---flop round bet---
valid player: 8, all in player: 0, fold player: 2
send inquire msg to player 3333 
inquire/ 
5555 2520 2000 40 call 
4444 1560 2000 40 call 
6666 1980 2000 0 fold 
8888 1680 2000 40 call 
1111 2000 2000 0 fold 
2222 1840 2000 40 call 
7777 2260 2000 40 check 
3333 1920 2000 40 call 
total pot: 240 
/inquire 
recv from player 3333: check 

send inquire msg to player 7777 
inquire/ 
3333 1920 2000 40 check 
5555 2520 2000 40 call 
4444 1560 2000 40 call 
6666 1980 2000 0 fold 
8888 1680 2000 40 call 
1111 2000 2000 0 fold 
2222 1840 2000 40 call 
7777 2260 2000 40 check 
total pot: 240 
/inquire 
recv from player 7777: call 

send inquire msg to player 2222 
inquire/ 
7777 2260 2000 40 check 
3333 1920 2000 40 check 
5555 2520 2000 40 call 
4444 1560 2000 40 call 
6666 1980 2000 0 fold 
8888 1680 2000 40 call 
1111 2000 2000 0 fold 
2222 1840 2000 40 call 
total pot: 240 
/inquire 
recv from player 2222: call 

send notify msg to player 1111 
notify/ 
2222 1840 2000 40 check 
7777 2260 2000 40 check 
3333 1920 2000 40 check 
5555 2520 2000 40 call 
4444 1560 2000 40 call 
6666 1980 2000 0 fold 
8888 1680 2000 40 call 
1111 2000 2000 0 fold 
total pot: 240 
/notify 
send inquire msg to player 8888 
inquire/ 
1111 2000 2000 0 fold 
2222 1840 2000 40 check 
7777 2260 2000 40 check 
3333 1920 2000 40 check 
5555 2520 2000 40 call 
4444 1560 2000 40 call 
6666 1980 2000 0 fold 
8888 1680 2000 40 call 
total pot: 240 
/inquire 
recv from player 8888: call 
send notify msg to player 6666 
notify/ 
8888 1680 2000 40 check 
1111 2000 2000 0 fold 
2222 1840 2000 40 check 
7777 2260 2000 40 check 
3333 1920 2000 40 check 
5555 2520 2000 40 call 
4444 1560 2000 40 call 
6666 1980 2000 0 fold 
total pot: 240 
/notify 
send inquire msg to player 4444 
inquire/ 
6666 1980 2000 0 fold 
8888 1680 2000 40 check 
1111 2000 2000 0 fold 
2222 1840 2000 40 check 
7777 2260 2000 40 check 
3333 1920 2000 40 check 
5555 2520 2000 40 call 
4444 1560 2000 40 call 
total pot: 240 
/inquire 
recv from player 4444: fold 
send inquire msg to player 5555 
inquire/ 
4444 1560 2000 40 fold 
6666 1980 2000 0 fold 
8888 1680 2000 40 check 
1111 2000 2000 0 fold 
2222 1840 2000 40 check 
7777 2260 2000 40 check 
3333 1920 2000 40 check 
5555 2520 2000 40 call 
total pot: 240 
/inquire 
recv from player 5555: call 
turn/ 
SPADES 4 
/turn 

---turn round bet---
valid player: 8, all in player: 0, fold player: 3
send inquire msg to player 3333 
inquire/ 
5555 2520 2000 40 check 
4444 1560 2000 40 fold 
6666 1980 2000 0 fold 
8888 1680 2000 40 check 
1111 2000 2000 0 fold 
2222 1840 2000 40 check 
7777 2260 2000 40 check 
3333 1920 2000 40 check 
total pot: 240 
/inquire 
recv from player 3333: check 

send inquire msg to player 7777 
inquire/ 
3333 1920 2000 40 check 
5555 2520 2000 40 check 
4444 1560 2000 40 fold 
6666 1980 2000 0 fold 
8888 1680 2000 40 check 
1111 2000 2000 0 fold 
2222 1840 2000 40 check 
7777 2260 2000 40 check 
total pot: 240 
/inquire 
recv from player 7777: call 

send inquire msg to player 2222 
inquire/ 
7777 2260 2000 40 check 
3333 1920 2000 40 check 
5555 2520 2000 40 check 
4444 1560 2000 40 fold 
6666 1980 2000 0 fold 
8888 1680 2000 40 check 
1111 2000 2000 0 fold 
2222 1840 2000 40 check 
total pot: 240 
/inquire 
recv from player 2222: call 

send notify msg to player 1111 
notify/ 
2222 1840 2000 40 check 
7777 2260 2000 40 check 
3333 1920 2000 40 check 
5555 2520 2000 40 check 
4444 1560 2000 40 fold 
6666 1980 2000 0 fold 
8888 1680 2000 40 check 
1111 2000 2000 0 fold 
total pot: 240 
/notify 
send inquire msg to player 8888 
inquire/ 
1111 2000 2000 0 fold 
2222 1840 2000 40 check 
7777 2260 2000 40 check 
3333 1920 2000 40 check 
5555 2520 2000 40 check 
4444 1560 2000 40 fold 
6666 1980 2000 0 fold 
8888 1680 2000 40 check 
total pot: 240 
/inquire 
recv from player 8888: check 
send notify msg to player 6666 
notify/ 
8888 1680 2000 40 check 
1111 2000 2000 0 fold 
2222 1840 2000 40 check 
7777 2260 2000 40 check 
3333 1920 2000 40 check 
5555 2520 2000 40 check 
4444 1560 2000 40 fold 
6666 1980 2000 0 fold 
total pot: 240 
/notify 
send inquire msg to player 5555 
inquire/ 
4444 1560 2000 40 fold 
6666 1980 2000 0 fold 
8888 1680 2000 40 check 
1111 2000 2000 0 fold 
2222 1840 2000 40 check 
7777 2260 2000 40 check 
3333 1920 2000 40 check 
5555 2520 2000 40 check 
total pot: 240 
/inquire 
recv from player 5555: check 
river/ 
DIAMONDS 8 
/river 

---river round bet---
valid player: 8, all in player: 0, fold player: 3
send inquire msg to player 3333 
inquire/ 
5555 2520 2000 40 check 
4444 1560 2000 40 fold 
6666 1980 2000 0 fold 
8888 1680 2000 40 check 
1111 2000 2000 0 fold 
2222 1840 2000 40 check 
7777 2260 2000 40 check 
3333 1920 2000 40 check 
total pot: 240 
/inquire 
recv from player 3333: check 

send inquire msg to player 7777 
inquire/ 
3333 1920 2000 40 check 
5555 2520 2000 40 check 
4444 1560 2000 40 fold 
6666 1980 2000 0 fold 
8888 1680 2000 40 check 
1111 2000 2000 0 fold 
2222 1840 2000 40 check 
7777 2260 2000 40 check 
total pot: 240 
/inquire 
recv from player 7777: call 

send inquire msg to player 2222 
inquire/ 
7777 2260 2000 40 check 
3333 1920 2000 40 check 
5555 2520 2000 40 check 
4444 1560 2000 40 fold 
6666 1980 2000 0 fold 
8888 1680 2000 40 check 
1111 2000 2000 0 fold 
2222 1840 2000 40 check 
total pot: 240 
/inquire 
recv from player 2222: raise 200 

send notify msg to player 1111 
notify/ 
2222 1640 2000 240 raise 
7777 2260 2000 40 check 
3333 1920 2000 40 check 
5555 2520 2000 40 check 
4444 1560 2000 40 fold 
6666 1980 2000 0 fold 
8888 1680 2000 40 check 
1111 2000 2000 0 fold 
total pot: 440 
/notify 
send inquire msg to player 8888 
inquire/ 
1111 2000 2000 0 fold 
2222 1640 2000 240 raise 
7777 2260 2000 40 check 
3333 1920 2000 40 check 
5555 2520 2000 40 check 
4444 1560 2000 40 fold 
6666 1980 2000 0 fold 
8888 1680 2000 40 check 
total pot: 440 
/inquire 
recv from player 8888: fold 
send notify msg to player 6666 
notify/ 
8888 1680 2000 40 fold 
1111 2000 2000 0 fold 
2222 1640 2000 240 raise 
7777 2260 2000 40 check 
3333 1920 2000 40 check 
5555 2520 2000 40 check 
4444 1560 2000 40 fold 
6666 1980 2000 0 fold 
total pot: 440 
/notify 
send inquire msg to player 5555 
inquire/ 
4444 1560 2000 40 fold 
6666 1980 2000 0 fold 
8888 1680 2000 40 fold 
1111 2000 2000 0 fold 
2222 1640 2000 240 raise 
7777 2260 2000 40 check 
3333 1920 2000 40 check 
5555 2520 2000 40 check 
total pot: 440 
/inquire 
recv from player 5555: fold 
send inquire msg to player 3333 
inquire/ 
5555 2520 2000 40 fold 
4444 1560 2000 40 fold 
6666 1980 2000 0 fold 
8888 1680 2000 40 fold 
1111 2000 2000 0 fold 
2222 1640 2000 240 raise 
7777 2260 2000 40 check 
3333 1920 2000 40 check 
total pot: 440 
/inquire 
recv from player 3333: fold 

send inquire msg to player 7777 
inquire/ 
3333 1920 2000 40 fold 
5555 2520 2000 40 fold 
4444 1560 2000 40 fold 
6666 1980 2000 0 fold 
8888 1680 2000 40 fold 
1111 2000 2000 0 fold 
2222 1640 2000 240 raise 
7777 2260 2000 40 check 
total pot: 440 
/inquire 
recv from player 7777: fold 


----- notify msg last round -----
send notify msg to player 1111 
notify/ 
2222 1640 2000 240 raise 
7777 2260 2000 40 fold 
3333 1920 2000 40 fold 
5555 2520 2000 40 fold 
4444 1560 2000 40 fold 
6666 1980 2000 0 fold 
8888 1680 2000 40 fold 
1111 2000 2000 0 fold 
total pot: 440 
/notify 
send notify msg to player 6666 
notify/ 
8888 1680 2000 40 fold 
1111 2000 2000 0 fold 
2222 1640 2000 240 raise 
7777 2260 2000 40 fold 
3333 1920 2000 40 fold 
5555 2520 2000 40 fold 
4444 1560 2000 40 fold 
6666 1980 2000 0 fold 
total pot: 440 
/notify 
send notify msg to player 7777 
notify/ 
3333 1920 2000 40 fold 
5555 2520 2000 40 fold 
4444 1560 2000 40 fold 
6666 1980 2000 0 fold 
8888 1680 2000 40 fold 
1111 2000 2000 0 fold 
2222 1640 2000 240 raise 
7777 2260 2000 40 fold 
total pot: 440 
/notify 

--- 1 players not fold, don't need show down---

---Allocate pot---
Only player at seat 2 not fold, win all the pot 440
pot-win/ 
2222: 440 
/pot-win 
it is player 3333's turn to be button

-----5 Hand-----

----- clean player data in socket -----
seat/ 
button: 3333 1920 2000 
small blind: 7777 2260 2000 
big blind: 2222 2080 2000 
1111 2000 2000 
8888 1680 2000 
6666 1980 2000 
4444 1560 2000 
5555 2520 2000 
/seat 
blind/ 
7777: 20 
2222: 40 
/blind 
player 7777:hold/ 
HEARTS 3 
DIAMONDS 2 
/hold 
player 2222:hold/ 
HEARTS Q 
SPADES 10 
/hold 
player 1111:hold/ 
DIAMONDS 10 
HEARTS 4 
/hold 
player 8888:hold/ 
CLUBS A 
CLUBS 9 
/hold 
player 6666:hold/ 
SPADES 8 
CLUBS 8 
/hold 
player 4444:hold/ 
HEARTS 9 
HEARTS 2 
/hold 
player 5555:hold/ 
CLUBS J 
CLUBS 5 
/hold 
player 3333:hold/ 
HEARTS 6 
HEARTS J 
/hold 

---pre flop round bet---
valid player: 8, all in player: 0, fold player: 0
send inquire msg to player 1111 
inquire/ 
2222 2040 2000 40 blind 
7777 2240 2000 20 blind 
total pot: 60 
/inquire 
recv from player 1111: fold 

send inquire msg to player 8888 
inquire/ 
1111 2000 2000 0 fold 
2222 2040 2000 40 blind 
7777 2240 2000 20 blind 
total pot: 60 
/inquire 
recv from player 8888: call 
send inquire msg to player 6666 
inquire/ 
8888 1640 2000 40 call 
1111 2000 2000 0 fold 
2222 2040 2000 40 blind 
7777 2240 2000 20 blind 
total pot: 100 
/inquire 
recv from player 6666: raise 138 

send inquire msg to player 4444 
inquire/ 
6666 1802 2000 178 raise 
8888 1640 2000 40 call 
1111 2000 2000 0 fold 
2222 2040 2000 40 blind 
7777 2240 2000 20 blind 
total pot: 278 
/inquire 
recv from player 4444: fold 
send inquire msg to player 5555 
inquire/ 
4444 1560 2000 0 fold 
6666 1802 2000 178 raise 
8888 1640 2000 40 call 
1111 2000 2000 0 fold 
2222 2040 2000 40 blind 
7777 2240 2000 20 blind 
total pot: 278 
/inquire 
recv from player 5555: fold 
send inquire msg to player 3333 
inquire/ 
5555 2520 2000 0 fold 
4444 1560 2000 0 fold 
6666 1802 2000 178 raise 
8888 1640 2000 40 call 
1111 2000 2000 0 fold 
2222 2040 2000 40 blind 
7777 2240 2000 20 blind 
total pot: 278 
/inquire 
recv from player 3333: fold 

send inquire msg to player 7777 
inquire/ 
3333 1920 2000 0 fold 
5555 2520 2000 0 fold 
4444 1560 2000 0 fold 
6666 1802 2000 178 raise 
8888 1640 2000 40 call 
1111 2000 2000 0 fold 
2222 2040 2000 40 blind 
7777 2240 2000 20 blind 
total pot: 278 
/inquire 
recv from player 7777: fold 

send inquire msg to player 2222 
inquire/ 
7777 2240 2000 20 fold 
3333 1920 2000 0 fold 
5555 2520 2000 0 fold 
4444 1560 2000 0 fold 
6666 1802 2000 178 raise 
8888 1640 2000 40 call 
1111 2000 2000 0 fold 
2222 2040 2000 40 blind 
total pot: 278 
/inquire 
recv from player 2222: fold 

send notify msg to player 1111 
notify/ 
2222 2040 2000 40 fold 
7777 2240 2000 20 fold 
3333 1920 2000 0 fold 
5555 2520 2000 0 fold 
4444 1560 2000 0 fold 
6666 1802 2000 178 raise 
8888 1640 2000 40 call 
1111 2000 2000 0 fold 
total pot: 278 
/notify 
send inquire msg to player 8888 
inquire/ 
1111 2000 2000 0 fold 
2222 2040 2000 40 fold 
7777 2240 2000 20 fold 
3333 1920 2000 0 fold 
5555 2520 2000 0 fold 
4444 1560 2000 0 fold 
6666 1802 2000 178 raise 
8888 1640 2000 40 call 
total pot: 278 
/inquire 
recv from player 8888: call 
flop/ 
HEARTS 5 
HEARTS A 
DIAMONDS 7 
/flop 

---flop round bet---
valid player: 8, all in player: 0, fold player: 6
send notify msg to player 7777 
notify/ 
3333 1920 2000 0 fold 
5555 2520 2000 0 fold 
4444 1560 2000 0 fold 
6666 1802 2000 178 raise 
8888 1502 2000 178 call 
1111 2000 2000 0 fold 
2222 2040 2000 40 fold 
7777 2240 2000 20 fold 
total pot: 416 
/notify 
send notify msg to player 1111 
notify/ 
2222 2040 2000 40 fold 
7777 2240 2000 20 fold 
3333 1920 2000 0 fold 
5555 2520 2000 0 fold 
4444 1560 2000 0 fold 
6666 1802 2000 178 raise 
8888 1502 2000 178 call 
1111 2000 2000 0 fold 
total pot: 416 
/notify 
send inquire msg to player 8888 
inquire/ 
1111 2000 2000 0 fold 
2222 2040 2000 40 fold 
7777 2240 2000 20 fold 
3333 1920 2000 0 fold 
5555 2520 2000 0 fold 
4444 1560 2000 0 fold 
6666 1802 2000 178 raise 
8888 1502 2000 178 call 
total pot: 416 
/inquire 
recv from player 8888: call 
send inquire msg to player 6666 
inquire/ 
8888 1502 2000 178 check 
1111 2000 2000 0 fold 
2222 2040 2000 40 fold 
7777 2240 2000 20 fold 
3333 1920 2000 0 fold 
5555 2520 2000 0 fold 
4444 1560 2000 0 fold 
6666 1802 2000 178 raise 
total pot: 416 
/inquire 
recv from player 6666: check 

turn/ 
DIAMONDS 6 
/turn 

---turn round bet---
valid player: 8, all in player: 0, fold player: 6
send notify msg to player 7777 
notify/ 
3333 1920 2000 0 fold 
5555 2520 2000 0 fold 
4444 1560 2000 0 fold 
6666 1802 2000 178 check 
8888 1502 2000 178 check 
1111 2000 2000 0 fold 
2222 2040 2000 40 fold 
7777 2240 2000 20 fold 
total pot: 416 
/notify 
send notify msg to player 1111 
notify/ 
2222 2040 2000 40 fold 
7777 2240 2000 20 fold 
3333 1920 2000 0 fold 
5555 2520 2000 0 fold 
4444 1560 2000 0 fold 
6666 1802 2000 178 check 
8888 1502 2000 178 check 
1111 2000 2000 0 fold 
total pot: 416 
/notify 
send inquire msg to player 8888 
inquire/ 
1111 2000 2000 0 fold 
2222 2040 2000 40 fold 
7777 2240 2000 20 fold 
3333 1920 2000 0 fold 
5555 2520 2000 0 fold 
4444 1560 2000 0 fold 
6666 1802 2000 178 check 
8888 1502 2000 178 check 
total pot: 416 
/inquire 
recv from player 8888: raise 500 
send inquire msg to player 6666 
inquire/ 
8888 1002 2000 678 raise 
1111 2000 2000 0 fold 
2222 2040 2000 40 fold 
7777 2240 2000 20 fold 
3333 1920 2000 0 fold 
5555 2520 2000 0 fold 
4444 1560 2000 0 fold 
6666 1802 2000 178 check 
total pot: 916 
/inquire 
recv from player 6666: fold 


---river round bet---
valid player: 8, all in player: 0, fold player: 7

----- notify msg last round -----
send notify msg to player 7777 
notify/ 
3333 1920 2000 0 fold 
5555 2520 2000 0 fold 
4444 1560 2000 0 fold 
6666 1802 2000 178 fold 
8888 1002 2000 678 raise 
1111 2000 2000 0 fold 
2222 2040 2000 40 fold 
7777 2240 2000 20 fold 
total pot: 916 
/notify 
send notify msg to player 1111 
notify/ 
2222 2040 2000 40 fold 
7777 2240 2000 20 fold 
3333 1920 2000 0 fold 
5555 2520 2000 0 fold 
4444 1560 2000 0 fold 
6666 1802 2000 178 fold 
8888 1002 2000 678 raise 
1111 2000 2000 0 fold 
total pot: 916 
/notify 
send notify msg to player 6666 
notify/ 
8888 1002 2000 678 raise 
1111 2000 2000 0 fold 
2222 2040 2000 40 fold 
7777 2240 2000 20 fold 
3333 1920 2000 0 fold 
5555 2520 2000 0 fold 
4444 1560 2000 0 fold 
6666 1802 2000 178 fold 
total pot: 916 
/notify 

--- 1 players not fold, don't need show down---

---Allocate pot---
Only player at seat 3 not fold, win all the pot 916
pot-win/ 
8888: 916 
/pot-win 
it is player 7777's turn to be button

-----6 Hand-----

----- clean player data in socket -----
seat/ 
button: 7777 2240 2000 
small blind: 2222 2040 2000 
big blind: 1111 2000 2000 
8888 1918 2000 
6666 1802 2000 
4444 1560 2000 
5555 2520 2000 
3333 1920 2000 
/seat 
blind/ 
2222: 20 
1111: 40 
/blind 
player 2222:hold/ 
DIAMONDS 2 
DIAMONDS 7 
/hold 
player 1111:hold/ 
SPADES 3 
SPADES A 
/hold 
player 8888:hold/ 
DIAMONDS A 
HEARTS 5 
/hold 
player 6666:hold/ 
DIAMONDS 10 
CLUBS K 
/hold 
player 4444:hold/ 
DIAMONDS K 
SPADES 9 
/hold 
player 5555:hold/ 
HEARTS 3 
HEARTS A 
/hold 
player 3333:hold/ 
HEARTS 4 
HEARTS 7 
/hold 
player 7777:hold/ 
HEARTS 8 
CLUBS 8 
/hold 

---pre flop round bet---
valid player: 8, all in player: 0, fold player: 0
send inquire msg to player 8888 
inquire/ 
1111 1960 2000 40 blind 
2222 2020 2000 20 blind 
total pot: 60 
/inquire 
recv from player 8888: call 
send inquire msg to player 6666 
inquire/ 
8888 1878 2000 40 call 
1111 1960 2000 40 blind 
2222 2020 2000 20 blind 
total pot: 100 
/inquire 
recv from player 6666: fold 

send inquire msg to player 4444 
inquire/ 
6666 1802 2000 0 fold 
8888 1878 2000 40 call 
1111 1960 2000 40 blind 
2222 2020 2000 20 blind 
total pot: 100 
/inquire 
recv from player 4444: call 
send inquire msg to player 5555 
inquire/ 
4444 1520 2000 40 call 
6666 1802 2000 0 fold 
8888 1878 2000 40 call 
1111 1960 2000 40 blind 
2222 2020 2000 20 blind 
total pot: 140 
/inquire 
recv from player 5555: call 
send inquire msg to player 3333 
inquire/ 
5555 2480 2000 40 call 
4444 1520 2000 40 call 
6666 1802 2000 0 fold 
8888 1878 2000 40 call 
1111 1960 2000 40 blind 
2222 2020 2000 20 blind 
total pot: 180 
/inquire 
recv from player 3333: fold 

send inquire msg to player 7777 
inquire/ 
3333 1920 2000 0 fold 
5555 2480 2000 40 call 
4444 1520 2000 40 call 
6666 1802 2000 0 fold 
8888 1878 2000 40 call 
1111 1960 2000 40 blind 
2222 2020 2000 20 blind 
total pot: 180 
/inquire 
recv from player 7777: call 

send inquire msg to player 2222 
inquire/ 
7777 2200 2000 40 call 
3333 1920 2000 0 fold 
5555 2480 2000 40 call 
4444 1520 2000 40 call 
6666 1802 2000 0 fold 
8888 1878 2000 40 call 
1111 1960 2000 40 blind 
2222 2020 2000 20 blind 
total pot: 220 
/inquire 
recv from player 2222: call 

send inquire msg to player 1111 
inquire/ 
2222 2000 2000 40 call 
7777 2200 2000 40 call 
3333 1920 2000 0 fold 
5555 2480 2000 40 call 
4444 1520 2000 40 call 
6666 1802 2000 0 fold 
8888 1878 2000 40 call 
1111 1960 2000 40 blind 
total pot: 240 
/inquire 
recv from player 1111: check 

flop/ 
HEARTS 6 
DIAMONDS 8 
CLUBS Q 
/flop 

---flop round bet---
valid player: 8, all in player: 0, fold player: 2
send inquire msg to player 2222 
inquire/ 
7777 2200 2000 40 call 
3333 1920 2000 0 fold 
5555 2480 2000 40 call 
4444 1520 2000 40 call 
6666 1802 2000 0 fold 
8888 1878 2000 40 call 
1111 1960 2000 40 check 
2222 2000 2000 40 call 
total pot: 240 
/inquire 
recv from player 2222: call 

send inquire msg to player 1111 
inquire/ 
2222 2000 2000 40 check 
7777 2200 2000 40 call 
3333 1920 2000 0 fold 
5555 2480 2000 40 call 
4444 1520 2000 40 call 
6666 1802 2000 0 fold 
8888 1878 2000 40 call 
1111 1960 2000 40 check 
total pot: 240 
/inquire 
recv from player 1111: check 

send inquire msg to player 8888 
inquire/ 
1111 1960 2000 40 check 
2222 2000 2000 40 check 
7777 2200 2000 40 call 
3333 1920 2000 0 fold 
5555 2480 2000 40 call 
4444 1520 2000 40 call 
6666 1802 2000 0 fold 
8888 1878 2000 40 call 
total pot: 240 
/inquire 
recv from player 8888: call 
send notify msg to player 6666 
notify/ 
8888 1878 2000 40 check 
1111 1960 2000 40 check 
2222 2000 2000 40 check 
