

===VERSION 1.31===
---GAME START @ 2015-6-19-21-20-27---

wait registration for 30 seconds
reg: 1111 yifeichongtian 
reg: 3333 JunLinTianXia 
reg: 2222 HJ  need_notify  
reg: 8888 thisAmateur need_notify 
reg: 5555 DSNJU 
reg: 7777 CQchappie need_notify 
reg: 4444 DSNJU 
reg: 6666 CQchappie need_notify 
close registration

-----1 Hand-----

----- clean player data in socket -----
seat/ 
button: 4444 2000 2000 
small blind: 5555 2000 2000 
big blind: 8888 2000 2000 
6666 2000 2000 
1111 2000 2000 
2222 2000 2000 
3333 2000 2000 
7777 2000 2000 
/seat 
blind/ 
5555: 20 
8888: 40 
/blind 
player 5555:hold/ 
CLUBS A 
DIAMONDS 8 
/hold 
player 8888:hold/ 
HEARTS J 
SPADES A 
/hold 
player 6666:hold/ 
CLUBS 6 
DIAMONDS A 
/hold 
player 1111:hold/ 
CLUBS K 
SPADES J 
/hold 
player 2222:hold/ 
SPADES 2 
SPADES 5 
/hold 
player 3333:hold/ 
CLUBS 7 
SPADES 7 
/hold 
player 7777:hold/ 
DIAMONDS 5 
HEARTS 10 
/hold 
player 4444:hold/ 
HEARTS 9 
HEARTS 5 
/hold 

---pre flop round bet---
valid player: 8, all in player: 0, fold player: 0

send inquire msg to player 6666(seat:2) 
inquire/ 
8888 1960 2000 40 blind 
5555 1980 2000 20 blind 
total pot: 60 
/inquire 
recv from player 6666: fold 


send inquire msg to player 1111(seat:3) 
inquire/ 
6666 2000 2000 0 fold 
8888 1960 2000 40 blind 
5555 1980 2000 20 blind 
total pot: 60 
/inquire 
recv from player 1111: call 


send inquire msg to player 2222(seat:4) 
inquire/ 
1111 1960 2000 40 call 
6666 2000 2000 0 fold 
8888 1960 2000 40 blind 
5555 1980 2000 20 blind 
total pot: 100 
/inquire 
recv from player 2222: fold 

send inquire msg to player 3333(seat:5) 
inquire/ 
2222 2000 2000 0 fold 
1111 1960 2000 40 call 
6666 2000 2000 0 fold 
8888 1960 2000 40 blind 
5555 1980 2000 20 blind 
total pot: 100 
/inquire 
recv from player 3333: raise 43 


send inquire msg to player 7777(seat:6) 
inquire/ 
3333 1917 2000 83 raise 
2222 2000 2000 0 fold 
1111 1960 2000 40 call 
6666 2000 2000 0 fold 
8888 1960 2000 40 blind 
5555 1980 2000 20 blind 
total pot: 183 
/inquire 
recv from player 7777: fold 


send inquire msg to player 4444(seat:7) 
inquire/ 
7777 2000 2000 0 fold 
3333 1917 2000 83 raise 
2222 2000 2000 0 fold 
1111 1960 2000 40 call 
6666 2000 2000 0 fold 
8888 1960 2000 40 blind 
5555 1980 2000 20 blind 
total pot: 183 
/inquire 
recv from player 4444: fold


send inquire msg to player 5555(seat:0) 
inquire/ 
4444 2000 2000 0 fold 
7777 2000 2000 0 fold 
3333 1917 2000 83 raise 
2222 2000 2000 0 fold 
1111 1960 2000 40 call 
6666 2000 2000 0 fold 
8888 1960 2000 40 blind 
5555 1980 2000 20 blind 
total pot: 183 
/inquire 
recv from player 5555: fold


send inquire msg to player 8888(seat:1) 
inquire/ 
5555 1980 2000 20 fold 
4444 2000 2000 0 fold 
7777 2000 2000 0 fold 
3333 1917 2000 83 raise 
2222 2000 2000 0 fold 
1111 1960 2000 40 call 
6666 2000 2000 0 fold 
8888 1960 2000 40 blind 
total pot: 183 
/inquire 
recv from player 8888: raise 41 


send notify msg to player 6666(seat:2) 
notify/ 
8888 1874 2000 126 raise 
5555 1980 2000 20 fold 
4444 2000 2000 0 fold 
7777 2000 2000 0 fold 
3333 1917 2000 83 raise 
2222 2000 2000 0 fold 
1111 1960 2000 40 call 
6666 2000 2000 0 fold 
total pot: 269 
/notify 

send inquire msg to player 1111(seat:3) 
inquire/ 
6666 2000 2000 0 fold 
8888 1874 2000 126 raise 
5555 1980 2000 20 fold 
4444 2000 2000 0 fold 
7777 2000 2000 0 fold 
3333 1917 2000 83 raise 
2222 2000 2000 0 fold 
1111 1960 2000 40 call 
total pot: 269 
/inquire 
recv from player 1111: fold 


send notify msg to player 2222(seat:4) 
notify/ 
1111 1960 2000 40 fold 
6666 2000 2000 0 fold 
8888 1874 2000 126 raise 
5555 1980 2000 20 fold 
4444 2000 2000 0 fold 
7777 2000 2000 0 fold 
3333 1917 2000 83 raise 
2222 2000 2000 0 fold 
total pot: 269 
/notify 

send inquire msg to player 3333(seat:5) 
inquire/ 
2222 2000 2000 0 fold 
1111 1960 2000 40 fold 
6666 2000 2000 0 fold 
8888 1874 2000 126 raise 
5555 1980 2000 20 fold 
4444 2000 2000 0 fold 
7777 2000 2000 0 fold 
3333 1917 2000 83 raise 
total pot: 269 
/inquire 
recv from player 3333: check 

valid player: 8, all in player: 0, fold player: 6

----- send notify msg from 6 to 0(exclude) -----

send notify msg to player 7777(seat:6) 
notify/ 
3333 1874 2000 126 call 
2222 2000 2000 0 fold 
1111 1960 2000 40 fold 
6666 2000 2000 0 fold 
8888 1874 2000 126 raise 
5555 1980 2000 20 fold 
4444 2000 2000 0 fold 
7777 2000 2000 0 fold 
total pot: 312 
/notify 

player 4444(seat:7) doesn't need notify-msg
flop/ 
CLUBS J 
DIAMONDS Q 
HEARTS Q 
/flop 

---flop round bet---
valid player: 8, all in player: 0, fold player: 6

player 5555(seat:0) doesn't need notify-msg

send inquire msg to player 8888(seat:1) 
inquire/ 
5555 1980 2000 20 fold 
4444 2000 2000 0 fold 
7777 2000 2000 0 fold 
3333 1874 2000 126 call 
2222 2000 2000 0 fold 
1111 1960 2000 40 fold 
6666 2000 2000 0 fold 
8888 1874 2000 126 raise 
total pot: 312 
/inquire 
recv from player 8888: raise 401 


send notify msg to player 6666(seat:2) 
notify/ 
8888 1473 2000 527 raise 
5555 1980 2000 20 fold 
4444 2000 2000 0 fold 
7777 2000 2000 0 fold 
3333 1874 2000 126 call 
2222 2000 2000 0 fold 
1111 1960 2000 40 fold 
6666 2000 2000 0 fold 
total pot: 713 
/notify 

player 1111(seat:3) doesn't need notify-msg

send notify msg to player 2222(seat:4) 
notify/ 
1111 1960 2000 40 fold 
6666 2000 2000 0 fold 
8888 1473 2000 527 raise 
5555 1980 2000 20 fold 
4444 2000 2000 0 fold 
7777 2000 2000 0 fold 
3333 1874 2000 126 call 
2222 2000 2000 0 fold 
total pot: 713 
/notify 

send inquire msg to player 3333(seat:5) 
inquire/ 
2222 2000 2000 0 fold 
1111 1960 2000 40 fold 
6666 2000 2000 0 fold 
8888 1473 2000 527 raise 
5555 1980 2000 20 fold 
4444 2000 2000 0 fold 
7777 2000 2000 0 fold 
3333 1874 2000 126 call 
total pot: 713 
/inquire 
recv from player 3333: fold 

valid player: 8, all in player: 0, fold player: 7

----- send notify msg from 6 to 5(exclude) -----

send notify msg to player 7777(seat:6) 
notify/ 
3333 1874 2000 126 fold 
2222 2000 2000 0 fold 
1111 1960 2000 40 fold 
6666 2000 2000 0 fold 
8888 1473 2000 527 raise 
5555 1980 2000 20 fold 
4444 2000 2000 0 fold 
7777 2000 2000 0 fold 
total pot: 713 
/notify 

player 4444(seat:7) doesn't need notify-msg

player 5555(seat:0) doesn't need notify-msg

send notify msg to player 8888(seat:1) 
notify/ 
5555 1980 2000 20 fold 
4444 2000 2000 0 fold 
7777 2000 2000 0 fold 
3333 1874 2000 126 fold 
2222 2000 2000 0 fold 
1111 1960 2000 40 fold 
6666 2000 2000 0 fold 
8888 1473 2000 527 raise 
total pot: 713 
/notify 

send notify msg to player 6666(seat:2) 
notify/ 
8888 1473 2000 527 raise 
5555 1980 2000 20 fold 
4444 2000 2000 0 fold 
7777 2000 2000 0 fold 
3333 1874 2000 126 fold 
2222 2000 2000 0 fold 
1111 1960 2000 40 fold 
6666 2000 2000 0 fold 
total pot: 713 
/notify 

player 1111(seat:3) doesn't need notify-msg

send notify msg to player 2222(seat:4) 
notify/ 
1111 1960 2000 40 fold 
6666 2000 2000 0 fold 
8888 1473 2000 527 raise 
5555 1980 2000 20 fold 
4444 2000 2000 0 fold 
7777 2000 2000 0 fold 
3333 1874 2000 126 fold 
2222 2000 2000 0 fold 
total pot: 713 
/notify 

---turn round bet---
valid player: 8, all in player: 0, fold player: 7

---river round bet---
valid player: 8, all in player: 0, fold player: 7

--- 1 players not fold, don't need show down---

---Allocate pot---
Only player at seat 1 not fold, win all the pot 713
pot-win/ 
8888: 713 
/pot-win 
it is player 5555's turn to be button

-----2 Hand-----

----- clean player data in socket -----
seat/ 
button: 5555 1980 2000 
small blind: 8888 2186 2000 
big blind: 6666 2000 2000 
1111 1960 2000 
2222 2000 2000 
3333 1874 2000 
7777 2000 2000 
4444 2000 2000 
/seat 
blind/ 
8888: 20 
6666: 40 
/blind 
player 8888:hold/ 
DIAMONDS 6 
HEARTS 4 
/hold 
player 6666:hold/ 
HEARTS 6 
DIAMONDS 9 
/hold 
player 1111:hold/ 
SPADES K 
SPADES 3 
/hold 
player 2222:hold/ 
DIAMONDS 5 
SPADES 6 
/hold 
player 3333:hold/ 
CLUBS 7 
CLUBS A 
/hold 
player 7777:hold/ 
HEARTS 8 
DIAMONDS 2 
/hold 
player 4444:hold/ 
CLUBS J 
CLUBS 10 
/hold 
player 5555:hold/ 
HEARTS 3 
SPADES 5 
/hold 

---pre flop round bet---
valid player: 8, all in player: 0, fold player: 0

send inquire msg to player 1111(seat:2) 
inquire/ 
6666 1960 2000 40 blind 
8888 2166 2000 20 blind 
total pot: 60 
/inquire 
recv from player 1111: fold 


send inquire msg to player 2222(seat:3) 
inquire/ 
1111 1960 2000 0 fold 
6666 1960 2000 40 blind 
8888 2166 2000 20 blind 
total pot: 60 
/inquire 
recv from player 2222: fold 

send inquire msg to player 3333(seat:4) 
inquire/ 
2222 2000 2000 0 fold 
1111 1960 2000 0 fold 
6666 1960 2000 40 blind 
8888 2166 2000 20 blind 
total pot: 60 
/inquire 
recv from player 3333: fold 


send inquire msg to player 7777(seat:5) 
inquire/ 
3333 1874 2000 0 fold 
2222 2000 2000 0 fold 
1111 1960 2000 0 fold 
6666 1960 2000 40 blind 
8888 2166 2000 20 blind 
total pot: 60 
/inquire 
recv from player 7777: fold 


send inquire msg to player 4444(seat:6) 
inquire/ 
7777 2000 2000 0 fold 
3333 1874 2000 0 fold 
2222 2000 2000 0 fold 
1111 1960 2000 0 fold 
6666 1960 2000 40 blind 
8888 2166 2000 20 blind 
total pot: 60 
/inquire 
recv from player 4444: raise 110


send inquire msg to player 5555(seat:7) 
inquire/ 
4444 1850 2000 150 raise 
7777 2000 2000 0 fold 
3333 1874 2000 0 fold 
2222 2000 2000 0 fold 
1111 1960 2000 0 fold 
6666 1960 2000 40 blind 
8888 2166 2000 20 blind 
total pot: 210 
/inquire 
recv from player 5555: fold


send inquire msg to player 8888(seat:0) 
inquire/ 
5555 1980 2000 0 fold 
4444 1850 2000 150 raise 
7777 2000 2000 0 fold 
3333 1874 2000 0 fold 
2222 2000 2000 0 fold 
1111 1960 2000 0 fold 
6666 1960 2000 40 blind 
8888 2166 2000 20 blind 
total pot: 210 
/inquire 
recv from player 8888: raise 401 


send inquire msg to player 6666(seat:1) 
inquire/ 
8888 1635 2000 551 raise 
5555 1980 2000 0 fold 
4444 1850 2000 150 raise 
7777 2000 2000 0 fold 
3333 1874 2000 0 fold 
2222 2000 2000 0 fold 
1111 1960 2000 0 fold 
6666 1960 2000 40 blind 
total pot: 741 
/inquire 
recv from player 6666: fold 


player 1111(seat:2) doesn't need notify-msg

send notify msg to player 2222(seat:3) 
notify/ 
1111 1960 2000 0 fold 
6666 1960 2000 40 fold 
8888 1635 2000 551 raise 
5555 1980 2000 0 fold 
4444 1850 2000 150 raise 
7777 2000 2000 0 fold 
3333 1874 2000 0 fold 
2222 2000 2000 0 fold 
total pot: 741 
/notify 

player 3333(seat:4) doesn't need notify-msg

send notify msg to player 7777(seat:5) 
notify/ 
3333 1874 2000 0 fold 
2222 2000 2000 0 fold 
1111 1960 2000 0 fold 
6666 1960 2000 40 fold 
8888 1635 2000 551 raise 
5555 1980 2000 0 fold 
4444 1850 2000 150 raise 
7777 2000 2000 0 fold 
total pot: 741 
/notify 

send inquire msg to player 4444(seat:6) 
inquire/ 
7777 2000 2000 0 fold 
3333 1874 2000 0 fold 
2222 2000 2000 0 fold 
1111 1960 2000 0 fold 
6666 1960 2000 40 fold 
8888 1635 2000 551 raise 
5555 1980 2000 0 fold 
4444 1850 2000 150 raise 
total pot: 741 
/inquire 
recv from player 4444: fold

valid player: 8, all in player: 0, fold player: 7

----- send notify msg from 7 to 6(exclude) -----

player 5555(seat:7) doesn't need notify-msg

send notify msg to player 8888(seat:0) 
notify/ 
5555 1980 2000 0 fold 
4444 1850 2000 150 fold 
7777 2000 2000 0 fold 
3333 1874 2000 0 fold 
2222 2000 2000 0 fold 
1111 1960 2000 0 fold 
6666 1960 2000 40 fold 
8888 1635 2000 551 raise 
total pot: 741 
/notify 

send notify msg to player 6666(seat:1) 
notify/ 
8888 1635 2000 551 raise 
5555 1980 2000 0 fold 
4444 1850 2000 150 fold 
7777 2000 2000 0 fold 
3333 1874 2000 0 fold 
2222 2000 2000 0 fold 
1111 1960 2000 0 fold 
6666 1960 2000 40 fold 
total pot: 741 
/notify 

player 1111(seat:2) doesn't need notify-msg

send notify msg to player 2222(seat:3) 
notify/ 
1111 1960 2000 0 fold 
6666 1960 2000 40 fold 
8888 1635 2000 551 raise 
5555 1980 2000 0 fold 
4444 1850 2000 150 fold 
7777 2000 2000 0 fold 
3333 1874 2000 0 fold 
2222 2000 2000 0 fold 
total pot: 741 
/notify 

player 3333(seat:4) doesn't need notify-msg

send notify msg to player 7777(seat:5) 
notify/ 
3333 1874 2000 0 fold 
2222 2000 2000 0 fold 
1111 1960 2000 0 fold 
6666 1960 2000 40 fold 
8888 1635 2000 551 raise 
5555 1980 2000 0 fold 
4444 1850 2000 150 fold 
7777 2000 2000 0 fold 
total pot: 741 
/notify 

---flop round bet---
valid player: 8, all in player: 0, fold player: 7

---turn round bet---
valid player: 8, all in player: 0, fold player: 7

---river round bet---
valid player: 8, all in player: 0, fold player: 7

--- 1 players not fold, don't need show down---

---Allocate pot---
Only player at seat 0 not fold, win all the pot 741
pot-win/ 
8888: 741 
/pot-win 
it is player 8888's turn to be button

-----3 Hand-----

----- clean player data in socket -----
seat/ 
button: 8888 2376 2000 
small blind: 6666 1960 2000 
big blind: 1111 1960 2000 
2222 2000 2000 
3333 1874 2000 
7777 2000 2000 
4444 1850 2000 
5555 1980 2000 
/seat 
blind/ 
6666: 20 
1111: 40 
/blind 
player 6666:hold/ 
SPADES 6 
SPADES K 
/hold 
player 1111:hold/ 
DIAMONDS 2 
CLUBS Q 
/hold 
player 2222:hold/ 
DIAMONDS 6 
CLUBS J 
/hold 
player 3333:hold/ 
CLUBS 8 
DIAMONDS 10 
/hold 
player 7777:hold/ 
HEARTS Q 
HEARTS K 
/hold 
player 4444:hold/ 
DIAMONDS 8 
DIAMONDS 5 
/hold 
player 5555:hold/ 
SPADES 2 
DIAMONDS K 
/hold 
player 8888:hold/ 
SPADES 4 
SPADES 10 
/hold 

---pre flop round bet---
valid player: 8, all in player: 0, fold player: 0

send inquire msg to player 2222(seat:2) 
inquire/ 
1111 1920 2000 40 blind 
6666 1940 2000 20 blind 
total pot: 60 
/inquire 
recv from player 2222: fold 

send inquire msg to player 3333(seat:3) 
inquire/ 
2222 2000 2000 0 fold 
1111 1920 2000 40 blind 
6666 1940 2000 20 blind 
total pot: 60 
/inquire 
recv from player 3333: fold 


send inquire msg to player 7777(seat:4) 
inquire/ 
3333 1874 2000 0 fold 
2222 2000 2000 0 fold 
1111 1920 2000 40 blind 
6666 1940 2000 20 blind 
total pot: 60 
/inquire 
recv from player 7777: raise 40 


send inquire msg to player 4444(seat:5) 
inquire/ 
7777 1920 2000 80 raise 
3333 1874 2000 0 fold 
2222 2000 2000 0 fold 
1111 1920 2000 40 blind 
6666 1940 2000 20 blind 
total pot: 140 
/inquire 
recv from player 4444: fold


send inquire msg to player 5555(seat:6) 
inquire/ 
4444 1850 2000 0 fold 
7777 1920 2000 80 raise 
3333 1874 2000 0 fold 
2222 2000 2000 0 fold 
1111 1920 2000 40 blind 
6666 1940 2000 20 blind 
total pot: 140 
/inquire 
recv from player 5555: fold


send inquire msg to player 8888(seat:7) 
inquire/ 
5555 1980 2000 0 fold 
4444 1850 2000 0 fold 
7777 1920 2000 80 raise 
3333 1874 2000 0 fold 
2222 2000 2000 0 fold 
1111 1920 2000 40 blind 
6666 1940 2000 20 blind 
total pot: 140 
/inquire 
recv from player 8888: raise 401 


send inquire msg to player 6666(seat:0) 
inquire/ 
8888 1895 2000 481 raise 
5555 1980 2000 0 fold 
4444 1850 2000 0 fold 
7777 1920 2000 80 raise 
3333 1874 2000 0 fold 
2222 2000 2000 0 fold 
1111 1920 2000 40 blind 
6666 1940 2000 20 blind 
total pot: 621 
/inquire 
recv from player 6666: fold 


send inquire msg to player 1111(seat:1) 
inquire/ 
6666 1940 2000 20 fold 
8888 1895 2000 481 raise 
5555 1980 2000 0 fold 
4444 1850 2000 0 fold 
7777 1920 2000 80 raise 
3333 1874 2000 0 fold 
2222 2000 2000 0 fold 
1111 1920 2000 40 blind 
total pot: 621 
/inquire 
recv from player 1111: fold 


send notify msg to player 2222(seat:2) 
notify/ 
1111 1920 2000 40 fold 
6666 1940 2000 20 fold 
8888 1895 2000 481 raise 
5555 1980 2000 0 fold 
4444 1850 2000 0 fold 
7777 1920 2000 80 raise 
3333 1874 2000 0 fold 
2222 2000 2000 0 fold 
total pot: 621 
/notify 

player 3333(seat:3) doesn't need notify-msg

send inquire msg to player 7777(seat:4) 
inquire/ 
3333 1874 2000 0 fold 
2222 2000 2000 0 fold 
1111 1920 2000 40 fold 
6666 1940 2000 20 fold 
8888 1895 2000 481 raise 
5555 1980 2000 0 fold 
4444 1850 2000 0 fold 
7777 1920 2000 80 raise 
total pot: 621 
/inquire 
recv from player 7777: call 

valid player: 8, all in player: 0, fold player: 6

----- send notify msg from 5 to 0(exclude) -----

player 4444(seat:5) doesn't need notify-msg

player 5555(seat:6) doesn't need notify-msg

send notify msg to player 8888(seat:7) 
notify/ 
5555 1980 2000 0 fold 
4444 1850 2000 0 fold 
7777 1519 2000 481 call 
3333 1874 2000 0 fold 
2222 2000 2000 0 fold 
1111 1920 2000 40 fold 
6666 1940 2000 20 fold 
8888 1895 2000 481 raise 
total pot: 1022 
/notify 
flop/ 
DIAMONDS 9 
HEARTS A 
SPADES J 
/flop 

---flop round bet---
valid player: 8, all in player: 0, fold player: 6

send notify msg to player 6666(seat:0) 
notify/ 
8888 1895 2000 481 raise 
5555 1980 2000 0 fold 
4444 1850 2000 0 fold 
7777 1519 2000 481 call 
3333 1874 2000 0 fold 
2222 2000 2000 0 fold 
1111 1920 2000 40 fold 
6666 1940 2000 20 fold 
total pot: 1022 
/notify 

player 1111(seat:1) doesn't need notify-msg

send notify msg to player 2222(seat:2) 
notify/ 
1111 1920 2000 40 fold 
6666 1940 2000 20 fold 
8888 1895 2000 481 raise 
5555 1980 2000 0 fold 
4444 1850 2000 0 fold 
7777 1519 2000 481 call 
3333 1874 2000 0 fold 
2222 2000 2000 0 fold 
total pot: 1022 
/notify 

player 3333(seat:3) doesn't need notify-msg

send inquire msg to player 7777(seat:4) 
inquire/ 
3333 1874 2000 0 fold 
2222 2000 2000 0 fold 
1111 1920 2000 40 fold 
6666 1940 2000 20 fold 
8888 1895 2000 481 raise 
5555 1980 2000 0 fold 
4444 1850 2000 0 fold 
7777 1519 2000 481 call 
total pot: 1022 
/inquire 
recv from player 7777: raise 200 


player 4444(seat:5) doesn't need notify-msg

player 5555(seat:6) doesn't need notify-msg

send inquire msg to player 8888(seat:7) 
inquire/ 
5555 1980 2000 0 fold 
4444 1850 2000 0 fold 
7777 1319 2000 681 raise 
3333 1874 2000 0 fold 
2222 2000 2000 0 fold 
1111 1920 2000 40 fold 
6666 1940 2000 20 fold 
8888 1895 2000 481 raise 
total pot: 1222 
/inquire 
recv from player 8888: raise 401 


send notify msg to player 6666(seat:0) 
notify/ 
8888 1294 2000 1082 raise 
5555 1980 2000 0 fold 
4444 1850 2000 0 fold 
7777 1319 2000 681 raise 
3333 1874 2000 0 fold 
2222 2000 2000 0 fold 
1111 1920 2000 40 fold 
6666 1940 2000 20 fold 
total pot: 1823 
/notify 

player 1111(seat:1) doesn't need notify-msg

send notify msg to player 2222(seat:2) 
notify/ 
1111 1920 2000 40 fold 
6666 1940 2000 20 fold 
8888 1294 2000 1082 raise 
5555 1980 2000 0 fold 
4444 1850 2000 0 fold 
7777 1319 2000 681 raise 
3333 1874 2000 0 fold 
2222 2000 2000 0 fold 
total pot: 1823 
/notify 

player 3333(seat:3) doesn't need notify-msg

send inquire msg to player 7777(seat:4) 
inquire/ 
3333 1874 2000 0 fold 
2222 2000 2000 0 fold 
1111 1920 2000 40 fold 
6666 1940 2000 20 fold 
8888 1294 2000 1082 raise 
5555 1980 2000 0 fold 
4444 1850 2000 0 fold 
7777 1319 2000 681 raise 
total pot: 1823 
/inquire 
recv from player 7777: fold 

valid player: 8, all in player: 0, fold player: 7

----- send notify msg from 5 to 4(exclude) -----

player 4444(seat:5) doesn't need notify-msg

player 5555(seat:6) doesn't need notify-msg

send notify msg to player 8888(seat:7) 
notify/ 
5555 1980 2000 0 fold 
4444 1850 2000 0 fold 
7777 1319 2000 681 fold 
3333 1874 2000 0 fold 
2222 2000 2000 0 fold 
1111 1920 2000 40 fold 
6666 1940 2000 20 fold 
8888 1294 2000 1082 raise 
total pot: 1823 
/notify 

send notify msg to player 6666(seat:0) 
notify/ 
8888 1294 2000 1082 raise 
5555 1980 2000 0 fold 
4444 1850 2000 0 fold 
7777 1319 2000 681 fold 
3333 1874 2000 0 fold 
2222 2000 2000 0 fold 
1111 1920 2000 40 fold 
6666 1940 2000 20 fold 
total pot: 1823 
/notify 

player 1111(seat:1) doesn't need notify-msg

send notify msg to player 2222(seat:2) 
notify/ 
1111 1920 2000 40 fold 
6666 1940 2000 20 fold 
8888 1294 2000 1082 raise 
5555 1980 2000 0 fold 
4444 1850 2000 0 fold 
7777 1319 2000 681 fold 
3333 1874 2000 0 fold 
2222 2000 2000 0 fold 
total pot: 1823 
/notify 

player 3333(seat:3) doesn't need notify-msg

---turn round bet---
valid player: 8, all in player: 0, fold player: 7

---river round bet---
valid player: 8, all in player: 0, fold player: 7

--- 1 players not fold, don't need show down---

---Allocate pot---
Only player at seat 7 not fold, win all the pot 1823
pot-win/ 
8888: 1823 
/pot-win 
it is player 6666's turn to be button

-----4 Hand-----

----- clean player data in socket -----
seat/ 
button: 6666 1940 2000 
small blind: 1111 1920 2000 
big blind: 2222 2000 2000 
3333 1874 2000 
7777 1319 2000 
4444 1850 2000 
5555 1980 2000 
8888 3117 2000 
/seat 
blind/ 
1111: 20 
2222: 40 
/blind 
player 1111:hold/ 
CLUBS Q 
DIAMONDS A 
/hold 
player 2222:hold/ 
HEARTS Q 
SPADES 8 
/hold 
player 3333:hold/ 
DIAMONDS J 
HEARTS 3 
/hold 
player 7777:hold/ 
SPADES 2 
DIAMONDS 9 
/hold 
player 4444:hold/ 
SPADES 3 
CLUBS 9 
/hold 
player 5555:hold/ 
SPADES J 
SPADES Q 
/hold 
player 8888:hold/ 
CLUBS J 
HEARTS 9 
/hold 
player 6666:hold/ 
CLUBS 2 
CLUBS 7 
/hold 

---pre flop round bet---
valid player: 8, all in player: 0, fold player: 0

send inquire msg to player 3333(seat:2) 
inquire/ 
2222 1960 2000 40 blind 
1111 1900 2000 20 blind 
total pot: 60 
/inquire 
recv from player 3333: fold 


send inquire msg to player 7777(seat:3) 
inquire/ 
3333 1874 2000 0 fold 
2222 1960 2000 40 blind 
1111 1900 2000 20 blind 
total pot: 60 
/inquire 
recv from player 7777: fold 


send inquire msg to player 4444(seat:4) 
inquire/ 
7777 1319 2000 0 fold 
3333 1874 2000 0 fold 
2222 1960 2000 40 blind 
1111 1900 2000 20 blind 
total pot: 60 
/inquire 
recv from player 4444: fold


send inquire msg to player 5555(seat:5) 
inquire/ 
4444 1850 2000 0 fold 
7777 1319 2000 0 fold 
3333 1874 2000 0 fold 
2222 1960 2000 40 blind 
1111 1900 2000 20 blind 
total pot: 60 
/inquire 
recv from player 5555: fold


send inquire msg to player 8888(seat:6) 
inquire/ 
5555 1980 2000 0 fold 
4444 1850 2000 0 fold 
7777 1319 2000 0 fold 
3333 1874 2000 0 fold 
2222 1960 2000 40 blind 
1111 1900 2000 20 blind 
total pot: 60 
/inquire 
recv from player 8888: raise 41 


send inquire msg to player 6666(seat:7) 
inquire/ 
8888 3036 2000 81 raise 
5555 1980 2000 0 fold 
4444 1850 2000 0 fold 
7777 1319 2000 0 fold 
3333 1874 2000 0 fold 
2222 1960 2000 40 blind 
1111 1900 2000 20 blind 
total pot: 141 
/inquire 
recv from player 6666: fold 


send inquire msg to player 1111(seat:0) 
inquire/ 
6666 1940 2000 0 fold 
8888 3036 2000 81 raise 
5555 1980 2000 0 fold 
4444 1850 2000 0 fold 
7777 1319 2000 0 fold 
3333 1874 2000 0 fold 
2222 1960 2000 40 blind 
1111 1900 2000 20 blind 
total pot: 141 
/inquire 
recv from player 1111: call 


send inquire msg to player 2222(seat:1) 
inquire/ 
1111 1839 2000 81 call 
6666 1940 2000 0 fold 
8888 3036 2000 81 raise 
5555 1980 2000 0 fold 
4444 1850 2000 0 fold 
7777 1319 2000 0 fold 
3333 1874 2000 0 fold 
2222 1960 2000 40 blind 
total pot: 202 
/inquire 
recv from player 2222: fold 
valid player: 8, all in player: 0, fold player: 6

----- send notify msg from 2 to 0(exclude) -----

player 3333(seat:2) doesn't need notify-msg

send notify msg to player 7777(seat:3) 
notify/ 
3333 1874 2000 0 fold 
2222 1960 2000 40 fold 
1111 1839 2000 81 call 
6666 1940 2000 0 fold 
8888 3036 2000 81 raise 
5555 1980 2000 0 fold 
4444 1850 2000 0 fold 
7777 1319 2000 0 fold 
total pot: 202 
/notify 

player 4444(seat:4) doesn't need notify-msg

player 5555(seat:5) doesn't need notify-msg

send notify msg to player 8888(seat:6) 
notify/ 
5555 1980 2000 0 fold 
4444 1850 2000 0 fold 
7777 1319 2000 0 fold 
3333 1874 2000 0 fold 
2222 1960 2000 40 fold 
1111 1839 2000 81 call 
6666 1940 2000 0 fold 
8888 3036 2000 81 raise 
total pot: 202 
/notify 

send notify msg to player 6666(seat:7) 
notify/ 
8888 3036 2000 81 raise 
5555 1980 2000 0 fold 
4444 1850 2000 0 fold 
7777 1319 2000 0 fold 
3333 1874 2000 0 fold 
2222 1960 2000 40 fold 
1111 1839 2000 81 call 
6666 1940 2000 0 fold 
total pot: 202 
/notify 
flop/ 
HEARTS A 
DIAMONDS 6 
HEARTS 6 
/flop 

---flop round bet---
valid player: 8, all in player: 0, fold player: 6

send inquire msg to player 1111(seat:0) 
inquire/ 
6666 1940 2000 0 fold 
8888 3036 2000 81 raise 
5555 1980 2000 0 fold 
4444 1850 2000 0 fold 
7777 1319 2000 0 fold 
3333 1874 2000 0 fold 
2222 1960 2000 40 fold 
1111 1839 2000 81 call 
total pot: 202 
/inquire 
recv from player 1111: raise 126 


send notify msg to player 2222(seat:1) 
notify/ 
1111 1713 2000 207 raise 
6666 1940 2000 0 fold 
8888 3036 2000 81 raise 
5555 1980 2000 0 fold 
4444 1850 2000 0 fold 
7777 1319 2000 0 fold 
3333 1874 2000 0 fold 
2222 1960 2000 40 fold 
total pot: 328 
/notify 

player 3333(seat:2) doesn't need notify-msg

send notify msg to player 7777(seat:3) 
notify/ 
3333 1874 2000 0 fold 
2222 1960 2000 40 fold 
1111 1713 2000 207 raise 
6666 1940 2000 0 fold 
8888 3036 2000 81 raise 
5555 1980 2000 0 fold 
4444 1850 2000 0 fold 
7777 1319 2000 0 fold 
total pot: 328 
/notify 

player 4444(seat:4) doesn't need notify-msg

player 5555(seat:5) doesn't need notify-msg

send inquire msg to player 8888(seat:6) 
inquire/ 
5555 1980 2000 0 fold 
4444 1850 2000 0 fold 
7777 1319 2000 0 fold 
3333 1874 2000 0 fold 
2222 1960 2000 40 fold 
1111 1713 2000 207 raise 
6666 1940 2000 0 fold 
8888 3036 2000 81 raise 
total pot: 328 
/inquire 
recv from player 8888: raise 401 


send notify msg to player 6666(seat:7) 
notify/ 
8888 2509 2000 608 raise 
5555 1980 2000 0 fold 
4444 1850 2000 0 fold 
7777 1319 2000 0 fold 
3333 1874 2000 0 fold 
2222 1960 2000 40 fold 
1111 1713 2000 207 raise 
6666 1940 2000 0 fold 
total pot: 855 
/notify 

send inquire msg to player 1111(seat:0) 
inquire/ 
6666 1940 2000 0 fold 
8888 2509 2000 608 raise 
5555 1980 2000 0 fold 
4444 1850 2000 0 fold 
7777 1319 2000 0 fold 
3333 1874 2000 0 fold 
2222 1960 2000 40 fold 
1111 1713 2000 207 raise 
total pot: 855 
/inquire 
recv from player 1111: call 

valid player: 8, all in player: 0, fold player: 6

----- send notify msg from 1 to 0(exclude) -----

send notify msg to player 2222(seat:1) 
notify/ 
1111 1312 2000 608 call 
6666 1940 2000 0 fold 
8888 2509 2000 608 raise 
5555 1980 2000 0 fold 
4444 1850 2000 0 fold 
7777 1319 2000 0 fold 
3333 1874 2000 0 fold 
2222 1960 2000 40 fold 
total pot: 1256 
/notify 

player 3333(seat:2) doesn't need notify-msg

send notify msg to player 7777(seat:3) 
notify/ 
3333 1874 2000 0 fold 
2222 1960 2000 40 fold 
1111 1312 2000 608 call 
6666 1940 2000 0 fold 
8888 2509 2000 608 raise 
5555 1980 2000 0 fold 
4444 1850 2000 0 fold 
7777 1319 2000 0 fold 
total pot: 1256 
/notify 

player 4444(seat:4) doesn't need notify-msg

player 5555(seat:5) doesn't need notify-msg

send notify msg to player 8888(seat:6) 
notify/ 
5555 1980 2000 0 fold 
4444 1850 2000 0 fold 
7777 1319 2000 0 fold 
3333 1874 2000 0 fold 
2222 1960 2000 40 fold 
1111 1312 2000 608 call 
6666 1940 2000 0 fold 
8888 2509 2000 608 raise 
total pot: 1256 
/notify 

send notify msg to player 6666(seat:7) 
notify/ 
8888 2509 2000 608 raise 
5555 1980 2000 0 fold 
4444 1850 2000 0 fold 
7777 1319 2000 0 fold 
3333 1874 2000 0 fold 
2222 1960 2000 40 fold 
1111 1312 2000 608 call 
6666 1940 2000 0 fold 
total pot: 1256 
/notify 
turn/ 
SPADES 5 
/turn 

---turn round bet---
valid player: 8, all in player: 0, fold player: 6

send inquire msg to player 1111(seat:0) 
inquire/ 
6666 1940 2000 0 fold 
8888 2509 2000 608 raise 
5555 1980 2000 0 fold 
4444 1850 2000 0 fold 
7777 1319 2000 0 fold 
3333 1874 2000 0 fold 
2222 1960 2000 40 fold 
1111 1312 2000 608 call 
total pot: 1256 
/inquire 
recv from player 1111: raise 84 


send notify msg to player 2222(seat:1) 
notify/ 
1111 1228 2000 692 raise 
6666 1940 2000 0 fold 
8888 2509 2000 608 raise 
5555 1980 2000 0 fold 
4444 1850 2000 0 fold 
7777 1319 2000 0 fold 
3333 1874 2000 0 fold 
2222 1960 2000 40 fold 
total pot: 1340 
/notify 

player 3333(seat:2) doesn't need notify-msg

send notify msg to player 7777(seat:3) 
notify/ 
3333 1874 2000 0 fold 
2222 1960 2000 40 fold 
1111 1228 2000 692 raise 
6666 1940 2000 0 fold 
8888 2509 2000 608 raise 
5555 1980 2000 0 fold 
4444 1850 2000 0 fold 
7777 1319 2000 0 fold 
total pot: 1340 
/notify 

player 4444(seat:4) doesn't need notify-msg

player 5555(seat:5) doesn't need notify-msg

send inquire msg to player 8888(seat:6) 
inquire/ 
5555 1980 2000 0 fold 
4444 1850 2000 0 fold 
7777 1319 2000 0 fold 
3333 1874 2000 0 fold 
2222 1960 2000 40 fold 
1111 1228 2000 692 raise 
6666 1940 2000 0 fold 
8888 2509 2000 608 raise 
total pot: 1340 
/inquire 
recv from player 8888: fold 

valid player: 8, all in player: 0, fold player: 7

----- send notify msg from 7 to 6(exclude) -----

send notify msg to player 6666(seat:7) 
notify/ 
8888 2509 2000 608 fold 
5555 1980 2000 0 fold 
4444 1850 2000 0 fold 
7777 1319 2000 0 fold 
3333 1874 2000 0 fold 
2222 1960 2000 40 fold 
1111 1228 2000 692 raise 
6666 1940 2000 0 fold 
total pot: 1340 
/notify 

player 1111(seat:0) doesn't need notify-msg

send notify msg to player 2222(seat:1) 
notify/ 
1111 1228 2000 692 raise 
6666 1940 2000 0 fold 
8888 2509 2000 608 fold 
5555 1980 2000 0 fold 
4444 1850 2000 0 fold 
7777 1319 2000 0 fold 
3333 1874 2000 0 fold 
2222 1960 2000 40 fold 
total pot: 1340 
/notify 

player 3333(seat:2) doesn't need notify-msg

send notify msg to player 7777(seat:3) 
notify/ 
3333 1874 2000 0 fold 
2222 1960 2000 40 fold 
1111 1228 2000 692 raise 
6666 1940 2000 0 fold 
8888 2509 2000 608 fold 
5555 1980 2000 0 fold 
4444 1850 2000 0 fold 
7777 1319 2000 0 fold 
total pot: 1340 
/notify 

player 4444(seat:4) doesn't need notify-msg

player 5555(seat:5) doesn't need notify-msg

---river round bet---
valid player: 8, all in player: 0, fold player: 7

--- 1 players not fold, don't need show down---

---Allocate pot---
Only player at seat 0 not fold, win all the pot 1340
pot-win/ 
1111: 1340 
/pot-win 
it is player 1111's turn to be button

-----5 Hand-----

----- clean player data in socket -----
seat/ 
button: 1111 2568 2000 
small blind: 2222 1960 2000 
big blind: 3333 1874 2000 
7777 1319 2000 
4444 1850 2000 
5555 1980 2000 
8888 2509 2000 
6666 1940 2000 
/seat 
blind/ 
2222: 20 
3333: 40 
/blind 
player 2222:hold/ 
CLUBS K 
DIAMONDS 2 
/hold 
player 3333:hold/ 
CLUBS 6 
SPADES 10 
/hold 
player 7777:hold/ 
DIAMONDS J 
DIAMONDS 10 
/hold 
player 4444:hold/ 
CLUBS Q 
DIAMONDS 4 
/hold 
player 5555:hold/ 
CLUBS 5 
HEARTS 8 
/hold 
player 8888:hold/ 
DIAMONDS 9 
HEARTS Q 
/hold 
player 6666:hold/ 
SPADES K 
HEARTS K 
/hold 
player 1111:hold/ 
SPADES A 
DIAMONDS 8 
/hold 

---pre flop round bet---
valid player: 8, all in player: 0, fold player: 0

send inquire msg to player 7777(seat:2) 
inquire/ 
3333 1834 2000 40 blind 
2222 1940 2000 20 blind 
total pot: 60 
/inquire 
recv from player 7777: raise 40 


send inquire msg to player 4444(seat:3) 
inquire/ 
7777 1239 2000 80 raise 
3333 1834 2000 40 blind 
2222 1940 2000 20 blind 
total pot: 140 
/inquire 
recv from player 4444: fold


send inquire msg to player 5555(seat:4) 
inquire/ 
4444 1850 2000 0 fold 
7777 1239 2000 80 raise 
3333 1834 2000 40 blind 
2222 1940 2000 20 blind 
total pot: 140 
/inquire 
recv from player 5555: fold


send inquire msg to player 8888(seat:5) 
inquire/ 
5555 1980 2000 0 fold 
4444 1850 2000 0 fold 
7777 1239 2000 80 raise 
3333 1834 2000 40 blind 
2222 1940 2000 20 blind 
total pot: 140 
/inquire 
recv from player 8888: raise 41 


send inquire msg to player 6666(seat:6) 
inquire/ 
8888 2388 2000 121 raise 
5555 1980 2000 0 fold 
4444 1850 2000 0 fold 
7777 1239 2000 80 raise 
3333 1834 2000 40 blind 
2222 1940 2000 20 blind 
total pot: 261 
/inquire 
recv from player 6666: call 


send inquire msg to player 1111(seat:7) 
inquire/ 
6666 1819 2000 121 call 
8888 2388 2000 121 raise 
5555 1980 2000 0 fold 
4444 1850 2000 0 fold 
7777 1239 2000 80 raise 
3333 1834 2000 40 blind 
2222 1940 2000 20 blind 
total pot: 382 
/inquire 
recv from player 1111: fold 


send inquire msg to player 2222(seat:0) 
inquire/ 
1111 2568 2000 0 fold 
6666 1819 2000 121 call 
8888 2388 2000 121 raise 
5555 1980 2000 0 fold 
4444 1850 2000 0 fold 
7777 1239 2000 80 raise 
3333 1834 2000 40 blind 
2222 1940 2000 20 blind 
total pot: 382 
/inquire 
recv from player 2222: fold 

send inquire msg to player 3333(seat:1) 
inquire/ 
2222 1940 2000 20 fold 
1111 2568 2000 0 fold 
6666 1819 2000 121 call 
8888 2388 2000 121 raise 
5555 1980 2000 0 fold 
4444 1850 2000 0 fold 
7777 1239 2000 80 raise 
3333 1834 2000 40 blind 
total pot: 382 
/inquire 
recv from player 3333: fold 


send inquire msg to player 7777(seat:2) 
inquire/ 
3333 1834 2000 40 fold 
2222 1940 2000 20 fold 
1111 2568 2000 0 fold 
6666 1819 2000 121 call 
8888 2388 2000 121 raise 
5555 1980 2000 0 fold 
4444 1850 2000 0 fold 
7777 1239 2000 80 raise 
total pot: 382 
/inquire 
recv from player 7777: fold 

valid player: 8, all in player: 0, fold player: 6

----- send notify msg from 6 to 0(exclude) -----

send notify msg to player 6666(seat:6) 
notify/ 
8888 2388 2000 121 raise 
5555 1980 2000 0 fold 
4444 1850 2000 0 fold 
7777 1239 2000 80 fold 
3333 1834 2000 40 fold 
2222 1940 2000 20 fold 
1111 2568 2000 0 fold 
6666 1819 2000 121 call 
total pot: 382 
/notify 

player 1111(seat:7) doesn't need notify-msg
flop/ 
DIAMONDS Q 
HEARTS 9 
SPADES Q 
/flop 

---flop round bet---
valid player: 8, all in player: 0, fold player: 6

send notify msg to player 2222(seat:0) 
notify/ 
1111 2568 2000 0 fold 
6666 1819 2000 121 call 
8888 2388 2000 121 raise 
5555 1980 2000 0 fold 
4444 1850 2000 0 fold 
7777 1239 2000 80 fold 
3333 1834 2000 40 fold 
2222 1940 2000 20 fold 
total pot: 382 
/notify 

player 3333(seat:1) doesn't need notify-msg

send notify msg to player 7777(seat:2) 
notify/ 
3333 1834 2000 40 fold 
2222 1940 2000 20 fold 
1111 2568 2000 0 fold 
6666 1819 2000 121 call 
8888 2388 2000 121 raise 
5555 1980 2000 0 fold 
4444 1850 2000 0 fold 
7777 1239 2000 80 fold 
total pot: 382 
/notify 

player 4444(seat:3) doesn't need notify-msg

player 5555(seat:4) doesn't need notify-msg

send inquire msg to player 8888(seat:5) 
inquire/ 
5555 1980 2000 0 fold 
4444 1850 2000 0 fold 
7777 1239 2000 80 fold 
3333 1834 2000 40 fold 
2222 1940 2000 20 fold 
1111 2568 2000 0 fold 
6666 1819 2000 121 call 
8888 2388 2000 121 raise 
total pot: 382 
/inquire 
recv from player 8888: raise 401 


send inquire msg to player 6666(seat:6) 
inquire/ 
8888 1987 2000 522 raise 
5555 1980 2000 0 fold 
4444 1850 2000 0 fold 
7777 1239 2000 80 fold 
3333 1834 2000 40 fold 
2222 1940 2000 20 fold 
1111 2568 2000 0 fold 
6666 1819 2000 121 call 
total pot: 783 
/inquire 
recv from player 6666: call 

valid player: 8, all in player: 0, fold player: 6

----- send notify msg from 7 to 0(exclude) -----

player 1111(seat:7) doesn't need notify-msg
turn/ 
HEARTS 7 
/turn 

---turn round bet---
valid player: 8, all in player: 0, fold player: 6

send notify msg to player 2222(seat:0) 
notify/ 
1111 2568 2000 0 fold 
6666 1418 2000 522 call 
8888 1987 2000 522 raise 
5555 1980 2000 0 fold 
4444 1850 2000 0 fold 
7777 1239 2000 80 fold 
3333 1834 2000 40 fold 
2222 1940 2000 20 fold 
total pot: 1184 
/notify 

player 3333(seat:1) doesn't need notify-msg

send notify msg to player 7777(seat:2) 
notify/ 
3333 1834 2000 40 fold 
2222 1940 2000 20 fold 
1111 2568 2000 0 fold 
6666 1418 2000 522 call 
8888 1987 2000 522 raise 
5555 1980 2000 0 fold 
4444 1850 2000 0 fold 
7777 1239 2000 80 fold 
total pot: 1184 
/notify 

player 4444(seat:3) doesn't need notify-msg

player 5555(seat:4) doesn't need notify-msg

send inquire msg to player 8888(seat:5) 
inquire/ 
5555 1980 2000 0 fold 
4444 1850 2000 0 fold 
7777 1239 2000 80 fold 
3333 1834 2000 40 fold 
2222 1940 2000 20 fold 
1111 2568 2000 0 fold 
6666 1418 2000 522 call 
8888 1987 2000 522 raise 
total pot: 1184 
/inquire 
recv from player 8888: raise 60 


send inquire msg to player 6666(seat:6) 
inquire/ 
8888 1927 2000 582 raise 
5555 1980 2000 0 fold 
4444 1850 2000 0 fold 
7777 1239 2000 80 fold 
3333 1834 2000 40 fold 
2222 1940 2000 20 fold 
1111 2568 2000 0 fold 
6666 1418 2000 522 call 
total pot: 1244 
/inquire 
recv from player 6666: call 

valid player: 8, all in player: 0, fold player: 6

----- send notify msg from 7 to 0(exclude) -----

player 1111(seat:7) doesn't need notify-msg
river/ 
CLUBS 3 
/river 

---river round bet---
valid player: 8, all in player: 0, fold player: 6

send notify msg to player 2222(seat:0) 
notify/ 
1111 2568 2000 0 fold 
6666 1358 2000 582 call 
8888 1927 2000 582 raise 
5555 1980 2000 0 fold 
4444 1850 2000 0 fold 
7777 1239 2000 80 fold 
3333 1834 2000 40 fold 
2222 1940 2000 20 fold 
total pot: 1304 
/notify 

player 3333(seat:1) doesn't need notify-msg

send notify msg to player 7777(seat:2) 
notify/ 
3333 1834 2000 40 fold 
2222 1940 2000 20 fold 
1111 2568 2000 0 fold 
6666 1358 2000 582 call 
8888 1927 2000 582 raise 
5555 1980 2000 0 fold 
4444 1850 2000 0 fold 
7777 1239 2000 80 fold 
total pot: 1304 
/notify 

player 4444(seat:3) doesn't need notify-msg

player 5555(seat:4) doesn't need notify-msg

send inquire msg to player 8888(seat:5) 
inquire/ 
5555 1980 2000 0 fold 
4444 1850 2000 0 fold 
7777 1239 2000 80 fold 
3333 1834 2000 40 fold 
2222 1940 2000 20 fold 
1111 2568 2000 0 fold 
6666 1358 2000 582 call 
8888 1927 2000 582 raise 
total pot: 1304 
/inquire 
recv from player 8888: raise 652 


send inquire msg to player 6666(seat:6) 
inquire/ 
8888 1275 2000 1234 raise 
5555 1980 2000 0 fold 
4444 1850 2000 0 fold 
7777 1239 2000 80 fold 
3333 1834 2000 40 fold 
2222 1940 2000 20 fold 
1111 2568 2000 0 fold 
6666 1358 2000 582 call 
total pot: 1956 
/inquire 
recv from player 6666: call 

valid player: 8, all in player: 0, fold player: 6

----- send notify msg from 7 to 6(exclude) -----

player 1111(seat:7) doesn't need notify-msg

send notify msg to player 2222(seat:0) 
notify/ 
1111 2568 2000 0 fold 
6666 706 2000 1234 call 
8888 1275 2000 1234 raise 
5555 1980 2000 0 fold 
4444 1850 2000 0 fold 
7777 1239 2000 80 fold 
3333 1834 2000 40 fold 
2222 1940 2000 20 fold 
total pot: 2608 
/notify 

player 3333(seat:1) doesn't need notify-msg

send notify msg to player 7777(seat:2) 
notify/ 
3333 1834 2000 40 fold 
2222 1940 2000 20 fold 
1111 2568 2000 0 fold 
6666 706 2000 1234 call 
8888 1275 2000 1234 raise 
5555 1980 2000 0 fold 
4444 1850 2000 0 fold 
7777 1239 2000 80 fold 
total pot: 2608 
/notify 

player 4444(seat:3) doesn't need notify-msg

player 5555(seat:4) doesn't need notify-msg

send notify msg to player 8888(seat:5) 
notify/ 
5555 1980 2000 0 fold 
4444 1850 2000 0 fold 
7777 1239 2000 80 fold 
3333 1834 2000 40 fold 
2222 1940 2000 20 fold 
1111 2568 2000 0 fold 
6666 706 2000 1234 call 
8888 1275 2000 1234 raise 
total pot: 2608 
/notify 

---show down---
showdown/ 
common/ 
DIAMONDS Q 
HEARTS 9 
SPADES Q 
HEARTS 7 
CLUBS 3 
/common 
1: 8888 DIAMONDS 9 HEARTS Q FULL_HOUSE 
2: 6666 SPADES K HEARTS K TWO_PAIR 
/showdown 

---Allocate pot---
pot-win/ 
8888: 2608 
/pot-win 
it is player 2222's turn to be button

-----6 Hand-----

----- clean player data in socket -----
seat/ 
button: 2222 1940 2000 
small blind: 3333 1834 2000 
big blind: 7777 1239 2000 
4444 1850 2000 
5555 1980 2000 
8888 3883 2000 
6666 706 2000 
1111 2568 2000 
/seat 
blind/ 
3333: 20 
7777: 40 
/blind 
player 3333:hold/ 
DIAMONDS 7 
SPADES A 
/hold 
player 7777:hold/ 
SPADES 4 
DIAMONDS 10 
/hold 
player 4444:hold/ 
DIAMONDS 4 
HEARTS 8 
/hold 
player 5555:hold/ 
CLUBS K 
CLUBS 8 
/hold 
player 8888:hold/ 
CLUBS A 
HEARTS 10 
/hold 
player 6666:hold/ 
CLUBS 5 
HEARTS Q 
/hold 
player 1111:hold/ 
CLUBS 6 
DIAMONDS 9 
/hold 
player 2222:hold/ 
HEARTS 5 
HEARTS J 
/hold 

---pre flop round bet---
valid player: 8, all in player: 0, fold player: 0

send inquire msg to player 4444(seat:2) 
inquire/ 
7777 1199 2000 40 blind 
3333 1814 2000 20 blind 
total pot: 60 
/inquire 
recv from player 4444: fold


send inquire msg to player 5555(seat:3) 
inquire/ 
4444 1850 2000 0 fold 
7777 1199 2000 40 blind 
3333 1814 2000 20 blind 
total pot: 60 
/inquire 
recv from player 5555: fold


